episode,length,time,reward,delta
0,121.0,0.008043839140555065,-22.099999999999973,-9.9998729152394
1,155.0,0.013357806051317311,-25.49999999999996,-10.000694473492826
2,50.0,0.0039174259081846685,-14.999999999999998,-10.00046818737607
3,59.0,0.004868733047260321,-15.899999999999995,-9.950180044719879
4,84.0,0.005335300210390415,-18.399999999999984,-10.000504519246324
5,24.0,0.0019899227809219155,-12.4,-9.942634232595063
6,57.0,0.0037866606826355564,-15.699999999999996,-10.000131793394786
7,38.0,0.004455499132745899,-13.800000000000002,-10.000744412001266
8,46.0,0.006817964534093335,-14.6,-10.000718022663586
9,26.0,0.0033145626630357583,-12.600000000000001,-10.000807742749451
10,84.0,0.007784679056385357,-18.399999999999984,-10.000536484412377
11,15.0,0.0017979230842684046,-11.5,-5.000234093688034
12,46.0,0.0029281929037097143,-14.6,-10.00003873880685
13,20.0,0.00228779885401309,-12.0,-4.971317116297531
14,33.0,0.002119502823006769,-13.3,-9.890730879568418
15,28.0,0.0018097749180014944,-12.8,-9.950329290542049
16,35.0,0.0022281446272245375,-13.500000000000002,-10.000549808923106
17,25.0,0.001616985098735313,-12.5,-10.000829842726121
18,45.0,0.003085822284447204,-14.5,-5.0004038713747265
19,69.0,0.009853218996795476,-16.89999999999999,-10.000308072632238
20,88.0,0.010566699352239084,-18.799999999999983,-10.000436406734973
21,19.0,0.0015525901389992214,-11.9,-10.000375965861869
22,64.0,0.004853325663134456,-16.39999999999999,-10.000113915831879
23,60.0,0.003922956763744878,-15.999999999999995,-5.000268242206189
24,46.0,0.0031174271725831204,-14.6,-9.950083133318575
25,73.0,0.00572404033755447,-17.29999999999999,-9.950305129273698
26,20.0,0.0013380719592532841,-12.0,-9.913721879082727
27,139.0,0.009499639309069607,-23.899999999999967,-10.000064203302689
28,74.0,0.0046751531062909635,-17.39999999999999,-9.950169414597488
29,32.0,0.0022170829161041183,-13.200000000000001,-10.000711722042352
30,113.0,0.010725513915531337,-21.299999999999976,-9.999956526497737
31,27.0,0.002985081702718162,-12.700000000000001,-2.500201935687363
32,54.0,0.005680188554833876,-15.399999999999997,-10.000625993274415
33,158.0,0.011570154555556655,-25.79999999999996,-9.999942308875166
34,57.0,0.0037368829835031647,-15.699999999999996,-5.000218203367486
35,44.0,0.005408386515227903,-14.4,-10.000575406414097
36,80.0,0.01130506855497515,-17.999999999999986,-9.999800079176287
37,40.0,0.006540631639836647,-14.000000000000002,-10.000283832252023
38,45.0,0.005662015743837401,-14.5,-9.863414612396458
39,53.0,0.006354952920446522,-15.299999999999997,-9.949936120966106
40,23.0,0.002942810164313414,-12.3,-5.000359011331794
41,122.0,0.018018341897004575,-22.199999999999974,-9.87688492395339
42,14.0,0.003763747139601037,-11.4,-9.874646038907791
43,64.0,0.01001005825582979,-16.39999999999999,-9.917583119701149
44,219.0,0.0280856840126944,-31.90000000000004,-9.942590898569897
45,94.0,0.0068815693721262505,-19.399999999999984,-10.000600248729986
46,77.0,0.005746558819737402,-17.69999999999999,-10.000007724255344
47,15.0,0.0013586151371782762,-11.5,-9.858769921869248
48,211.0,0.015917406944936374,-31.10000000000003,-9.999837385287314
49,129.0,0.012365017497359077,-22.89999999999997,-10.000486489491424
50,46.0,0.004340141289503663,-14.6,-10.000008095585804
51,175.0,0.02509507145441603,-16.49999999999998,0.9996276091322218
52,48.0,0.006489668757239997,-14.799999999999999,-5.000274904461553
53,80.0,0.007806012356013525,-17.999999999999986,-9.858526815564705
54,68.0,0.006829026245213754,-16.79999999999999,-9.878986305830363
55,27.0,0.0032071060422822484,-12.700000000000001,-9.861084679201653
56,84.0,0.011735685158782871,-18.399999999999984,-10.000211941939263
57,203.0,0.020218437185576477,-30.30000000000002,-10.00028372965791
58,57.0,0.004087697243448929,-15.699999999999996,-9.999896888396854
59,68.0,0.0048371281582149095,-16.79999999999999,-10.000723344205497
60,26.0,0.002030614075010817,-12.600000000000001,-10.000013326705854
61,41.0,0.0029471558364093653,-14.100000000000001,-2.5001091016837425
62,99.0,0.009952379334208672,-19.89999999999998,-9.886281819598322
63,46.0,0.0033232540081371553,-14.6,-9.908740124500165
64,68.0,0.0048509552971154335,-16.79999999999999,-9.885737966482358
65,94.0,0.006945964332771837,-19.399999999999984,-9.865576787229925
66,54.0,0.003874364248076745,-15.399999999999997,-5.000065896697393
67,64.0,0.004619844551598362,-16.39999999999999,-9.999989712227633
68,262.0,0.019739623127861705,-36.2000000000001,-9.864278056435618
69,306.0,0.021974483793201216,-40.600000000000165,-10.000561814657036
70,32.0,0.0023952554738571052,-13.200000000000001,-5.000414921363061
71,271.0,0.035653079461553716,-37.100000000000115,-10.000623267713907
72,35.0,0.00388621608090034,-13.500000000000002,-10.00020510008455
73,42.0,0.004634461812202062,-14.200000000000001,-10.000251217577942
74,167.0,0.01318239892134443,-26.699999999999967,-9.909520621023798
75,62.0,0.0040244874680865905,-16.199999999999996,-9.999757252931483
76,52.0,0.004376881972348201,-15.199999999999998,-9.861960026697455
77,80.0,0.008163542654983758,-17.999999999999986,-9.942695704827665
78,57.0,0.0038731790646124864,-15.699999999999996,-7.433486831412345
79,241.0,0.01838653884624364,-23.100000000000072,0.9998795977479646
80,140.0,0.011296377210783248,-23.999999999999964,-10.000065307854829
81,58.0,0.003780734766223759,-15.799999999999995,-10.000167906709086
82,74.0,0.005549423329284764,-17.39999999999999,-10.000118519480521
83,122.0,0.012675930586738104,-22.199999999999974,-9.92516882356212
84,108.0,0.011075538053773926,-20.799999999999976,-9.870653431624719
85,63.0,0.0067318412138774875,-16.299999999999994,-9.906237266889862
86,83.0,0.009253516241187754,-18.299999999999986,-10.00054294200928
87,69.0,0.006338360353765893,-16.89999999999999,-9.858720374403813
88,90.0,0.005855595684806758,-7.999999999999984,0.4998138045661109
89,18.0,0.0012412819896781002,-11.8,-10.00004964931099
90,9.0,0.0006589619215446874,-10.9,-9.856894357814795
91,66.0,0.006544187189319928,-16.599999999999994,-5.000003862127672
92,148.0,0.01676125746416801,-24.79999999999996,-9.871123611724105
93,211.0,0.02149724997980229,-20.10000000000003,0.5625286582357127
94,37.0,0.003867648209052277,-13.700000000000003,-9.912538853223
95,92.0,0.009102602899474732,-19.19999999999998,-9.942480576316095
96,128.0,0.011211044012270577,-22.79999999999997,-10.000374591884997
97,108.0,0.007002063008258119,-20.799999999999976,-10.00059318226301
98,16.0,0.0011085414580520592,-11.6,-4.975090022359939
99,57.0,0.003808784104876395,-15.699999999999996,-9.950210626700065
100,79.0,0.005101819097944826,-17.899999999999988,-9.942683936876506
101,76.0,0.004916140379464196,-17.599999999999987,-10.000175390291302
102,30.0,0.0031569332832077635,-13.000000000000002,-9.860613425148657
103,40.0,0.004156042815338878,-14.000000000000002,-9.8582663055081
104,66.0,0.006840483017185761,-16.599999999999994,-5.000105970969632
105,80.0,0.008134308133776358,-6.999999999999988,0.681351153507722
106,58.0,0.003836438381767948,-15.799999999999995,-5.000154036316118
107,80.0,0.005180041197490937,-17.999999999999986,-10.000508615429188
108,113.0,0.007413716680275684,-21.299999999999976,-9.912532275817343
109,37.0,0.0024438479895252385,-13.700000000000003,-9.857936893274513
110,28.0,0.0018631081675266614,-12.8,-1.2501009678436823
111,35.0,0.0023099222753444337,-13.500000000000002,-10.000571809264477
112,50.0,0.003589130130421836,-14.999999999999998,-9.90732963026919
113,114.0,0.007352087146500708,-21.399999999999977,-9.917579230566608
114,65.0,0.004341721533819509,-16.499999999999993,-9.999914555813403
115,94.0,0.006081965698285785,-19.399999999999984,-9.866504148684278
116,32.0,0.0021262188620312372,-13.200000000000001,-9.950181925293167
117,142.0,0.013431682477857976,-24.199999999999967,-10.000162535343575
118,21.0,0.0022123421831565793,-12.100000000000001,-9.861839553890396
119,343.0,0.022037693570382544,-44.30000000000022,-9.867650302963849
120,57.0,0.00360927824749524,-15.699999999999996,-9.857677162474884
121,47.0,0.003171945604663051,-14.7,-7.428433122324989
122,65.0,0.004085721938281495,-16.499999999999993,-9.87133860579092
123,75.0,0.004688980244281993,-17.49999999999999,-9.85695379889408
124,74.0,0.004769177648995537,-17.39999999999999,-9.863815818004676
125,42.0,0.0026654772691472317,-14.200000000000001,-4.9355618058620525
126,64.0,0.004031993628814234,-16.39999999999999,-4.928838581237441
127,109.0,0.007128087501769187,-20.899999999999977,-5.000347236746412
128,121.0,0.00779969137875014,-22.099999999999973,-9.897384747184626
129,166.0,0.01964125291306118,-26.599999999999966,-9.893645285882391
130,235.0,0.015754641770399758,-33.500000000000064,-9.901120420459872
131,88.0,0.005937768394687737,-18.799999999999983,-5.000102550042275
132,82.0,0.005653719460497086,-7.199999999999987,0.34067557675386095
133,123.0,0.00786882707143377,-11.299999999999972,0.17033778837693048
134,74.0,0.00472769623320346,-17.39999999999999,-2.4644192906187206
135,36.0,0.002306761786712741,-13.600000000000001,-9.949935959786751
136,95.0,0.005971348588900582,-8.499999999999982,0.08516889418846518
137,54.0,0.0035978214746137382,-15.399999999999997,-2.5000512750211374
138,41.0,0.002690761180019763,-14.100000000000001,-5.553513933509594
139,117.0,0.007905567753368814,-21.699999999999974,-4.954760310511899
140,61.0,0.0038399939321607235,-16.099999999999994,-9.999978935928562
141,46.0,0.0029021188711340073,-14.6,-9.857014200859723
142,99.0,0.007650753342204553,-19.89999999999998,-5.000059259740261
143,13.0,0.001036640336678829,-11.3,-2.500117046844017
144,30.0,0.0025058725841518026,-13.000000000000002,-9.869133648396028
145,112.0,0.008052135422985884,-21.199999999999974,-5.0003116338569535
146,138.0,0.008834751471113123,-12.799999999999967,0.04258444709423259
147,38.0,0.0026844402027563774,-13.800000000000002,-9.866150688272578
148,130.0,0.008802356460364535,-22.99999999999997,-10.000807377922833
149,100.0,0.01362210193019564,-19.99999999999998,-2.4773801552559496
150,92.0,0.01088709390751319,-19.19999999999998,-9.950214981212216
151,65.0,0.004311696889999439,-16.499999999999993,-4.999897834831668
152,43.0,0.0030443408686551265,-14.3,-9.864149123010314
153,122.0,0.008554653148166835,-22.199999999999974,-5.000032653927414
154,294.0,0.020518288563835085,-28.400000000000148,0.02129222354711624
155,55.0,0.003759796527447179,-15.499999999999996,-9.885136868940105
156,182.0,0.01380066954970971,-28.19999999999999,-9.999782916585135
157,88.0,0.005793966152850771,-18.799999999999983,-10.000185038948024
158,107.0,0.007401469785691006,-9.699999999999978,0.5456805216445685
159,62.0,0.004164734159530781,-16.199999999999996,-9.949984646756924
160,99.0,0.00719682813360123,-19.89999999999998,-9.999871375670255
161,115.0,0.007831691327737644,-21.499999999999975,-9.862652236615068
162,182.0,0.01293074499881186,-28.19999999999999,-8.657247934196338
163,17.0,0.0011346154915372608,-11.700000000000001,-2.776756966754797
164,23.0,0.0014913556678948225,-12.3,-1.250058523422009
165,168.0,0.011472969524220389,-15.799999999999969,0.2728402608222842
166,33.0,0.0022147125491756015,-13.3,-7.416059387197693
167,119.0,0.012067931546880573,-10.899999999999974,0.1364201304111421
168,65.0,0.00478142454267072,-16.499999999999993,-9.863659563613478
169,30.0,0.0022056261441321112,-13.000000000000002,-5.000019369403425
170,78.0,0.005116831420309609,-17.79999999999999,-1.388378483377398
171,148.0,0.010164132086174504,-24.79999999999996,-5.000081267671788
172,52.0,0.0032967849138003658,-15.199999999999998,-5.000300124364993
173,95.0,0.006134508824288787,-8.499999999999982,0.06821006520557105
174,62.0,0.003954166591029207,-5.199999999999994,0.03410503260278552
175,53.0,0.003593475802517787,-4.299999999999997,0.017052516301392817
176,94.0,0.01042171192693786,-8.399999999999983,0.008526258150696409
177,43.0,0.002730662351495994,-14.3,-5.000372206000633
178,111.0,0.007993271319719497,-10.099999999999977,0.004263129075348204
179,104.0,0.006473866313172039,-20.399999999999977,-9.85862284152412
180,111.0,0.007320877320125874,-21.099999999999977,-9.858115708917909
181,286.0,0.018021502385636268,-38.600000000000136,-2.5000096847017126
182,55.0,0.003490364854769723,-15.499999999999996,-8.638841958211984
183,80.0,0.0052602386012949864,-6.999999999999988,0.5263315783210268
184,121.0,0.007532630072091706,-22.099999999999973,-9.877206653221332
185,31.0,0.0020831572019233136,-13.100000000000001,-9.858596763238026
186,65.0,0.004140635432122508,-5.499999999999993,0.8330647113439049
187,117.0,0.007282161332113901,-21.699999999999974,-9.858115194570374
188,153.0,0.00966951558348228,-25.29999999999996,-9.917492790390257
189,96.0,0.0061277927861738135,-8.599999999999982,0.41653235567195246
190,84.0,0.005254312684883189,-7.399999999999986,0.8100433302316852
191,36.0,0.0022913544034963707,-13.600000000000001,-0.6250292617110045
192,108.0,0.006948334698790859,-9.799999999999978,0.4050216651158426
193,131.0,0.008186456198927772,-12.09999999999997,0.20251083255792124
194,167.0,0.01062674863896973,-15.699999999999967,0.10125541627896062
195,122.0,0.007816679006282357,-22.199999999999974,-5.000271471004639
196,108.0,0.0066939153484781855,-20.799999999999976,-2.5000329483486965
197,101.0,0.006369965242811304,-20.09999999999998,-9.917520130562684
198,25.0,0.0016106641214719275,-12.5,-4.9750415666592875
199,93.0,0.005752879797910282,-8.299999999999983,0.432997182042389
200,82.0,0.005245226278930204,-7.199999999999987,0.2164985910211945
201,29.0,0.0018623180440044962,-12.900000000000002,-1.2500048423508563
202,89.0,0.005547448023207835,-7.899999999999984,0.10824929551059725
203,118.0,0.007476926456547517,-10.799999999999974,0.05412464775529857
204,29.0,0.001878910610685125,-12.900000000000002,-8.625602434040651
205,391.0,0.02439818366747204,-38.100000000000286,0.027062323877649286
206,127.0,0.007896876410086406,-22.69999999999997,-6.178545028801503
207,67.0,0.0044554991318364046,-5.699999999999992,0.013531161938824643
208,125.0,0.00799090095279098,-22.49999999999997,-5.000141864828955
209,78.0,0.006127397725322226,-6.799999999999988,0.006765580969412266
210,96.0,0.0062040395787335,-8.599999999999982,0.003382790484706133
211,87.0,0.006310311016022752,-7.699999999999985,0.0016913952423530665
212,78.0,0.005181621440897288,-6.799999999999988,1.0500405800955044
213,91.0,0.00689263108324667,-19.099999999999984,-9.857680567634176
214,46.0,0.0030901679556336603,-14.6,-2.5001341211030947
215,85.0,0.006320187543678912,-7.499999999999986,0.0008456976211765888
216,64.0,0.00656473036724492,-5.399999999999993,0.0004228488105882944
217,157.0,0.015967974766681436,-14.69999999999996,0.5265709546867579
218,126.0,0.008180135220754892,-11.599999999999971,0.2632854773433789
219,82.0,0.005261423784759245,-7.199999999999987,0.1316427386716894
220,164.0,0.015644024661014555,-15.399999999999963,0.5250202900477521
221,7.0,0.0005507151790880016,-10.7,-2.4875450111799697
222,61.0,0.003968388790781319,-5.099999999999994,0.0658213693358447
223,61.0,0.003960487568292592,-5.099999999999994,0.6618442104512383
224,124.0,0.008083345250270213,-22.39999999999997,-5.000403688961417
225,110.0,0.007029322225207579,-9.999999999999977,0.33092210522561916
226,98.0,0.01025973687410442,-8.799999999999981,0.03291068466792235
227,82.0,0.008679097396452562,-7.199999999999987,0.016455342333961176
228,48.0,0.004677128411458398,-14.799999999999999,-9.85686094694074
229,104.0,0.009614602090550761,-9.399999999999979,0.16546105261280952
230,76.0,0.006031792937392311,-17.599999999999987,-3.7142165611624947
231,121.0,0.008067937867963337,-11.099999999999973,0.567768685038305
232,74.0,0.0049840908895930625,-6.39999999999999,0.5330818823926625
233,132.0,0.00880512188814464,-12.199999999999969,0.2838843425191525
234,88.0,0.006132138458269765,-18.799999999999983,-10.00015489811179
235,67.0,0.004419548571604537,-16.699999999999992,-2.4875207833296438
236,233.0,0.021201744273639633,-22.30000000000006,0.2665409411963313
237,170.0,0.012188820244773524,-15.999999999999972,0.1419421712595763
238,113.0,0.0073141612820109,-10.299999999999976,0.13327047059816566
239,49.0,0.0033378712678313605,-14.899999999999999,-4.999971154437582
240,71.0,0.004789720826011035,-6.099999999999991,0.06663523529908288
241,142.0,0.00921954098612332,-13.199999999999966,0.03331761764954144
242,96.0,0.009037812878887053,-8.599999999999982,0.016658808824770777
243,95.0,0.007423198146170762,-8.499999999999982,0.008329404412385388
244,103.0,0.007011544475972187,-9.29999999999998,0.07097108562978816
245,162.0,0.01584432064100838,-15.19999999999996,0.42315477458140793
246,137.0,0.009008578357679653,-12.699999999999967,0.004164702206192694
247,74.0,0.004927992212287791,-6.39999999999999,0.0020823511030962916
248,104.0,0.007548827577011252,-9.399999999999979,0.0010411755515481458
249,75.0,0.005316337278600258,-6.499999999999989,0.21157738729070397
250,45.0,0.0029933779851489817,-3.5,0.5375091651197039
251,49.0,0.0032556985588598764,-14.899999999999999,-4.999948444198426
252,59.0,0.00387159882029664,-4.899999999999995,0.26875458255985196
253,107.0,0.0076444323640316725,-9.699999999999978,0.10578869364535204
254,110.0,0.00774319764059328,-9.999999999999977,0.05289434682267602
255,47.0,0.005402460598816106,-3.6999999999999993,0.026447173411338065
256,65.0,0.005618163962026301,-5.499999999999993,0.4086845031104116
257,103.0,0.006618853737563768,-9.29999999999998,0.13437729127992593
258,51.0,0.00390715431967692,-15.099999999999998,-5.000087695145651
259,203.0,0.01875315555025736,-19.30000000000002,0.2043422515552058
260,106.0,0.0068092731899014325,-9.599999999999978,0.1021711257776029
261,112.0,0.007220136738396832,-10.199999999999976,0.051085562888801395
262,107.0,0.007210655271592259,-9.699999999999978,0.025542781444400697
263,130.0,0.013745360995017109,-22.99999999999997,-2.5000163269637063
264,50.0,0.0032687355760572245,-3.9999999999999982,0.5289976013622477
265,81.0,0.006405125680430501,-7.099999999999987,0.26449880068112386
266,79.0,0.007310605731618125,-6.899999999999988,0.559885005908472
267,81.0,0.005203744863138127,-7.099999999999987,0.27994250295423595
268,74.0,0.005150806675374042,-6.39999999999999,0.13997125147711797
269,140.0,0.008813023110633367,-12.999999999999966,0.13224940034056187
270,84.0,0.005265769456855196,-7.399999999999986,0.06998562573855893
271,84.0,0.005260633662146574,-7.399999999999986,0.4228345001167584
272,106.0,0.006978754404372012,-9.599999999999978,0.5657047150740115
273,97.0,0.006257767889110255,-8.699999999999982,0.28285235753700577
274,57.0,0.0037609817109114374,-4.699999999999996,0.14142617876850294
275,125.0,0.00804028359016229,-11.499999999999972,0.6900234136551954
276,132.0,0.00861667774097441,-12.199999999999969,0.34501170682759774
277,82.0,0.005294213855449925,-7.199999999999987,0.6167023950782772
278,45.0,0.003109525950094394,-14.5,-7.4019952436222685
279,25.0,0.0016343677880286123,-12.5,-7.416021727800205
280,57.0,0.0035990066580779967,-4.699999999999996,0.30835119753913864
281,89.0,0.005558114674386161,-7.899999999999984,0.6336624457413651
282,79.0,0.0049698686898409505,-6.899999999999988,0.15417559876956932
283,68.0,0.004264684619556647,-16.79999999999999,-5.0003129966372075
284,71.0,0.004599696434524958,-6.099999999999991,0.07708779938478472
285,71.0,0.004447992971108761,-6.099999999999991,0.03854389969239236
286,132.0,0.008391492911869136,-12.199999999999969,0.31683122287068255
287,66.0,0.004301820362343278,-5.5999999999999925,0.4126159391517543
288,105.0,0.00678596458510583,-9.499999999999979,0.20630796957587716
289,118.0,0.007583197892927274,-10.799999999999974,0.10315398478793858
290,116.0,0.007596234910124622,-10.599999999999975,0.5030593191846986
291,51.0,0.0034200439777123393,-4.099999999999998,0.05157699239396929
292,78.0,0.005069029026344651,-6.799999999999988,0.025788496196984645
293,103.0,0.0066662610706771375,-9.29999999999998,0.2515296595923493
294,50.0,0.003163649321322737,-3.9999999999999982,0.012894248098492378
295,58.0,0.003633376973994018,-4.799999999999995,0.006447124049246189
296,91.0,0.005865472212462919,-8.099999999999984,0.12576482979617465
297,59.0,0.0037048830345156603,-4.899999999999995,0.003223562024623039
298,41.0,0.002669032819540007,-3.1000000000000014,0.0016117810123115195
299,126.0,0.008009073763787455,-11.599999999999971,0.5251899475362085
300,107.0,0.00667495241486904,-9.699999999999978,0.26259497376810426
301,58.0,0.003672488023767073,-4.799999999999995,0.06288241489808732
302,68.0,0.004236240220052423,-5.799999999999992,0.13129748688405218
303,129.0,0.008091641534520022,-11.89999999999997,0.06564874344202609
304,80.0,0.004991597050320706,-6.999999999999988,0.032824371721013046
305,107.0,0.0067575201856016065,-9.699999999999978,0.016412185860506523
306,87.0,0.0054309049983203295,-7.699999999999985,0.03144120744904366
307,64.0,0.0040106603291860665,-5.399999999999993,0.008206092930253206
308,99.0,0.006146360658021877,-8.89999999999998,0.402756151954059
309,102.0,0.0063178171767503954,-9.19999999999998,0.2013780759770295
310,93.0,0.0059618671220960096,-8.299999999999983,0.1006890379885148
311,93.0,0.005809373536067142,-8.299999999999983,0.015720603724521887
312,58.0,0.0037835001940038637,-4.799999999999995,0.40519836796219644
313,47.0,0.0029795508471579524,-3.6999999999999993,0.0503445189942574
314,58.0,0.0036626114961109124,-4.799999999999995,0.025172259497128646
315,70.0,0.004646313645025657,-5.999999999999991,0.9116650610405361
316,85.0,0.0054609296421404,-18.499999999999986,-9.87240195939676
317,47.0,0.0030633038013547775,-3.6999999999999993,0.45583253052026795
318,44.0,0.0029838965192539035,-3.4000000000000004,0.22791626526013398
319,99.0,0.0061558421248264494,-19.89999999999998,-2.5001564983186038
320,74.0,0.004626955651474418,-17.39999999999999,-5.000187295942499
321,93.0,0.0059946571936961845,-8.299999999999983,0.11395813263006693
322,77.0,0.004806708453543251,-17.69999999999999,-5.000006663352927
323,74.0,0.004875844147136377,-6.39999999999999,0.056979066315033466
324,49.0,0.0032995503415804706,-3.8999999999999986,0.6554664884664523
325,13.0,0.0008778257733865757,-11.3,-8.014085248514686
326,17.0,0.001118022924856632,-11.700000000000001,-2.50020746068153
327,100.0,0.0063363850485984585,-19.99999999999998,-10.000199093310277
328,81.0,0.005070609270660498,-18.099999999999987,-9.935713916499669
329,62.0,0.00389530248594383,-16.199999999999996,-9.91239254118117
330,96.0,0.006044434892828576,-19.59999999999998,-4.956196270590585
331,53.0,0.00339989586154843,-4.299999999999997,0.32773324423322614
332,19.0,0.0012428622330844519,-11.9,-4.319420979105992
333,98.0,0.006277520944422577,-8.799999999999981,0.8301632439455577
334,44.0,0.002781625234092644,-3.4000000000000004,0.16386662211661307
335,101.0,0.006393668908458494,-9.09999999999998,0.669892226034033
336,49.0,0.003077130939345807,-14.899999999999999,-5.000254307714594
337,50.0,0.00314389626691991,-14.999999999999998,-9.866554751397329
338,52.0,0.003266365208219213,-15.199999999999998,-5.000125608788971
339,49.0,0.0030933284451748477,-3.8999999999999986,0.08193331105830648
340,125.0,0.007705271774284483,-22.49999999999997,-9.861474626936523
341,64.0,0.004110610788302438,-5.399999999999993,0.04096665552915324
342,123.0,0.007664185419343994,-22.299999999999972,-9.857813201553402
343,58.0,0.003973129523728858,-4.799999999999995,0.7128929083091742
344,86.0,0.005381522360039526,-18.599999999999987,-9.85868059321381
345,67.0,0.004198709414595214,-5.699999999999992,0.8107457602706623
346,47.0,0.003361969996149128,-3.6999999999999993,0.4053728801353311
347,70.0,0.005090362325972819,-5.999999999999991,0.6403656155619335
348,125.0,0.008094011901448539,-11.499999999999972,0.32018280778096675
349,73.0,0.004858856518694665,-6.29999999999999,0.16009140389048337
350,44.0,0.0028645880656767986,-14.4,-9.85776857018253
351,23.0,0.0015178247622316121,-12.3,-1.250103730340765
352,43.0,0.002725526556787372,-14.3,-0.6250518651703825
353,66.0,0.004142610738199437,-5.5999999999999925,0.08004570194524163
354,60.0,0.0038704136368323816,-15.999999999999995,-5.241017813830071
355,181.0,0.011175488511980802,-28.099999999999987,-6.179820113119437
356,112.0,0.0073374698868065025,-21.199999999999974,-2.500077018158059
357,107.0,0.006889470594614977,-9.699999999999978,0.040022850972620816
358,49.0,0.0032315998314516037,-3.8999999999999986,0.020011425486310408
359,73.0,0.004704387627498363,-6.29999999999999,0.8185951456628711
360,48.0,0.0031269086393876933,-14.799999999999999,-3.0892725144007525
361,37.0,0.0026714031855590292,-2.700000000000002,0.010005712743155204
362,106.0,0.0066658660098255496,-20.59999999999998,-7.428835898186581
363,83.0,0.005460534580379317,-7.2999999999999865,0.005002856371577602
364,128.0,0.008125616789584456,-22.79999999999997,-9.862076407535007
365,66.0,0.004221622958539228,-16.599999999999994,-6.18149521737991
366,106.0,0.006621224104492285,-20.59999999999998,-9.999893030842085
367,100.0,0.006220237084562541,-19.99999999999998,-9.864451642489112
368,28.0,0.001808194673685648,-12.8,-0.3125259325851921
369,63.0,0.003944290063373046,-16.299999999999994,-3.0907476086899557
370,63.0,0.003964833241298038,-5.299999999999994,0.002501428185788801
371,71.0,0.004571252035020734,-6.099999999999991,0.8912777504516314
372,49.0,0.0031032049728310085,-3.8999999999999986,0.001250714092894345
373,46.0,0.0029017238093729247,-3.5999999999999996,0.0006253570464471725
374,68.0,0.004376881972348201,-5.799999999999992,0.4456388752258157
375,140.0,0.008700035635229142,-12.999999999999966,0.00031267852322358625
376,73.0,0.0046937209781390266,-6.29999999999999,0.0001563392616117376
377,49.0,0.0031079457057785476,-3.8999999999999986,0.5449218062001169
378,75.0,0.004699646894550824,-6.499999999999989,0.5771887587667648
379,55.0,0.0035966362920589745,-4.4999999999999964,0.2885943793833823
380,62.0,0.003906364197064249,-5.199999999999994,0.14429718969169114
381,53.0,0.0033437971851526527,-4.299999999999997,0.07214859484584557
382,160.0,0.010057070527182077,-25.999999999999957,-1.2437725055899858
383,73.0,0.004575992768877768,-6.29999999999999,0.036074297422922785
384,49.0,0.00320315543194738,-3.8999999999999986,0.4001399820117506
385,73.0,0.004566906362924783,-6.29999999999999,0.2000699910058753
386,41.0,0.0026070082258229377,-3.1000000000000014,0.018037148711461448
387,76.0,0.0050686339654930634,-6.599999999999989,0.009018574355730724
388,43.0,0.0027259216185484547,-3.3000000000000007,0.1000349955029376
389,68.0,0.004267450046427257,-5.799999999999992,0.94378897194055
390,46.0,0.0030087853692748467,-3.5999999999999996,0.0500174977514688
391,60.0,0.0037752039106635493,-4.999999999999995,0.5311507439860037
392,59.0,0.0037167348673392553,-4.899999999999995,0.26557537199300185
393,80.0,0.005104189464873343,-6.999999999999988,0.13278768599650093
394,51.0,0.0032312047706000158,-4.099999999999998,0.06639384299825046
395,62.0,0.0039245370080607245,-5.199999999999994,0.025008748875734454
396,67.0,0.004348437572843977,-5.699999999999992,0.03319692149912523
397,53.0,0.003352093468492967,-4.299999999999997,0.012504374437867227
398,49.0,0.003085822284447204,-3.8999999999999986,0.4041530934440336
399,90.0,0.005719299603697436,-7.999999999999984,0.016598460749562616
400,74.0,0.0046127334508128115,-6.39999999999999,0.008299230374781308
401,55.0,0.0034563895997052896,-15.499999999999996,-9.856851286008263
402,50.0,0.003146266632938932,-3.9999999999999982,0.004149615187390654
403,44.0,0.002793477066916239,-3.4000000000000004,0.0020748075936953825
404,54.0,0.0033884390904859174,-4.399999999999997,0.2020765467220168
405,67.0,0.004218067408146453,-5.699999999999992,0.7209980558033976
406,34.0,0.002283058121065551,-2.4000000000000017,0.10103827336100846
407,76.0,0.004776288748871593,-6.599999999999989,0.36049902790169885
408,86.0,0.0053534730222963844,-7.599999999999985,0.18024951395084943
409,124.0,0.007715148301940644,-11.399999999999972,0.09012475697542466
410,53.0,0.003572537564650702,-4.299999999999997,0.05051913668050423
411,50.0,0.0067180140749769635,-3.9999999999999982,0.04506237848771233
412,54.0,0.003445327889494365,-4.399999999999997,0.02253118924385622
413,82.0,0.006417372575015179,-7.199999999999987,0.01126559462192811
414,61.0,0.003853030948448577,-5.099999999999994,0.025259568340252114
415,66.0,0.004131549026169523,-5.5999999999999925,0.012629784170126057
416,73.0,0.005038214259911911,-6.29999999999999,0.8049016435097448
417,73.0,0.004596931006744853,-6.29999999999999,0.40245082175487235
418,79.0,0.0051357943539187545,-6.899999999999988,0.5242923642583822
419,58.0,0.0036930312016920652,-4.799999999999995,0.26214618212919105
420,93.0,0.005797126642391959,-8.299999999999983,0.20122541087743617
421,52.0,0.0035290808427816955,-4.1999999999999975,0.5806199952750632
422,115.0,0.007149815862248943,-10.499999999999975,0.48528668094371386
423,50.0,0.003154562915369752,-3.9999999999999982,0.2903099976375316
424,36.0,0.0023798480915502296,-2.600000000000002,0.1451549988187658
425,49.0,0.0030945136277296115,-3.8999999999999986,0.07257749940938285
426,64.0,0.00431525243948272,-5.399999999999993,0.036288749704691425
427,36.0,0.002690761180019763,-2.600000000000002,0.018144374852345768
428,56.0,0.00471228884998709,-4.599999999999996,0.24264334047185687
429,55.0,0.003462315516117087,-4.4999999999999964,0.5272608469591238
430,54.0,0.0036598460683308076,-4.399999999999997,0.4789482574050803
431,45.0,0.0028645880665862933,-3.5,0.2636304234795619
432,45.0,0.003045130991267797,-3.5,0.23947412870254015
433,61.0,0.003846709970275697,-5.099999999999994,0.13181521173978095
434,51.0,0.003418068672544905,-4.099999999999998,0.06590760586989042
435,33.0,0.0027377734513720497,-2.3000000000000016,0.03295380293494521
436,82.0,0.005138164719937777,-7.199999999999987,0.5895087407759978
437,66.0,0.007000087703090685,-5.5999999999999925,0.2947543703879989
438,34.0,0.002259749516269949,-2.4000000000000017,0.016476901467472604
439,35.0,0.002439502318338782,-2.5000000000000018,0.008238450733736302
440,41.0,0.002859057210116589,-3.1000000000000014,0.40276666824019114
441,45.0,0.002959797791845631,-3.5,0.20138333412009557
442,72.0,0.0045234496419652714,-6.19999999999999,0.7732112422728484
443,55.0,0.003469031555141555,-4.4999999999999964,0.38660562113642416
444,35.0,0.0022313051158562303,-2.5000000000000018,0.5751483875534679
445,60.0,0.00381233965526917,-4.999999999999995,0.287574193776734
446,58.0,0.0037755989715151372,-4.799999999999995,0.143787096888367
447,40.0,0.002550514487666078,-3.0000000000000018,0.19330281056821208
448,59.0,0.0037392533504316816,-4.899999999999995,0.4629125851863958
449,75.0,0.004802757842298888,-6.499999999999989,0.0718935484441835
450,37.0,0.002346662958188972,-2.700000000000002,0.035946774222091804
451,54.0,0.0033750070124369813,-4.399999999999997,0.41177187337390664
452,31.0,0.001983996864510118,-2.1000000000000014,0.20588593668695332
453,44.0,0.0029763903585262597,-3.4000000000000004,0.1029429683434766
454,46.0,0.002898168259889644,-3.5999999999999996,0.0514714841717383
455,70.0,0.004416388082972844,-5.999999999999991,0.5355407675104151
456,53.0,0.0035156487647327594,-4.299999999999997,0.26777038375520756
457,43.0,0.002739353695687896,-3.3000000000000007,0.13388519187760384
458,40.0,0.002544983633015363,-3.0000000000000018,0.5505357619373055
459,55.0,0.0034587599666338065,-4.4999999999999964,0.06694259593880192
460,72.0,0.00461391863427707,-6.19999999999999,0.2752678809686526
461,39.0,0.002484144222762552,-2.900000000000002,0.03347129796940096
462,35.0,0.00223683597141644,-2.5000000000000018,0.01673564898470048
463,53.0,0.0033434021243010648,-4.299999999999997,0.1376339404843263
464,44.0,0.002966908891721687,-3.4000000000000004,0.4055282576717544
465,63.0,0.003964438179536955,-5.299999999999994,0.06881697024216316
466,53.0,0.003351698407641379,-4.299999999999997,0.20276412883587724
467,25.0,0.0018488859668650548,-12.5,-0.625002421175429
468,52.0,0.0032995503415804706,-4.1999999999999975,0.03440848512108152
469,57.0,0.003595846169446304,-4.699999999999996,0.10138206441793862
470,61.0,0.003829327281891892,-5.099999999999994,0.01720424256054076
471,55.0,0.003530266026245954,-4.4999999999999964,0.00860212128027038
472,59.0,0.003708043523147353,-4.899999999999995,0.004301060640135246
473,42.0,0.0026654772691472317,-3.200000000000001,0.5241107098859823
474,45.0,0.0030210322629500297,-3.5,0.5704251524646711
475,47.0,0.0031103160727070644,-3.6999999999999993,0.2852125762323354
476,54.0,0.0034417723391015898,-4.399999999999997,0.49278325902723585
477,40.0,0.002559600893619063,-3.0000000000000018,0.24639162951361793
478,22.0,0.001478713712458557,-12.200000000000001,-0.31251463085550135
479,33.0,0.0021202929456194397,-2.3000000000000016,0.05069103220896931
480,15.0,0.0010050354485429125,-11.5,-5.275540049080503
481,50.0,0.003209871470971848,-3.9999999999999982,0.48016645134365254
482,39.0,0.0026935266077998676,-2.900000000000002,0.025345516104484656
483,48.0,0.003055007518014463,-3.799999999999999,0.012672758052242328
484,39.0,0.0024892800174711738,-2.900000000000002,0.006336379026121164
485,33.0,0.0021159472735234885,-2.3000000000000016,0.0031681895130606375
486,57.0,0.0036661670465036877,-4.699999999999996,0.0015840947565303187
487,37.0,0.0023616752805537544,-2.700000000000002,0.24008322567182627
488,39.0,0.0024722923890294624,-2.900000000000002,0.12004161283591319
489,33.0,0.002097774463436508,-2.3000000000000016,0.060020806417956596
490,49.0,0.0031762912767590024,-3.8999999999999986,0.0007920473782652149
491,84.0,0.005230213957474916,-7.399999999999986,0.030010403208978298
492,38.0,0.0024138233457051683,-2.800000000000002,0.015005201604489149
493,51.0,0.0032209331811827724,-4.099999999999998,0.007502600802244519
494,48.0,0.0030609334344262606,-3.799999999999999,0.0037513004011222595
495,99.0,0.006175200118377688,-8.89999999999998,0.00039602368913260744
496,66.0,0.004248882174579194,-5.5999999999999925,0.0018756502005611297
497,58.0,0.003642858440798591,-4.799999999999995,0.00019801184456635923
498,50.0,0.003141130839139805,-3.9999999999999982,0.0009378251002805094
499,48.0,0.003039205073946505,-3.799999999999999,0.0004689125501402547
500,55.0,0.0034895747321570525,-4.4999999999999964,0.00023445627507001632
501,50.0,0.0031506123050348833,-3.9999999999999982,0.00011722813753500816
502,34.0,0.002161774361411517,-2.4000000000000017,5.861406876750408e-05
503,43.0,0.0027073537467003916,-3.3000000000000007,2.930703438375204e-05
504,46.0,0.002937674370514287,-3.5999999999999996,1.465351719187602e-05
505,49.0,0.0030885877122273087,-3.8999999999999986,7.326758595826988e-06
506,35.0,0.0022277495663729496,-2.5000000000000018,9.900592228317961e-05
507,52.0,0.0033773773784560035,-4.1999999999999975,3.663379297913494e-06
508,44.0,0.0027895264565813704,-3.4000000000000004,1.8316896488457246e-06
509,47.0,0.0029700693812628742,-3.6999999999999993,9.158448244228623e-07
510,49.0,0.0030992543615866452,-3.8999999999999986,0.5201412595460564
511,42.0,0.0027381685122236377,-3.200000000000001,0.2600706297730282
512,45.0,0.00283969921656535,-3.5,4.950296114158981e-05
513,40.0,0.0025351071053592023,-3.0000000000000018,0.1300353148865141
514,41.0,0.0025947613321477547,-3.1000000000000014,0.4423506490898439
515,43.0,0.002973229869894567,-3.3000000000000007,0.22117532454492195
516,32.0,0.0021191077621551813,-2.2000000000000015,0.11058766227246097
517,31.0,0.002051552313787397,-2.1000000000000014,0.05529383113623054
518,41.0,0.0026820698358278605,-3.1000000000000014,0.02764691556811527
519,38.0,0.002562366320489673,-2.800000000000002,0.013823457784057691
520,39.0,0.0024952059338829713,-2.900000000000002,0.0069117288920288456
521,41.0,0.002604242798042833,-3.1000000000000014,2.4751480570905926e-05
522,32.0,0.00204918194685888,-2.2000000000000015,0.0034558644460144228
523,22.0,0.0014364421749633038,-12.200000000000001,-2.500173618373206
524,48.0,0.003204735677172721,-3.799999999999999,0.001727932223007267
525,35.0,0.002248292743388447,-2.5000000000000018,0.0008639661115036334
526,39.0,0.0024742676951063913,-2.900000000000002,0.0004319830557517612
527,49.0,0.0030933284451748477,-3.8999999999999986,0.0002159915278758806
528,43.0,0.0028317979949861183,-3.3000000000000007,0.00010799576393782928
529,49.0,0.0030893778339304845,-3.8999999999999986,5.399788196891464e-05
530,14.0,0.0009370849384140456,-11.4,-9.241534520770484
531,50.0,0.0031427110834556515,-3.9999999999999982,2.699894098445732e-05
532,39.0,0.0026575760466585052,-2.900000000000002,1.3499470492117638e-05
533,43.0,0.002715254969189118,-3.3000000000000007,6.749735246058819e-06
534,38.0,0.0024043418789005955,-2.800000000000002,1.2375740285452963e-05
535,42.0,0.0026915513026324334,-3.200000000000001,6.1878701427264815e-06
536,60.0,0.0038960926085565006,-4.999999999999995,3.3748676231404318e-06
537,46.0,0.002966118770018511,-3.5999999999999996,1.6874338115702159e-06
538,67.0,0.004187647703474795,-5.699999999999992,0.5318577414552401
539,42.0,0.002750810468569398,-3.200000000000001,0.26592887072762006
540,33.0,0.0021044905015514814,-2.3000000000000016,0.13296443536380997
541,54.0,0.003413327938687871,-4.399999999999997,0.5436002249166046
542,30.0,0.001920787088238285,-2.0000000000000013,0.5767592448496233
543,30.0,0.0019219722707930487,-2.0000000000000013,0.06648221768190499
544,40.0,0.0025619712605475797,-3.0000000000000018,0.28837962242481163
545,34.0,0.002175206439460453,-2.4000000000000017,0.14418981121240582
546,41.0,0.0025987119424826233,-3.1000000000000014,0.42169589249834594
547,52.0,0.0032659701482771197,-4.1999999999999975,0.5371403368136892
548,45.0,0.002859847331819765,-3.5,0.07209490560620291
549,44.0,0.0027725388290491537,-3.4000000000000004,0.5474012775033061
550,41.0,0.0025904156600518036,-3.1000000000000014,0.27370063875165307
551,32.0,0.0020385152974995435,-2.2000000000000015,0.26857016840684467
552,37.0,0.002657971108419588,-2.700000000000002,0.1368503193758266
553,24.0,0.0016778245089881239,-12.4,-9.554313539413947
554,29.0,0.0020337745636425097,-1.9000000000000012,0.13428508420342233
555,33.0,0.002800983227643883,-2.3000000000000016,0.0684251596879133
556,39.0,0.002587255170510616,-2.900000000000002,0.06714254210171111
557,41.0,0.002765032667412015,-3.1000000000000014,0.5408165203953369
558,35.0,0.0025015269111463567,-2.5000000000000018,0.2704082601976685
559,42.0,0.003006019941494742,-3.200000000000001,0.13520413009883425
560,37.0,0.002701032769437006,-2.700000000000002,0.06760206504941713
561,29.0,0.0021202929456194397,-1.9000000000000012,0.03380103252470856
562,45.0,0.00323318007576745,-3.5,0.016900516262354337
563,31.0,0.0021597990562440827,-2.1000000000000014,0.008450258131177169
564,45.0,0.0028416745217327843,-3.5,0.004225129065588584
565,56.0,0.0035381672487346805,-4.599999999999996,0.002112564532794292
566,29.0,0.0018729846942733275,-1.9000000000000012,0.0010562822663970906
567,30.0,0.002030614075010817,-2.0000000000000013,0.0005281411331985453
568,43.0,0.002737378389610967,-3.3000000000000007,0.033571271050855556
569,12.0,0.0008197517909138696,-11.2,-2.6205089069150356
570,49.0,0.0030874025278535555,-3.8999999999999986,0.00026407056659927264
571,27.0,0.0017327380019196426,-1.700000000000001,0.016785635525427778
572,35.0,0.0022542186598002445,-2.5000000000000018,0.00013203528329963632
573,37.0,0.0023569345476062153,-2.700000000000002,6.601764164981816e-05
574,34.0,0.0021677002787328092,-2.4000000000000017,0.5201452729407241
575,36.0,0.0022909593426447827,-2.600000000000002,0.4055445032974908
576,29.0,0.0020242930977474316,-1.9000000000000012,0.26007263647036205
577,38.0,0.002570662604739482,-2.800000000000002,0.13003631823518103
578,47.0,0.0030585630684072385,-3.6999999999999993,0.06501815911759046
579,51.0,0.003205130737114814,-4.099999999999998,0.5396740104690284
580,32.0,0.002202070593739336,-2.2000000000000015,0.26983700523451426
581,30.0,0.001965824053513643,-2.0000000000000013,0.13491850261725713
582,33.0,0.0020981695233786013,-2.3000000000000016,0.06745925130862851
583,47.0,0.0029653286474058405,-3.6999999999999993,0.033729625654314255
584,37.0,0.002346267897337384,-2.700000000000002,0.016864812827157127
585,46.0,0.0029511064476537285,-3.5999999999999996,0.008432406413578564
586,42.0,0.002657576047568,-3.200000000000001,0.004216203206789282
587,39.0,0.002465971411766077,-2.900000000000002,0.5222852418842207
588,35.0,0.0022376260940291104,-2.5000000000000018,0.2611426209421104
589,56.0,0.0035895251921829185,-4.599999999999996,0.1305713104710552
590,41.0,0.0026046378598039155,-3.1000000000000014,0.20277225164874535
591,38.0,0.002414613468317839,-2.800000000000002,0.06528565523552765
592,31.0,0.0019741203368539573,-2.1000000000000014,0.5412854558274027
593,41.0,0.0026117489587704767,-3.1000000000000014,0.6688282396755311
594,52.0,0.0032833528357514297,-4.1999999999999975,0.3344141198377655
595,41.0,0.002596341576463601,-3.1000000000000014,0.16720705991888274
596,39.0,0.002569082359514141,-2.900000000000002,0.10138612582437267
597,37.0,0.0023474530808016425,-2.700000000000002,0.05069306291218634
598,41.0,0.0025947613321477547,-3.1000000000000014,0.08360352995944131
599,48.0,0.003028933485438756,-3.799999999999999,0.04180176497972066
600,35.0,0.002230119932391972,-2.5000000000000018,0.025346531456093224
601,41.0,0.002690366119168175,-3.1000000000000014,0.02090088248986033
602,37.0,0.002376687602009042,-2.700000000000002,0.01045044124493022
603,32.0,0.0020499720694715506,-2.2000000000000015,0.00522522062246511
604,45.0,0.0028317979940766236,-3.5,0.0026126103112324994
605,35.0,0.002252638415484398,-2.5000000000000018,0.5357942343116571
606,36.0,0.0022913544034963707,-2.600000000000002,0.8355086638835862
607,32.0,0.002059058474515041,-2.2000000000000015,0.012673265728046612
608,34.0,0.0021700706447518314,-2.4000000000000017,0.4177543319417931
609,35.0,0.002351403691136511,-2.5000000000000018,0.006336632864023306
610,45.0,0.00283337823839247,-14.5,-6.178721560900799
611,42.0,0.002648489641615015,-3.200000000000001,0.5358593296328096
612,39.0,0.002459255372741609,-2.900000000000002,0.003168316432011653
613,40.0,0.002760291934464476,-3.0000000000000018,0.5742434538823897
614,33.0,0.0021183176404520054,-2.3000000000000016,0.287121726941195
615,39.0,0.0024746627559579792,-2.900000000000002,0.1435608634705975
616,32.0,0.002047206641691446,-2.2000000000000015,0.4467464523796709
617,41.0,0.0025947613321477547,-3.1000000000000014,0.001584158216005882
618,49.0,0.0031036000336825964,-3.8999999999999986,0.6395997547014727
619,44.0,0.0027780696836998686,-3.4000000000000004,0.31979987735073634
620,36.0,0.002278317387208517,-2.600000000000002,0.000792079108002941
621,40.0,0.002524045394238783,-3.0000000000000018,0.15989993867536811
622,48.0,0.0030490816016026656,-3.799999999999999,0.07994996933768406
623,43.0,0.0027152549682796234,-3.3000000000000007,0.03997498466884197
624,39.0,0.002477823244589672,-2.900000000000002,0.019987492334420986
625,41.0,0.0025979218198699527,-3.1000000000000014,0.4065851067604136
626,41.0,0.0026239958533551544,-3.1000000000000014,0.2032925533802068
627,35.0,0.002234465604487923,-2.5000000000000018,0.1016462766901034
628,36.0,0.0022897741591805243,-2.600000000000002,0.0003960395540014705
629,41.0,0.002610563776215713,-3.1000000000000014,0.00019801977700062423
630,34.0,0.0021886385165998945,-2.4000000000000017,0.400153528179252
631,38.0,0.0024157986517820973,-2.800000000000002,0.0508231383450517
632,33.0,0.0021096262953506084,-2.3000000000000016,0.20007676408962594
633,44.0,0.0027784647454609512,-3.4000000000000004,0.4651141200808552
634,40.0,0.0026702180020947708,-3.0000000000000018,0.23255706004042764
635,55.0,0.003471006861218484,-4.4999999999999964,0.11627853002021382
636,35.0,0.002238811277493369,-2.5000000000000018,0.05813926501010691
637,30.0,0.0019417253261053702,-2.0000000000000013,0.029069632505053455
638,62.0,0.00403278375051741,-5.199999999999994,0.014534816252526728
639,31.0,0.0019871573540513054,-2.1000000000000014,0.404812987033798
640,35.0,0.0022309100550046423,-2.5000000000000018,0.02541156917252585
641,33.0,0.0021017250737713766,-2.3000000000000016,0.202406493516899
642,37.0,0.0024525393346266355,-2.700000000000002,0.1012032467584495
643,37.0,0.002352983936361852,-2.700000000000002,0.0506016233792248
644,45.0,0.002845230071216065,-3.5,0.0253008116896124
645,47.0,0.0029562422423623502,-3.6999999999999993,0.012650405844806256
646,57.0,0.0036720929629154853,-4.699999999999996,0.006325202922403128
647,43.0,0.0027223660681556794,-3.3000000000000007,0.0031626014612016196
648,55.0,0.003446118011197541,-4.4999999999999964,0.0015813007306008098
649,52.0,0.0032624145978843444,-4.1999999999999975,0.0007906503653003494
650,38.0,0.0024280455454572802,-2.800000000000002,0.0003953251826501747
651,38.0,0.0024134282848535804,-2.800000000000002,0.00019766259132514286
652,42.0,0.002659551352735434,-3.200000000000001,9.88312956624604e-05
653,48.0,0.003015106346538232,-3.799999999999999,4.94156478312302e-05
654,44.0,0.0028179708551760996,-3.4000000000000004,2.4707823915726124e-05
655,48.0,0.0030210322629500297,-3.799999999999999,1.2353911957863062e-05
656,45.0,0.0028341683610051405,-3.5,6.176955978931531e-06
657,40.0,0.002540637960009917,-3.0000000000000018,3.088477989354743e-06
658,42.0,0.0026796994688993436,-3.200000000000001,1.5442389946773716e-06
659,39.0,0.0024715022673262865,-2.900000000000002,0.5205356723059914
660,32.0,0.002040490602666978,-2.2000000000000015,0.012705784586262925
661,43.0,0.002716045090892294,-3.3000000000000007,0.26026783615299576
662,27.0,0.0017552564859215636,-1.700000000000001,0.13013391807649788
663,36.0,0.0022945148921280634,-2.600000000000002,0.06506695903824888
664,35.0,0.0022348606662490056,-2.5000000000000018,0.03253347951912444
665,38.0,0.0024252801176771754,-2.800000000000002,0.41066255259544215
666,39.0,0.002659946413587022,-2.900000000000002,0.20533127629772108
667,37.0,0.002352983936361852,-2.700000000000002,0.10266563814886054
668,44.0,0.0027681931569532026,-3.4000000000000004,0.006352892293131518
669,40.0,0.0025366873496750486,-3.0000000000000018,0.5486429502762922
670,41.0,0.002838118971340009,-3.1000000000000014,0.274321475138146
671,39.0,0.0024754528785706498,-2.900000000000002,0.003176446146565759
672,45.0,0.002844439949512889,-3.5,0.137160737569073
673,39.0,0.0024813787949824473,-2.900000000000002,0.06858036878453655
674,37.0,0.002772143768197566,-2.700000000000002,0.034290184392268275
675,51.0,0.0032367356261602254,-4.099999999999998,0.017145092196134137
676,45.0,0.002835353544469399,-3.5,0.5338572022131297
677,45.0,0.002840094277416938,-3.5,0.2669286011065648
678,38.0,0.0025323416775790974,-2.800000000000002,0.1334643005532824
679,37.0,0.002345872836485796,-2.700000000000002,0.06673215027664114
680,33.0,0.0021092312344990205,-2.3000000000000016,0.03336607513832057
681,35.0,0.0022328853601720766,-2.5000000000000018,0.01668303756916023
682,62.0,0.004024487467177096,-5.199999999999994,0.008341518784580115
683,53.0,0.003325624375065672,-4.299999999999997,0.004170759392290058
684,49.0,0.003064093923967448,-3.8999999999999986,0.0015882230732828795
685,36.0,0.002276342082041083,-2.600000000000002,0.5218993623895118
686,41.0,0.0029250324150780216,-3.1000000000000014,0.2609496811947559
687,46.0,0.003115846928267274,-3.5999999999999996,0.5971976066425093
688,29.0,0.0019172315387550043,-1.9000000000000012,0.29859880332125455
689,43.0,0.0027168352135049645,-3.3000000000000007,0.14929940166062727
690,38.0,0.0025671070552562014,-2.800000000000002,0.4006053442505437
691,33.0,0.002098564585139684,-2.3000000000000016,0.4486114772914307
692,30.0,0.0019160463543812511,-2.0000000000000013,0.5458879018714418
693,35.0,0.002223008832515916,-2.5000000000000018,0.6671172620800205
694,43.0,0.0029155509482734487,-3.3000000000000007,0.20030267212527186
695,12.0,0.0008323937463501352,-11.2,-8.319675565671028
696,37.0,0.0024391072565776994,-2.700000000000002,0.8462095434716408
697,40.0,0.0025588107710063923,-3.0000000000000018,0.4231047717358204
698,33.0,0.0021037003798483056,-2.3000000000000016,0.10015133606263593
699,38.0,0.0025722428490553284,-2.800000000000002,0.21155238586791025
700,32.0,0.0020535276189548313,-2.2000000000000015,0.4688436971587976
701,45.0,0.0028440448886613012,-3.5,0.23442184857939874
702,35.0,0.0022324902993204887,-2.5000000000000018,0.11721092428969937
703,52.0,0.0033856736627058126,-4.1999999999999975,0.05860546214484974
704,38.0,0.0024102677962218877,-2.800000000000002,0.02930273107242487
705,39.0,0.0024711072064746986,-2.900000000000002,0.01465136553621238
706,37.0,0.0023549592415292864,-2.700000000000002,0.00732568276810619
707,31.0,0.0020855275688518304,-2.1000000000000014,0.0036628413840531504
708,33.0,0.002107650990183174,-2.3000000000000016,0.0018314206920265752
709,46.0,0.002888686793994566,-3.5999999999999996,0.5530364088436024
710,39.0,0.0024553047614972456,-2.900000000000002,0.6789340022854642
711,31.0,0.0019780709480983205,-2.1000000000000014,0.3394670011427321
712,43.0,0.0027685882168952958,-3.3000000000000007,0.16973350057136605
713,32.0,0.0020531325571937487,-2.2000000000000015,0.08486675028568302
714,35.0,0.002229724871540384,-2.5000000000000018,0.04243337514284151
715,30.0,0.0019188117830708507,-2.0000000000000013,0.02121668757142081
716,44.0,0.0028744645933329593,-3.4000000000000004,0.5458358544208526
717,54.0,0.0033975254955294076,-4.399999999999997,0.5774858244385038
718,34.0,0.002164539789191622,-2.4000000000000017,0.28874291221925197
719,47.0,0.00296177309792256,-3.6999999999999993,0.4939306182229837
720,34.0,0.002545378693866951,-2.4000000000000017,0.24696530911149184
721,33.0,0.0032959947911876952,-2.3000000000000016,0.12348265455574592
722,33.0,0.0021578237501671538,-2.3000000000000016,0.06174132727787296
723,49.0,0.003090563017394743,-3.8999999999999986,0.030870663638936424
724,33.0,0.0023407370417771745,-2.3000000000000016,0.015435331819468212
725,40.0,0.002538267593990895,-3.0000000000000018,0.007717665909734106
726,40.0,0.0025232552725356072,-3.0000000000000018,0.0038588329548669975
727,53.0,0.003337871268740855,-4.299999999999997,0.0019294164774334988
728,43.0,0.00283337823839247,-3.3000000000000007,0.0009647082387167494
729,32.0,0.0020531325581032434,-13.200000000000001,-6.178545360979914
730,31.0,0.0019851820479743765,-2.1000000000000014,0.0004823541193583747
731,50.0,0.0031474518164031906,-3.9999999999999982,0.05007566803131791
732,43.0,0.0029550570588980918,-3.3000000000000007,0.00024117705967929837
733,37.0,0.0023494283859690768,-2.700000000000002,0.00012058852983964918
734,37.0,0.002344687652112043,-2.700000000000002,6.0294264919935614e-05
735,41.0,0.002584489743640006,-3.1000000000000014,0.5204663108569932
736,37.0,0.003622315262873599,-2.700000000000002,0.2602331554284967
737,35.0,0.005016485899432155,-2.5000000000000018,0.13011657771424834
738,40.0,0.002568292237810965,-3.0000000000000018,0.025037834015658955
739,35.0,0.002261724821437383,-2.5000000000000018,0.06505828885712417
740,36.0,0.0022905642808837,-2.600000000000002,0.012518917007829478
741,31.0,0.0019828116810458596,-2.1000000000000014,0.03252914442856203
742,53.0,0.003338661390444031,-4.299999999999997,0.016264572214281015
743,53.0,0.003490759915621311,-4.299999999999997,0.008132286107140452
744,34.0,0.0021771817446278874,-2.4000000000000017,0.004066143053570226
745,35.0,0.002241576704363979,-2.5000000000000018,0.006259458503914739
746,46.0,0.002907649726694217,-3.5999999999999996,0.7323799458811731
747,44.0,0.0028997485042054905,-3.4000000000000004,0.9925502517760728
748,50.0,0.003136785167043854,-3.9999999999999982,0.49627512588803646
749,55.0,0.003443747644269024,-4.4999999999999964,0.24813756294401823
750,33.0,0.0020946139738953207,-2.3000000000000016,0.12406878147200917
751,41.0,0.0026283415254511056,-3.1000000000000014,0.062034390736004585
752,53.0,0.003373821828972723,-4.299999999999997,0.031017195368002293
753,39.0,0.0024979713607535814,-2.900000000000002,0.015508597684001146
754,33.0,0.0021222682516963687,-2.3000000000000016,0.007754298842000518
755,37.0,0.0023826135184208397,-2.700000000000002,0.002033071526785113
756,38.0,0.002416588773485273,-2.800000000000002,0.003877149421000259
757,33.0,0.0021088361736474326,-2.3000000000000016,0.001938574710500074
758,51.0,0.003220933182092267,-4.099999999999998,0.000969287355250037
759,41.0,0.0027614771179287345,-3.1000000000000014,0.0010165357633925565
760,39.0,0.002556835465838958,-2.900000000000002,0.0004846436776250185
761,31.0,0.0020377251757963677,-2.1000000000000014,0.0005082678816963337
762,39.0,0.002548144120737561,-2.900000000000002,0.00025413394084816687
763,35.0,0.002569082359514141,-2.5000000000000018,0.00024232183881256475
764,46.0,0.0029044892371530295,-3.5999999999999996,0.00012116091940628237
765,47.0,0.0029680940751859453,-3.6999999999999993,6.058045970314119e-05
766,41.0,0.002599502065095294,-3.1000000000000014,0.00012706697042408344
767,35.0,0.0024999466659210157,-2.5000000000000018,3.029022985145957e-05
768,28.0,0.001799108267732663,-1.8000000000000012,0.4000990160764285
769,54.0,0.0033955501903619734,-4.399999999999997,0.40013046851711453
770,37.0,0.002341132103538257,-2.700000000000002,0.20006523425855727
771,41.0,0.0032019702484831214,-3.1000000000000014,0.10003261712927869
772,31.0,0.00199821906426223,-2.1000000000000014,0.050016308564639345
773,41.0,0.002608588470138784,-3.1000000000000014,0.025008154282319728
774,38.0,0.0024268603629025165,-2.800000000000002,0.40821682189348074
775,48.0,0.0032114517152876942,-3.799999999999999,0.2000495080382143
776,40.0,0.002542218205235258,-3.0000000000000018,0.6274754786652796
777,31.0,0.0019851820479743765,-2.1000000000000014,0.10002475401910715
778,40.0,0.002561971259638085,-3.0000000000000018,0.05001237700955352
779,34.0,0.0024138233457051683,-2.4000000000000017,0.3137377393326398
780,29.0,0.0019037994607060682,-1.9000000000000012,0.02500618850477676
781,31.0,0.001979256131562579,-2.1000000000000014,0.01250309425238838
782,35.0,0.0022257742602960207,-2.5000000000000018,0.006251547126194135
783,33.0,0.0021064658067189157,-2.3000000000000016,0.0031257735630970673
784,31.0,0.0020969843408238376,-2.1000000000000014,0.0015628867815484782
785,29.0,0.0019172315387550043,-1.9000000000000012,0.0007814433907742391
786,47.0,0.0029752051750620012,-3.6999999999999993,0.00039072169538711954
787,35.0,0.002233675482784747,-2.5000000000000018,0.0001953608476936708
788,35.0,0.002362860464018013,-2.5000000000000018,9.76804238468354e-05
789,39.0,0.0024718973281778744,-2.900000000000002,0.520176931171802
790,43.0,0.0027310574123475817,-3.3000000000000007,0.26008846558590104
791,41.0,0.002597526759018365,-3.1000000000000014,0.13004423279295052
792,42.0,0.0026516501311562024,-3.200000000000001,0.5020539370348347
793,35.0,0.002292934647812217,-2.5000000000000018,0.06502211639647526
794,33.0,0.0021021201355324592,-2.3000000000000016,0.25102696851741735
795,35.0,0.0022253791994444327,-2.5000000000000018,0.03251105819823763
796,43.0,0.0027203907620787504,-3.3000000000000007,0.01625552909911887
797,38.0,0.00258014407063456,-2.800000000000002,0.008127764549559435
798,38.0,0.0024063171849775244,-2.800000000000002,0.12551348425870867
799,35.0,0.0022206384664968937,-2.5000000000000018,0.004063882274779718
800,33.0,0.0020977744625270134,-2.3000000000000016,0.0020319411373899143
801,33.0,0.0021933792495474336,-2.3000000000000016,0.06275674212935434
802,42.0,0.002661526658812363,-3.200000000000001,0.6734044951651752
803,39.0,0.002484934344465728,-2.900000000000002,0.0010159705686949572
804,33.0,0.0021088361736474326,-2.3000000000000016,0.0005079852843474786
805,44.0,0.002778859806312539,-3.4000000000000004,0.3367022475825876
806,33.0,0.0021163423343750765,-2.3000000000000016,0.7204666045354844
807,41.0,0.0026212304255750496,-3.1000000000000014,0.1683511237912938
808,31.0,0.0019915030261472566,-13.100000000000001,-4.971240288158048
809,40.0,0.002533921920985449,-3.0000000000000018,0.69571130829126
810,37.0,0.002582514437563077,-2.700000000000002,0.7152453453124846
811,33.0,0.0021021201355324592,-2.3000000000000016,0.35762267265624237
812,35.0,0.0022186631604199647,-2.5000000000000018,0.3478556541456299
813,48.0,0.0030190569577825954,-3.799999999999999,0.17392782707281496
814,47.0,0.0033631551796133863,-3.6999999999999993,0.08696391353640753
815,31.0,0.0022514532320201397,-2.1000000000000014,0.17881133632812118
816,29.0,0.0018903673835666268,-1.9000000000000012,0.04348195676820377
817,38.0,0.002580539132395643,-2.800000000000002,0.021740978384101828
818,32.0,0.002175996561163629,-2.2000000000000015,0.08940566816406059
819,36.0,0.002423304812509741,-2.600000000000002,0.04470283408203035
820,27.0,0.0019097253771178657,-1.700000000000001,0.010870489192050914
821,45.0,0.0029349089427341823,-3.5,0.0054352445960255125
822,34.0,0.0022538235989486566,-2.4000000000000017,0.0027176222980127562
823,38.0,0.0024086875519060413,-2.800000000000002,0.0013588111490063781
824,41.0,0.0025916008426065673,-3.1000000000000014,0.0006794055745031891
825,33.0,0.002100539890307118,-2.3000000000000016,0.00033970278725159453
826,37.0,0.0023849838853493566,-2.700000000000002,0.022351417041015176
827,39.0,0.002489280016561679,-2.900000000000002,0.011175708520507532
828,45.0,0.002827847383741755,-3.5,0.0001698513936259083
829,38.0,0.0024090826127576292,-2.800000000000002,8.492569681295414e-05
830,37.0,0.002352983936361852,-2.700000000000002,4.246284840636605e-05
831,49.0,0.0030984642398834694,-3.8999999999999986,2.1231424203183025e-05
832,37.0,0.002349033325117489,-2.700000000000002,1.0615712101591512e-05
833,37.0,0.0023383666748486576,-2.700000000000002,5.307856050684734e-06
834,41.0,0.002573428031610092,-3.1000000000000014,0.005587854260253766
835,39.0,0.0024876997722458327,-2.900000000000002,0.0027939271301269386
836,49.0,0.003079106245422736,-3.8999999999999986,2.653928025342367e-06
837,41.0,0.002596341576463601,-3.1000000000000014,0.0013969635650634693
838,41.0,0.0025931810869224137,-3.1000000000000014,1.3269640126711835e-06
839,39.0,0.0024900701391743496,-2.900000000000002,0.0006984817825317347
840,39.0,0.002473082511642133,-2.900000000000002,0.5204938096415898
841,37.0,0.0023525888746007695,-2.700000000000002,0.26024690482079493
842,30.0,0.0019192068439224386,-2.0000000000000013,0.13012345241039747
843,37.0,0.002472687450790545,-2.700000000000002,0.5585150458582315
844,48.0,0.0030214273247111123,-3.799999999999999,6.634820062245694e-07
845,39.0,0.0024770331219770014,-2.900000000000002,0.27925752292911576
846,46.0,0.0028930324651810224,-3.5999999999999996,3.317410031122847e-07
847,41.0,0.002701822891140182,-3.1000000000000014,0.13962876146455794
848,41.0,0.002582119376711489,-3.1000000000000014,1.6587050155614236e-07
849,29.0,0.0018591575553728035,-1.9000000000000012,0.06981438073227897
850,47.0,0.0029515015085053165,-3.6999999999999993,0.03490719036613954
851,44.0,0.0032529331310797716,-3.4000000000000004,0.01745359518306977
852,43.0,0.0027243413742326084,-3.3000000000000007,8.293525066704888e-08
853,43.0,0.002722366069065174,-3.3000000000000007,0.5251477450952293
854,31.0,0.001988342537515564,-2.1000000000000014,0.663385789571249
855,45.0,0.0029333286975088413,-3.5,0.3316928947856246
856,46.0,0.0029096250318616512,-3.5999999999999996,0.40008919870568316
857,37.0,0.0023687863804298104,-2.700000000000002,0.1658464473928123
858,43.0,0.002720390762988245,-3.3000000000000007,0.08292322369640615
859,40.0,0.0026552056815489777,-3.0000000000000018,0.20004459935284158
860,36.0,0.00228779885401309,-2.600000000000002,0.4270392194530588
861,35.0,0.0022214285882000695,-2.5000000000000018,0.2135196097265294
862,35.0,0.0022356507879521814,-2.5000000000000018,0.10675980486326475
863,40.0,0.002537477472287719,-3.0000000000000018,0.053379902431632376
864,37.0,0.0023806382132534054,-2.700000000000002,0.026689951215816188
865,35.0,0.002236045849713264,-2.5000000000000018,0.013344975607908038
866,33.0,0.0021163423343750765,-2.3000000000000016,0.006672487803954019
867,12.0,0.0008209369743781281,-11.2,-1.3102544534575173
868,39.0,0.0025916008426065673,-2.900000000000002,0.10002229967642084
869,51.0,0.0032011801267799456,-4.099999999999998,0.003336243901977065
870,37.0,0.0023450827138731256,-2.700000000000002,0.0016681219509885326
871,41.0,0.002590020598290721,-3.1000000000000014,0.05001114983821042
872,43.0,0.0028535263545563794,-3.3000000000000007,0.0008340609754942108
873,31.0,0.0019922931478504324,-2.1000000000000014,0.025005574919105156
874,34.0,0.00217757680638897,-2.4000000000000017,0.4003602415687624
875,31.0,0.0019875524139933987,-2.1000000000000014,0.2001801207843812
876,29.0,0.0018591575553728035,-1.9000000000000012,0.1000900603921906
877,44.0,0.002879995448893169,-3.4000000000000004,0.0500450301960953
878,44.0,0.0027915017617488047,-3.4000000000000004,0.02502251509804765
879,46.0,0.0029052793597657,-3.5999999999999996,0.012511257549023824
880,39.0,0.0024738726333453087,-2.900000000000002,0.006255628774511912
881,34.0,0.002379057968937559,-2.4000000000000017,0.003127814387255956
882,35.0,0.0022399964600481326,-2.5000000000000018,0.5243463628568243
883,39.0,0.002481773855834035,-2.900000000000002,0.26217318142841217
884,38.0,0.0023988110242498806,-2.800000000000002,0.13108659071420603
885,37.0,0.002447008479066426,-2.700000000000002,0.06554329535710302
886,41.0,0.0025884403539748746,-3.1000000000000014,0.03277164767855156
887,45.0,0.00283969921656535,-3.5,0.01638582383927578
888,43.0,0.002719995702136657,-3.3000000000000007,0.00819291191963789
889,35.0,0.002322959291632287,-2.5000000000000018,0.00409645595981889
890,43.0,0.0027188105186723988,-3.3000000000000007,0.002048227979909445
891,47.0,0.002958612609290867,-3.6999999999999993,0.0010241139899547225
892,39.0,0.002473082511642133,-2.900000000000002,0.0005120569949773612
893,39.0,0.002643353847815888,-2.900000000000002,0.5382333833022516
894,50.0,0.003374216889824311,-3.9999999999999982,0.0002560284974886251
895,35.0,0.002276737142892671,-2.5000000000000018,0.26911669165112584
896,40.0,0.002517329355214315,-3.0000000000000018,0.13455834582556292
897,35.0,0.0024865145887815743,-2.5000000000000018,0.40017238101341057
898,32.0,0.0020641942692236626,-2.2000000000000015,0.06727917291278152
899,38.0,0.0024319961567016435,-2.800000000000002,0.03363958645639076
900,27.0,0.0017485404468970955,-1.700000000000001,0.01681979322819538
901,48.0,0.0030451309903583024,-3.799999999999999,0.008409896614097745
902,31.0,0.002047206641691446,-2.1000000000000014,0.20008619050670529
903,29.0,0.0018710093891058932,-1.9000000000000012,0.10004309525335264
904,40.0,0.0025370824105266365,-3.0000000000000018,0.0042049483070488725
905,33.0,0.0021112065405759495,-2.3000000000000016,0.0021024741535244917
906,37.0,0.002485329405317316,-2.700000000000002,0.05002154762667632
907,45.0,0.0028432547669581254,-3.5,0.02501077381333816
908,36.0,0.002286218608787749,-2.600000000000002,0.40821767324106173
909,43.0,0.002715650030040706,-3.3000000000000007,0.6367608132776622
910,33.0,0.0022099718162280624,-2.3000000000000016,0.0010512370767622459
911,33.0,0.002104885563312564,-2.3000000000000016,0.31838040663883116
912,43.0,0.00272315619076835,-3.3000000000000007,0.15919020331941558
913,39.0,0.0024738726342548034,-2.900000000000002,0.07959510165970785
914,41.0,0.002603847737191245,-3.1000000000000014,0.03979755082985392
915,31.0,0.0020156017535555293,-2.1000000000000014,0.019898775414926906
916,45.0,0.0028570819049491547,-3.5,0.4004308238016745
917,44.0,0.0027855758444275125,-3.4000000000000004,0.009949387707463453
918,38.0,0.0024201443238780485,-2.800000000000002,0.0049746938537317265
919,35.0,0.002250663110316964,-2.5000000000000018,0.0024873469268658077
920,31.0,0.001978861070710991,-2.1000000000000014,0.0012436734634329039
921,38.0,0.002411848040537734,-2.800000000000002,0.0006218367317164519
922,45.0,0.0028393041548042675,-3.5,0.0003109183658582815
923,39.0,0.002571847787294246,-2.900000000000002,0.00015545918292914074
924,50.0,0.0031411308382303105,-3.9999999999999982,7.772959146468139e-05
925,31.0,0.0019820215593426838,-2.1000000000000014,3.8864795732340696e-05
926,44.0,0.0027725388290491537,-3.4000000000000004,1.9432397866170348e-05
927,50.0,0.0033572292632015888,-3.9999999999999982,9.716198932974152e-06
928,39.0,0.0024742676951063913,-2.900000000000002,4.858099466487076e-06
929,44.0,0.0027843906618727488,-3.4000000000000004,2.42904973335456e-06
930,33.0,0.0021206880073805223,-2.3000000000000016,0.5201176915745956
931,35.0,0.002360490097089496,-2.5000000000000018,0.2600588457872979
932,43.0,0.002738958634836308,-3.3000000000000007,0.596833573043227
933,37.0,0.002354959242438781,-2.700000000000002,0.2984167865216135
934,43.0,0.002806909144965175,-3.3000000000000007,0.7231876795430401
935,29.0,0.0018706143273448106,-12.900000000000002,-2.4999855772187907
936,41.0,0.0026149094474021695,-3.1000000000000014,0.8129205306938163
937,34.0,0.002161379300559929,-2.4000000000000017,0.40646026534690816
938,45.0,0.0028404893391780206,-3.5,0.20323013267345402
939,44.0,0.0027851807835759246,-3.4000000000000004,0.20021541190083725
940,41.0,0.002625181036819413,-3.1000000000000014,0.10161506633672701
941,42.0,0.0026587612301227637,-3.200000000000001,0.050807533168363506
942,52.0,0.003267550392592966,-4.1999999999999975,0.025403766584181753
943,45.0,0.0029767854193778476,-3.5,0.012701883292090876
944,45.0,0.0028531312937047915,-3.5,0.10010770595041862
945,52.0,0.0033019207085089874,-4.1999999999999975,0.050053852975209256
946,44.0,0.0027808351114799734,-3.4000000000000004,0.9185250617154808
947,36.0,0.002557625587542134,-2.600000000000002,0.4592625308577404
948,33.0,0.002182317539336509,-2.3000000000000016,0.22963126542887013
949,34.0,0.0022328853601720766,-2.4000000000000017,0.11481563271443507
950,27.0,0.0017939724730240414,-1.700000000000001,0.05740781635721759
951,44.0,0.0029206867429820704,-3.4000000000000004,0.028703908178608795
952,31.0,0.002135305267984222,-2.1000000000000014,0.5652775873501639
953,47.0,0.003134809860966925,-3.6999999999999993,0.58380438764053
954,33.0,0.0021131818457433837,-2.3000000000000016,0.014351954089304453
955,41.0,0.0026002921867984696,-3.1000000000000014,0.29190219382026505
956,31.0,0.002017181996961881,-2.1000000000000014,0.007175977044652226
957,37.0,0.002357724669309391,-2.700000000000002,0.003587988522326113
958,45.0,0.0028432547669581254,-3.5,0.14595109691013253
959,37.0,0.0023502185085817473,-2.700000000000002,0.07297554845506626
960,41.0,0.00351643888734543,-3.1000000000000014,0.03648777422753313
961,37.0,0.002437922073113441,-2.700000000000002,0.018243887113766566
962,37.0,0.0024288356680699508,-2.700000000000002,0.5236102727360373
963,31.0,0.0020460214582271874,-2.1000000000000014,0.009121943556883227
964,55.0,0.0037210805394352064,-4.4999999999999964,0.004560971778441614
965,43.0,0.0028156004891570774,-3.3000000000000007,0.002280485889220807
966,34.0,0.002229724871540384,-2.4000000000000017,0.001140242944610348
967,37.0,0.0024221196290454827,-2.700000000000002,0.000570121472305174
968,37.0,0.002465971411766077,-2.700000000000002,0.5211130354574037
969,35.0,0.0023225642307806993,-2.5000000000000018,0.2605565177287019
970,39.0,0.002578168765467126,-2.900000000000002,0.2618051363680187
971,34.0,0.0022399964609576273,-2.4000000000000017,0.5974073869132532
972,41.0,0.0027784647445514565,-3.1000000000000014,0.2987036934566265
973,37.0,0.0023498234468206647,-2.700000000000002,0.13090256818400936
974,42.0,0.0026631069031282095,-3.200000000000001,0.06545128409200474
975,39.0,0.0024647862283018185,-2.900000000000002,0.6143096799488661
976,35.0,0.002345872836485796,-2.5000000000000018,0.03272564204600237
977,37.0,0.002352983936361852,-2.700000000000002,0.30715483997443305
978,41.0,0.0026243909142067423,-3.1000000000000014,0.6097108382834233
979,33.0,0.0021167373952266644,-2.3000000000000016,0.5982451941938394
980,39.0,0.0025868601096590282,-2.900000000000002,0.2991225970969197
981,15.0,0.0010070107546198415,-11.5,-2.6377700245402513
982,53.0,0.003329179924548953,-4.299999999999997,0.01636282102300113
983,43.0,0.0027128846022606012,-3.3000000000000007,0.1495612985484598
984,35.0,0.0022234038942769985,-2.5000000000000018,0.0747806492742299
985,29.0,0.002307551908415917,-1.9000000000000012,0.037390324637115
986,43.0,0.0027176253352081403,-3.3000000000000007,0.5421385858825063
987,41.0,0.002591600843516062,-3.1000000000000014,0.008181410511500564
988,30.0,0.0019196019047740265,-2.0000000000000013,0.27106929294125315
989,44.0,0.0029088349092489807,-3.4000000000000004,0.13553464647062663
990,39.0,0.002477033122886496,-2.900000000000002,0.06776732323531331
991,31.0,0.0019820215593426838,-2.1000000000000014,0.03388366161765666
992,41.0,0.002587255170510616,-3.1000000000000014,0.016941830808828273
993,40.0,0.002657971108419588,-3.0000000000000018,0.008470915404414137
994,37.0,0.002360490097089496,-2.700000000000002,0.004235457702207013
995,43.0,0.002725526556787372,-3.3000000000000007,0.0021177288511035064
996,38.0,0.0024173788960979437,-2.800000000000002,0.7496157832122963
997,45.0,0.0030316989123093663,-3.5,0.0010588644255518087
998,35.0,0.0023178234978331602,-2.5000000000000018,0.0005294322127759044
999,38.0,0.002498366422514664,-2.800000000000002,0.0002647161063880077
1000,41.0,0.0026982673407474067,-3.1000000000000014,0.00013235805319400384
1001,37.0,0.002444243051286321,-2.700000000000002,6.617902659700192e-05
1002,47.0,0.0030889827730788966,-3.6999999999999993,0.5281090498783715
1003,42.0,0.0027595018118518055,-3.200000000000001,0.2640545249391857
1004,33.0,0.0021949594947727746,-2.3000000000000016,0.13202726246959284
1005,37.0,0.0024308109741468797,-13.700000000000003,-9.781455144675581
1006,35.0,0.0023897246182968956,-2.5000000000000018,0.06601363123479642
1007,40.0,0.0026729834307843703,-3.0000000000000018,0.033006815617398155
1008,30.0,0.0019879474757544813,-2.0000000000000013,0.7233906136248209
1009,47.0,0.003056982824091392,-3.6999999999999993,0.36169530681241047
1010,35.0,0.0023304654532694258,-2.5000000000000018,0.18084765340620523
1011,36.0,0.00236799625781714,-2.600000000000002,0.016503407808699078
1012,41.0,0.0026864155079238117,-3.1000000000000014,0.008251703904349483
1013,35.0,0.002304786480635812,-2.5000000000000018,0.004125851952174742
1014,35.0,0.002311502520569775,-2.5000000000000018,0.002062925976087371
1015,36.0,0.0022984655042819213,-2.600000000000002,0.0010314629880436854
1016,42.0,0.0026662673917599022,-3.200000000000001,0.8997243004679198
1017,37.0,0.002354169118916616,-2.700000000000002,0.4498621502339599
1018,29.0,0.001972540092538111,-1.9000000000000012,0.22493107511697996
1019,35.0,0.002245922377369425,-2.5000000000000018,0.11246553755848998
1020,39.0,0.0024876997722458327,-2.900000000000002,0.09042382670310256
1021,42.0,0.002673773552487546,-3.200000000000001,0.04521191335155128
1022,33.0,0.0021116016014275374,-2.3000000000000016,0.022605956675775696
1023,67.0,0.004256388335306838,-5.699999999999992,0.5581478028136323
1024,42.0,0.0026702180030042655,-3.200000000000001,0.2790739014068162
1025,54.0,0.003399500800696842,-4.399999999999997,0.011302978337887848
1026,39.0,0.0025971316990762716,-2.900000000000002,0.0056514891689438684
1027,35.0,0.0022281446272245375,-2.5000000000000018,0.0028257445844719342
1028,55.0,0.0034733772272375063,-4.4999999999999964,0.8179345459821475
1029,41.0,0.002620045243020286,-3.1000000000000014,0.4089672729910738
1030,42.0,0.002767007973488944,-3.200000000000001,0.2044836364955369
1031,36.0,0.002297280320817663,-2.600000000000002,0.10224181824776846
1032,39.0,0.002489280016561679,-2.900000000000002,0.0014128722922359671
1033,42.0,0.002667057513463078,-3.200000000000001,0.0007064361461179836
1034,41.0,0.0027105142353320844,-3.1000000000000014,0.0003532180730589918
1035,28.0,0.0017983181460294873,-1.8000000000000012,0.00017660903652938487
1036,47.0,0.0029629582804773236,-3.6999999999999993,8.830451826469243e-05
1037,45.0,0.0028345634218567284,-3.5,0.8432238881236005
1038,34.0,0.0022984655033724266,-2.4000000000000017,0.42161194406180025
1039,34.0,0.0021601941170956707,-2.4000000000000017,4.4152259132346217e-05
1040,45.0,0.0028393041548042675,-3.5,0.21080597203090012
1041,36.0,0.0022909593426447827,-2.600000000000002,0.10540298601545006
1042,31.0,0.001981626498491096,-2.1000000000000014,2.2076129566173108e-05
1043,43.0,0.002748835162492469,-3.3000000000000007,0.434345142206748
1044,44.0,0.002785575845337007,-3.4000000000000004,0.5412513429689199
1045,44.0,0.0027824153557958198,-3.4000000000000004,1.1038064783086554e-05
1046,36.0,0.002292934647812217,-2.600000000000002,5.519032391543277e-06
1047,45.0,0.0028878966704724007,-3.5,2.7595161957716385e-06
1048,41.0,0.002597526759018365,-3.1000000000000014,0.27062567148445993
1049,51.0,0.003222118364647031,-4.099999999999998,1.3797580979968416e-06
1050,35.0,0.002239206337435462,-2.5000000000000018,6.898790489984208e-07
1051,41.0,0.002629921769766952,-3.1000000000000014,3.449395244992104e-07
1052,44.0,0.002786365967040183,-3.4000000000000004,1.724697622496052e-07
1053,35.0,0.0022471075599241885,-2.5000000000000018,8.62348810137803e-08
1054,37.0,0.0023810332741049933,-2.700000000000002,0.8451829619063147
1055,33.0,0.0021518978337553563,-2.3000000000000016,4.311744050689015e-08
1056,44.0,0.0027804400506283855,-3.4000000000000004,2.155872014242277e-08
1057,44.0,0.002771748706436483,-3.4000000000000004,0.42259148095315735
1058,39.0,0.0024762430002738256,-2.900000000000002,1.0537820177338093
1059,48.0,0.0033260194350077654,-3.799999999999999,1.0779360071211386e-08
1060,30.0,0.0019918980869988445,-2.0000000000000013,0.6385565258148932
1061,42.0,0.002739353695687896,-3.200000000000001,0.31927826290744665
1062,41.0,0.0026706130629463587,-3.1000000000000014,0.15963913145372333
1063,41.0,0.0040434504007862415,-3.1000000000000014,5.389680035605693e-09
1064,39.0,0.0026137242648474057,-2.900000000000002,0.5704076502522007
1065,46.0,0.003011550796145457,-3.5999999999999996,0.28520382512610043
1066,40.0,0.0026915513017229387,-3.0000000000000018,0.14260191256305021
1067,39.0,0.0025540700380588532,-2.900000000000002,2.694839906780544e-09
1068,42.0,0.002744094428635435,-3.200000000000001,0.07130095628152511
1069,31.0,0.002047206640781951,-2.1000000000000014,0.0356504781407625
1070,38.0,0.0024813787940729526,-2.800000000000002,0.5268910088669045
1071,27.0,0.0017900218626891728,-12.700000000000001,-9.551969738328642
1072,45.0,0.00283969921656535,-3.5,0.5370045836728214
1073,29.0,0.001853231638961006,-1.9000000000000012,0.01782523907038125
1074,40.0,0.0025295762497989926,-3.0000000000000018,0.2685022918364107
1075,37.0,0.0024691319003977696,-2.700000000000002,0.13425114591820542
1076,31.0,0.00198360180365853,-2.1000000000000014,0.06712557295910271
1077,46.0,0.0029044892371530295,-3.5999999999999996,0.40588237444960074
1078,43.0,0.0027429092451711767,-3.3000000000000007,0.033562786479551354
1079,31.0,0.0024157986517820973,-2.1000000000000014,0.6296140391929168
1080,37.0,0.0025074528275581542,-2.700000000000002,0.016781393239775677
1081,34.0,0.0023830085792724276,-2.4000000000000017,0.4055431245546539
1082,36.0,0.0024134282848535804,-2.600000000000002,0.3148070195964585
1083,31.0,0.0021392558792285854,-2.1000000000000014,0.20277156227732696
1084,43.0,0.002832588116689294,-3.3000000000000007,0.10138578113866348
1085,33.0,0.0021906138226768235,-2.3000000000000016,0.050692890569331794
1086,33.0,0.0022909593426447827,-2.3000000000000016,0.15740350979822926
1087,40.0,0.002526810822018888,-3.0000000000000018,0.025346445284665897
1088,44.0,0.0027456746738607762,-3.4000000000000004,0.07870175489911468
1089,33.0,0.0020768362237504334,-2.3000000000000016,0.012673222642332949
1090,35.0,0.0021902187618252356,-2.5000000000000018,0.006336611321166474
1091,35.0,0.0022889840374773485,-2.5000000000000018,0.03935087744955734
1092,37.0,0.002360490097089496,-2.700000000000002,0.7285144697385899
1093,35.0,0.002234465604487923,-2.5000000000000018,0.36425723486929495
1094,35.0,0.0022305149932435597,-2.5000000000000018,0.019675438724778616
1095,37.0,0.002552884854594595,-2.700000000000002,0.18212861743464748
1096,37.0,0.002405132001513266,-2.700000000000002,0.09106430871732374
1097,32.0,0.0020464165190787753,-2.2000000000000015,0.04553215435866187
1098,30.0,0.001927503127262753,-2.0000000000000013,0.7527619994147785
1099,32.0,0.0020436510912986705,-2.2000000000000015,0.02276607717933099
1100,31.0,0.0020507621911747265,-2.1000000000000014,0.011383038589665495
1101,33.0,0.002117527517839335,-2.3000000000000016,0.005691519294832803
1102,34.0,0.002163749667488446,-2.4000000000000017,0.0028457596474164015
1103,43.0,0.0027433043069322594,-3.3000000000000007,0.37638099970738925
1104,31.0,0.002188638517509389,-2.1000000000000014,0.0014228798237081453
1105,33.0,0.0021372805731516564,-2.3000000000000016,0.0007114399118540726
1106,35.0,0.002241181643512391,-2.5000000000000018,0.18819049985369463
1107,30.0,0.0019263179437984945,-2.0000000000000013,0.4612510842041775
1108,42.0,0.002650464947691944,-3.200000000000001,0.5229266683436656
1109,39.0,0.0025114034388025175,-2.900000000000002,0.9591083681387502
1110,33.0,0.002112786784891796,-2.3000000000000016,0.2614633341718329
1111,35.0,0.0022372310322680278,-2.5000000000000018,0.640979423119226
1112,56.0,0.0035286857819301076,-4.599999999999996,0.13073166708591644
1113,34.0,0.0023051815423968947,-2.4000000000000017,0.9303526326759872
1114,40.0,0.002533921920985449,-3.0000000000000018,0.4425769635546496
1115,35.0,0.0022257742602960207,-2.5000000000000018,0.4651763163379936
1116,35.0,0.0022257742602960207,-2.5000000000000018,0.22128848177732485
1117,35.0,0.002647699519911839,-2.5000000000000018,0.2325881581689968
1118,33.0,0.0021108114797243616,-2.3000000000000016,0.1162940790844984
1119,31.0,0.0019828116819553543,-2.1000000000000014,0.11064424088866243
1120,42.0,0.0026563908641037415,-3.200000000000001,0.558254562430151
1121,47.0,0.003090563017394743,-3.6999999999999993,0.5535542909002987
1122,39.0,0.0024857244670783984,-2.900000000000002,0.2767771454501493
1123,33.0,0.0021108114797243616,-2.3000000000000016,0.13838857272507465
1124,42.0,0.002657971108419588,-3.200000000000001,0.06919428636253733
1125,48.0,0.0030297236080514267,-3.799999999999999,0.2791272812150756
1126,49.0,0.0031201925994537305,-3.8999999999999986,0.03459714318126861
1127,49.0,0.003097674117270799,-3.8999999999999986,0.1395636406075378
1128,34.0,0.002183502721891273,-2.4000000000000017,0.017298571590634304
1129,33.0,0.002133725023668376,-2.3000000000000016,0.008649285795317097
1130,45.0,0.003017871774318337,-3.5,0.0697818203037689
1131,45.0,0.0029554521197496797,-3.5,0.03489091015188439
1132,42.0,0.0027614771179287345,-3.200000000000001,0.004324642897658548
1133,47.0,0.0031573283440593514,-3.6999999999999993,0.0021623214488293296
1134,30.0,0.0019318487993587041,-2.0000000000000013,0.0010811607244146648
1135,36.0,0.0022945148921280634,-2.600000000000002,0.40044054898716164
1136,36.0,0.0022870087314004195,-2.600000000000002,0.017445455075942196
1137,38.0,0.0024181690178011195,-2.800000000000002,0.008722727537971098
1138,38.0,0.0024418726843578042,-2.800000000000002,0.20022027449358082
1139,43.0,0.00272947716894123,-3.3000000000000007,0.10011013724679041
1140,30.0,0.0019259228829469066,-2.0000000000000013,0.05005506862339515
1141,41.0,0.002608588470138784,-3.1000000000000014,0.025027534311697575
1142,43.0,0.0028341683610051405,-3.3000000000000007,0.5244147272083536
1143,35.0,0.002229724871540384,-2.5000000000000018,0.26220736360417685
1144,37.0,0.002350613569433335,-2.700000000000002,0.012513767155848843
1145,35.0,0.002226959443760279,-2.5000000000000018,0.13110368180208842
1146,33.0,0.0022743667768736486,-2.3000000000000016,0.06555184090104427
1147,43.0,0.0027452796120996936,-3.3000000000000007,0.032775920450522134
1148,41.0,0.002609773654512537,-3.1000000000000014,0.01638796022526101
1149,42.0,0.002664292086592468,-3.200000000000001,0.006256883577924421
1150,37.0,0.002459650433593197,-2.700000000000002,0.522736251415341
1151,35.0,0.002240786582660803,-2.5000000000000018,0.26136812570767054
1152,40.0,0.0025430083278479287,-3.0000000000000018,0.13068406285383527
1153,31.0,0.0019942684539273614,-2.1000000000000014,0.06534203142691763
1154,39.0,0.0024924405061028665,-2.900000000000002,0.008193980112630506
1155,33.0,0.0021301694732756005,-2.3000000000000016,0.03267101571345887
1156,42.0,0.002653625435414142,-3.200000000000001,0.534230466736758
1157,47.0,0.002963748403089994,-3.6999999999999993,0.6671804228457985
1158,60.0,0.00376414219954313,-4.999999999999995,0.004096990056315253
1159,34.0,0.002208391571912216,-2.4000000000000017,0.6169228091766112
1160,61.0,0.0038478951537399553,-5.099999999999994,0.3084614045883056
1161,31.0,0.00199821906426223,-2.1000000000000014,0.0020484950281576264
1162,27.0,0.001737873797537759,-1.700000000000001,0.0010242475140788132
1163,41.0,0.002626761281135259,-3.1000000000000014,0.0005121237570393511
1164,41.0,0.002589625537439133,-3.1000000000000014,0.00025606187851967555
1165,35.0,0.0022234038933675038,-2.5000000000000018,0.1542307022941528
1166,35.0,0.002217873037807294,-2.5000000000000018,0.00012803093925972675
1167,31.0,0.0020645893300752505,-2.1000000000000014,6.401546962986338e-05
1168,44.0,0.002804538778036658,-3.4000000000000004,3.200773481504271e-05
1169,45.0,0.0028618226378966938,-3.5,1.6003867407521355e-05
1170,35.0,0.0022372310322680278,-2.5000000000000018,8.001933703649655e-06
1171,34.0,0.0023107123979571043,-2.4000000000000017,4.000966851824828e-06
1172,33.0,0.002114367029207642,-2.3000000000000016,2.000483426023436e-06
1173,41.0,0.0025916008426065673,-3.1000000000000014,1.000241713011718e-06
1174,36.0,0.002290564281793195,-2.600000000000002,5.00120856505859e-07
1175,36.0,0.0022913544034963707,-2.600000000000002,0.07711535114707635
1176,33.0,0.0021163423343750765,-2.3000000000000016,0.038557675573538175
1177,44.0,0.002772143767288071,-3.4000000000000004,2.500604283639518e-07
1178,29.0,0.0018706143273448106,-1.9000000000000012,1.250302141819759e-07
1179,39.0,0.0024880948330974206,-2.900000000000002,6.251510709098795e-08
1180,38.0,0.002557230526690546,-2.800000000000002,0.019278837786769087
1181,31.0,0.00199821906426223,-2.1000000000000014,3.1257553434471674e-08
1182,32.0,0.002056293046734936,-2.2000000000000015,1.5628776717235837e-08
1183,39.0,0.0024829590392982936,-2.900000000000002,7.814388247595616e-09
1184,33.0,0.002098959645991272,-2.3000000000000016,0.0096394188933846
1185,43.0,0.0027836005392600782,-3.3000000000000007,0.5522098903355049
1186,35.0,0.0022289347489277134,-2.5000000000000018,0.2761049451677524
1187,36.0,0.0022822679984528804,-2.600000000000002,0.1380524725838762
1188,31.0,0.001978466009859403,-2.1000000000000014,0.0048197094466923
1189,45.0,0.0029467607755577774,-3.5,0.4016555773219018
1190,39.0,0.002482168916685623,-2.900000000000002,0.20082778866095086
1191,45.0,0.0028468103155319113,-3.5,0.10041389433047543
1192,45.0,0.0028420695825843723,-3.5,0.05020694716523777
1193,29.0,0.0019958486982432078,-1.9000000000000012,0.025103473582618885
1194,35.0,0.0022399964600481326,-2.5000000000000018,0.012551736791309498
1195,36.0,0.002294909953889146,-2.600000000000002,0.06902623629193805
1196,39.0,0.0024742676951063913,-2.900000000000002,0.006275868395654749
1197,47.0,0.0031036000336825964,-3.6999999999999993,0.034513118145969024
1198,56.0,0.00352275986551831,-4.599999999999996,0.0031379341978273745
1199,38.0,0.0024154035900210147,-2.800000000000002,0.0015689670989136317
1200,27.0,0.001740639224408369,-1.700000000000001,0.0007844835494568159
1201,34.0,0.0023375765531454817,-2.4000000000000017,0.00039224177472840793
1202,33.0,0.002112786784891796,-2.3000000000000016,0.017256559072984512
1203,49.0,0.0031012296676635742,-3.8999999999999986,0.00019612088736420397
1204,36.0,0.002315848192665726,-2.600000000000002,0.4001529110401201
1205,37.0,0.002356144424993545,-2.700000000000002,0.6305409750765232
1206,37.0,0.0024110579188345582,-2.700000000000002,0.008628279536492256
1207,35.0,0.0022372310322680278,-2.5000000000000018,0.3152704875382615
1208,39.0,0.002479403489815013,-2.900000000000002,0.5025520802016618
1209,49.0,0.0031213777838274837,-3.8999999999999986,0.6572191926708939
1210,33.0,0.002145181795640383,-2.3000000000000016,0.32860959633544695
1211,36.0,0.002313082764885621,-2.600000000000002,0.004314139768246128
1212,35.0,0.0022324902993204887,-2.5000000000000018,0.6147920524053321
1213,36.0,0.002288193914864678,-2.600000000000002,0.30739602620266604
1214,43.0,0.0030210322629500297,-3.3000000000000007,0.15369801310133302
1215,37.0,0.0023549592415292864,-2.700000000000002,0.0021570698841231195
1216,45.0,0.002828637505444931,-3.5,0.07684900655066651
1217,38.0,0.002407502368441783,-2.800000000000002,0.0384245032753332
1218,43.0,0.0038909568147573736,-3.3000000000000007,0.5472752524246502
1219,32.0,0.003532636392264976,-2.2000000000000015,0.2736376262123251
1220,35.0,0.0022676507378491806,-2.5000000000000018,0.0010785349420615598
1221,39.0,0.002689971058316587,-2.900000000000002,0.0005392674710307244
1222,37.0,0.0023565394858451327,-2.700000000000002,0.0002696337355153622
1223,44.0,0.0027851807844854193,-3.4000000000000004,0.0001348168677577366
1224,34.0,0.0021617743623210117,-2.4000000000000017,0.8393069903710942
1225,56.0,0.004007104778793291,-4.599999999999996,6.740843387875728e-05
1226,44.0,0.0027879462113560294,-3.4000000000000004,3.370421693937864e-05
1227,47.0,0.0029653286464963458,-3.6999999999999993,0.7536305011604474
1228,44.0,0.0027990079224764486,-3.4000000000000004,0.3768152505802237
1229,31.0,0.0020393054192027193,-2.1000000000000014,1.6852108469578297e-05
1230,41.0,0.0026164896926275105,-3.1000000000000014,8.426054234789149e-06
1231,39.0,0.0024786133672023425,-2.900000000000002,4.213027117394574e-06
1232,35.0,0.0022704161647197907,-2.5000000000000018,2.106513558697287e-06
1233,33.0,0.0025220700890713488,-2.3000000000000016,1.0532567793486436e-06
1234,32.0,0.0021696755839002435,-2.2000000000000015,5.266283897853441e-07
1235,43.0,0.002723551251619938,-3.3000000000000007,2.6331419489267205e-07
1236,35.0,0.002224589076831762,-2.5000000000000018,1.3165709744633602e-07
1237,39.0,0.0025817243149504066,-2.900000000000002,0.1884076252901119
1238,40.0,0.0025485391824986436,-3.0000000000000018,0.09420381264505595
1239,43.0,0.0027223660681556794,-3.3000000000000007,0.047101906322527975
1240,31.0,0.0019871573531418107,-2.1000000000000014,0.023550953161263988
1241,34.0,0.0022700211038682028,-2.4000000000000017,0.5290232661464909
1242,38.0,0.0024244899959739996,-2.800000000000002,0.26451163307324543
1243,38.0,0.002414218407466251,-2.800000000000002,0.4860554525005316
1244,35.0,0.002234070543636335,-2.5000000000000018,0.2430277262502658
1245,31.0,0.0019784660089499084,-2.1000000000000014,0.1215138631251329
1246,36.0,0.0024395023174292874,-2.600000000000002,6.582854883419031e-08
1247,32.0,0.002042070846982824,-2.2000000000000015,0.439581177267395
1248,37.0,0.0023541691198261105,-2.700000000000002,0.2197905886336975
1249,27.0,0.0017331330636807252,-1.700000000000001,3.291427441709516e-08
1250,45.0,0.003312587357868324,-3.5,0.10989529431684875
1251,31.0,0.0019851820479743765,-2.1000000000000014,0.5280709147772975
1252,65.0,0.004081771327946626,-5.499999999999993,0.26403545738864875
1253,36.0,0.0022996506877461798,-2.600000000000002,0.13201772869432438
1254,36.0,0.002454119578942482,-2.600000000000002,0.06600886434716213
1255,40.0,0.002552489792833512,-3.0000000000000018,0.05494764715842437
1256,41.0,0.0026125390813831473,-3.1000000000000014,0.7512861027877962
1257,32.0,0.002051947374638985,-2.2000000000000015,0.033004432173581066
1258,41.0,0.002770168462120637,-3.1000000000000014,0.016502216086790478
1259,36.0,0.002297675380759756,-2.600000000000002,0.008251108043395239
1260,29.0,0.0018627131057655788,-1.9000000000000012,0.004125554021697564
1261,27.0,0.00173589849146083,-1.700000000000001,0.3756430513938981
1262,36.0,0.002292539586960629,-2.600000000000002,0.1878215256969491
1263,37.0,0.002491650383490196,-2.700000000000002,0.5372902228002778
1264,39.0,0.0024766380611254135,-2.900000000000002,0.2686451114001389
1265,35.0,0.002247897682536859,-2.5000000000000018,0.13432255570006946
1266,35.0,0.002234860665339511,-2.5000000000000018,0.06716127785003478
1267,41.0,0.002702613012843358,-3.1000000000000014,0.03358063892501739
1268,44.0,0.002788341273117112,-3.4000000000000004,0.5408085228454849
1269,38.0,0.0024177739569495316,-2.800000000000002,0.09391076284847455
1270,50.0,0.0031498221833317075,-3.9999999999999982,0.046955381424237275
1271,35.0,0.0023435024695572793,-2.5000000000000018,0.68887169901251
1272,41.0,0.002599502065095294,-3.1000000000000014,0.023477690712118582
1273,47.0,0.0029680940751859453,-3.6999999999999993,0.7101671666243645
1274,38.0,0.002411848040537734,-2.800000000000002,0.6308935009046452
1275,39.0,0.002580539131486148,-2.900000000000002,0.011738845356059291
1276,35.0,0.002376687602009042,-2.5000000000000018,0.6872842058414249
1277,42.0,0.0028053289006493287,-3.200000000000001,0.00586942267802959
1278,40.0,0.0025580206493032165,-3.0000000000000018,0.6969235524271218
1279,27.0,0.0017552564850120689,-1.700000000000001,0.002934711339014795
1280,35.0,0.002253428537187574,-2.5000000000000018,0.6265893262905413
1281,36.0,0.0022941198312764755,-2.600000000000002,0.0014673556695073975
1282,40.0,0.0025299713106505806,-3.0000000000000018,0.0007336778347537543
1283,38.0,0.002411452979686146,-2.800000000000002,0.31329466314527066
1284,33.0,0.002262514943140559,-2.3000000000000016,0.5216202720390822
1285,37.0,0.002371946869061503,-2.700000000000002,0.6629179120594693
1286,37.0,0.002365625890888623,-2.700000000000002,0.15664733157263533
1287,35.0,0.002230119932391972,-2.5000000000000018,0.3314589560297345
1288,39.0,0.0025836996210273355,-2.900000000000002,0.07832366578631766
1289,33.0,0.002110021357111691,-2.3000000000000016,0.03916183289315889
1290,8.0,0.0005724435404772521,-10.8,-5.553437592356518
1291,30.0,0.0019263179428889998,-2.0000000000000013,0.019580916446579444
1292,46.0,0.002908044787545805,-3.5999999999999996,0.009790458223289722
1293,36.0,0.0023964406573213637,-2.600000000000002,0.004895229111644861
1294,37.0,0.0023514036920460057,-2.700000000000002,0.16572947801486726
1295,39.0,0.002472292389938957,-2.900000000000002,0.40168012121301133
1296,33.0,0.0021033053189967177,-2.3000000000000016,0.57576720378335
1297,43.0,0.002722366069065174,-3.3000000000000007,0.6452448623299398
1298,41.0,0.0026350575644755736,-3.1000000000000014,0.3226224311649699
1299,35.0,0.0022352557271005935,-2.5000000000000018,0.28788360189167506
1300,29.0,0.0018563921285021934,-1.9000000000000012,0.16131121558248496
1301,45.0,0.002838514032191597,-3.5,0.6260124454803248
1302,57.0,0.003963648056924285,-15.699999999999996,-2.485620144079024
1303,27.0,0.0017469602016717545,-1.700000000000001,0.5805079447591857
1304,33.0,0.002137675634912739,-2.3000000000000016,0.2902539723795927
1305,40.0,0.002533921920985449,-3.0000000000000018,0.14512698618979636
1306,30.0,0.0019263179437984945,-2.0000000000000013,0.07256349309489818
1307,32.0,0.002069725124783872,-2.2000000000000015,0.5693048874393573
1308,45.0,0.0028531312937047915,-3.5,0.31300622274016243
1309,44.0,0.0027808351114799734,-3.4000000000000004,0.6907755505486637
1310,35.0,0.0022305149932435597,-2.5000000000000018,0.34538777527433173
1311,33.0,0.0022664655534754274,-2.3000000000000016,0.15650311137008122
1312,29.0,0.0018559970667411108,-1.9000000000000012,0.07825155568504061
1313,30.0,0.001913675988362229,-2.0000000000000013,0.03912577784252025
1314,45.0,0.002828242444593343,-3.5,0.019562888921260124
1315,33.0,0.0021578237510766485,-2.3000000000000016,0.009781444460630118
1316,43.0,0.0027294771680317353,-3.3000000000000007,0.004890722230315059
1317,37.0,0.0023514036920460057,-2.700000000000002,0.17269388763716587
1318,33.0,0.002103305318087223,-2.3000000000000016,0.08634694381858288
1319,62.0,0.0039901171512610745,-5.199999999999994,0.04317347190929144
1320,42.0,0.002662316780515539,-3.200000000000001,0.002445361115157585
1321,45.0,0.0028713041047012666,-3.5,0.021586735954645775
1322,40.0,0.0025422182043257635,-3.0000000000000018,0.5224930124766027
1323,40.0,0.002645724214744405,-3.0000000000000018,0.010793367977322887
1324,39.0,0.0024782183063507546,-2.900000000000002,0.005396683988661444
1325,45.0,0.0028333782393019646,-3.5,0.26124650623830137
1326,39.0,0.002467946716933511,-2.900000000000002,0.7217824710057701
1327,39.0,0.0025785638272282085,-2.900000000000002,0.36089123550288504
1328,40.0,0.0025584157101548044,-3.0000000000000018,0.784558871913877
1329,33.0,0.0021230583733995445,-2.3000000000000016,0.7332522859784043
1330,34.0,0.002175996561163629,-2.4000000000000017,0.18044561775144252
1331,36.0,0.002292144526109041,-2.600000000000002,0.09022280887572132
1332,37.0,0.002470712144713616,-2.700000000000002,0.04511140443786066
1333,41.0,0.002590415659142309,-3.1000000000000014,0.02255570221893033
1334,51.0,0.0032142171421583043,-4.099999999999998,0.011277851109465109
1335,47.0,0.002965723709166923,-3.6999999999999993,0.0056389255547325545
1336,39.0,0.002487304711394245,-2.900000000000002,0.4019218225570149
1337,38.0,0.002418564079562202,-2.800000000000002,0.20096091127850746
1338,41.0,0.0026050329206555034,-3.1000000000000014,0.72379811384714
1339,13.0,0.0008786158959992463,-11.3,-0.31250121058771363
1340,42.0,0.0027737240116039175,-3.200000000000001,0.10048045563925379
1341,33.0,0.0021155522126719006,-2.3000000000000016,0.05024022781962689
1342,45.0,0.002855896722394391,-3.5,0.02512011390981339
1343,47.0,0.0029676990143343573,-3.6999999999999993,0.4082532087724161
1344,40.0,0.002634662502714491,-3.0000000000000018,0.5327714646027619
1345,30.0,0.0019361944714546553,-2.0000000000000013,0.26638573230138096
1346,40.0,0.0025445885712542804,-3.0000000000000018,0.13319286615069048
1347,45.0,0.0028456251329771476,-3.5,0.06659643307534524
1348,33.0,0.0021064658067189157,-2.3000000000000016,0.36189905692357005
1349,45.0,0.002872884349017113,-3.5,0.03329821653767262
1350,36.0,0.002299650686836685,-2.600000000000002,0.016649108268836255
1351,35.0,0.002241181643512391,-2.5000000000000018,0.18094952846178503
1352,32.0,0.002051157252935809,-2.2000000000000015,0.4055001319390985
1353,42.0,0.0033809329297582735,-3.200000000000001,0.5318767146319338
1354,43.0,0.002957427424917114,-3.3000000000000007,0.2659383573159668
1355,35.0,0.0022676507378491806,-2.5000000000000018,0.5703034806994768
1356,73.0,0.004768387526382867,-6.29999999999999,0.619872044129298
1357,48.0,0.00317392091073998,-3.799999999999999,0.309936022064649
1358,30.0,0.0020649843909268384,-2.0000000000000013,0.1549680110323245
1359,38.0,0.0025489342433502316,-13.800000000000002,-9.867248103718634
1360,32.0,0.002054317741567502,-2.2000000000000015,0.0774840055161623
1361,42.0,0.0026607365361996926,-3.200000000000001,0.28515174034973834
1362,44.0,0.0027808351114799734,-3.4000000000000004,0.03874200275808115
1363,45.0,0.0029609829753098893,-3.5,0.019371001379040576
1364,41.0,0.002597526759018365,-3.1000000000000014,0.009685500689520232
1365,33.0,0.002106070745867328,-2.3000000000000016,0.004842750344760116
1366,39.0,0.0024671565952303354,-2.900000000000002,0.002421375172380058
1367,38.0,0.002407107307590195,-2.800000000000002,0.001210687586190029
1368,36.0,0.0023146630092014675,-2.600000000000002,0.00060534379309507
1369,53.0,0.003350118163325533,-4.299999999999997,0.000302671896547535
1370,39.0,0.0024758479394222377,-2.900000000000002,0.00015133594827387853
1371,61.0,0.004048981256346451,-5.099999999999994,7.566797413693926e-05
1372,43.0,0.002725131495935784,-3.3000000000000007,0.14257587017486917
1373,41.0,0.0025979218198699527,-3.1000000000000014,0.07128793508743458
1374,40.0,0.002541033020861505,-3.0000000000000018,3.7833987068580655e-05
1375,43.0,0.0029096250318616512,-3.3000000000000007,0.5446284402454077
1376,32.0,0.0021202929465289344,-2.2000000000000015,0.4001014677975241
1377,31.0,0.0020645893300752505,-2.1000000000000014,0.20005073389876205
1378,39.0,0.0025738230933711748,-2.900000000000002,0.2723142201227038
1379,37.0,0.002452144272865553,-2.700000000000002,0.48859129329160544
1380,42.0,0.002762662301392993,-3.200000000000001,0.24429564664580272
1381,36.0,0.0023687863804298104,-2.600000000000002,0.12214782332290142
1382,38.0,0.0024924405061028665,-2.800000000000002,0.7613494255976755
1383,59.0,0.00401737636730104,-4.899999999999995,0.3806747127988377
1384,36.0,0.0022980704425208387,-2.600000000000002,0.9229662088527726
1385,33.0,0.0021116016014275374,-2.3000000000000016,0.4614831044263863
1386,33.0,0.0021151571518203127,-2.3000000000000016,0.23074155221319315
1387,43.0,0.002720785823839833,-3.3000000000000007,0.19033735639941884
1388,32.0,0.002178366928092146,-2.2000000000000015,0.11537077610659652
1389,42.0,0.0027500203459567274,-3.200000000000001,0.05768538805329826
1390,47.0,0.0030561927014787216,-3.6999999999999993,0.028842694026649074
1391,41.0,0.002683650080143707,-3.1000000000000014,0.7599813618064937
1392,29.0,0.0018899723218055442,-1.9000000000000012,0.37999068090324684
1393,33.0,0.002100934952068201,-2.3000000000000016,0.18999534045162347
1394,45.0,0.0028341683610051405,-3.5,0.09499767022581174
1395,41.0,0.0025880452931232867,-3.1000000000000014,0.40946304731038774
1396,51.0,0.0033576243240531767,-4.099999999999998,0.20473152365519387
1397,51.0,0.003207106043191743,-4.099999999999998,0.04749883511290587
1398,39.0,0.002473082511642133,-2.900000000000002,0.02374941755645299
1399,33.0,0.002100539890307118,-2.3000000000000016,0.011874708778226495
1400,47.0,0.0030589581283493317,-3.6999999999999993,0.005937354389113247
1401,41.0,0.0025931810869224137,-3.1000000000000014,0.0029686771945566237
1402,33.0,0.0021025151954745525,-2.3000000000000016,0.5729004512414742
1403,30.0,0.0019310586767460336,-2.0000000000000013,0.0014843385972782563
1404,45.0,0.003013526102222386,-3.5,0.5235374288972198
1405,43.0,0.0027286870463285595,-3.3000000000000007,0.26176871444860983
1406,29.0,0.001859947677985474,-1.9000000000000012,0.2864502256207371
1407,33.0,0.0020997497686039424,-2.3000000000000016,0.13088435722430491
1408,44.0,0.002871304103791772,-3.4000000000000004,0.4931854950784663
1409,37.0,0.002360885157941084,-2.700000000000002,0.0654421786121524
1410,46.0,0.002905674420617288,-3.5999999999999996,0.0327210893060762
1411,42.0,0.0026591562918838463,-3.200000000000001,0.2465927475392331
1412,45.0,0.0030850321618345333,-3.5,0.12329637376961655
1413,29.0,0.001869034083938459,-1.9000000000000012,0.06164818688480822
1414,43.0,0.0027294771680317353,-3.3000000000000007,0.016360544653038156
1415,39.0,0.002480193611518189,-2.900000000000002,0.008180272326519078
1416,34.0,0.0021720459508287604,-2.4000000000000017,0.0040901361632594835
1417,46.0,0.002912390459641756,-3.5999999999999996,0.42012483248928945
1418,30.0,0.0019235525160183897,-2.0000000000000013,0.0020450680816297417
1419,33.0,0.002096589279062755,-2.3000000000000016,0.21006241624464472
1420,39.0,0.0024671565952303354,-2.900000000000002,0.0010225340408148709
1421,33.0,0.002222613771664328,-2.3000000000000016,0.10503120812232236
1422,41.0,0.0025987119424826233,-3.1000000000000014,0.5216288453647611
1423,35.0,0.0022210335273484816,-2.5000000000000018,0.05251560406116118
1424,31.0,0.001972540092538111,-2.1000000000000014,0.02625780203058059
1425,39.0,0.0025050824606296374,-2.900000000000002,0.6625741057834703
1426,33.0,0.0021226633125479566,-2.3000000000000016,0.013128901015290295
1427,33.0,0.002107650990183174,-2.3000000000000016,0.006564450507645203
1428,37.0,0.002376687602009042,-2.700000000000002,0.40222261816671145
1429,38.0,0.0024347615844817483,-2.800000000000002,0.3312870528917351
1430,35.0,0.002345872836485796,-2.5000000000000018,0.6188355052305589
1431,36.0,0.002276737142892671,-2.600000000000002,0.3094177526152795
1432,36.0,0.002283058121065551,-2.600000000000002,0.20111130908335573
1433,41.0,0.0026156995709243347,-3.1000000000000014,0.15470887630763974
1434,33.0,0.002234860665339511,-2.3000000000000016,0.10055565454167792
1435,35.0,0.0022376260931196157,-2.5000000000000018,0.05027782727083896
1436,34.0,0.002166120033507468,-2.4000000000000017,0.07735443815381982
1437,39.0,0.0024758479394222377,-2.900000000000002,0.03867721907690991
1438,29.0,0.0018587624954307103,-1.9000000000000012,0.0193386095384549
1439,39.0,0.0032090813483591774,-2.900000000000002,0.5349090224087534
1440,36.0,0.0030992543615866452,-2.600000000000002,0.00966930476922745
1441,38.0,0.002695106852115714,-2.800000000000002,0.2674545112043767
1442,43.0,0.00403831460607762,-3.3000000000000007,0.004834652384613669
1443,53.0,0.0034220192837892682,-4.299999999999997,0.0024173261923068345
1444,35.0,0.002230119932391972,-2.5000000000000018,0.13372725560218834
1445,32.0,0.0020412807252796483,-2.2000000000000015,0.0012086630961534173
1446,30.0,0.0020397004800543073,-2.0000000000000013,0.40048198725797657
1447,31.0,0.001990712903534586,-2.1000000000000014,0.20024099362898828
1448,36.0,0.0022838482436782215,-2.600000000000002,0.1001204968144942
1449,31.0,0.001983206742806942,-2.1000000000000014,0.06686362780109412
1450,39.0,0.0024726874498810503,-2.900000000000002,0.0500602484072471
1451,48.0,0.0030471062964352313,-3.799999999999999,0.4218198507870823
1452,40.0,0.0025351071053592023,-3.0000000000000018,0.21090992539354114
1453,36.0,0.00230873709278967,-2.600000000000002,0.025030124203623494
1454,35.0,0.002248292743388447,-2.5000000000000018,0.10545496269677057
1455,33.0,0.002238811276583874,-2.3000000000000016,0.05272748134838534
1456,45.0,0.002838118971340009,-3.5,0.02636374067419267
1457,39.0,0.0024620208005217137,-2.900000000000002,0.012515062101811747
1458,44.0,0.002769773400359554,-3.4000000000000004,0.40865738747083935
1459,38.0,0.0025631564431023435,-2.800000000000002,0.4041565669348156
1460,39.0,0.00247821830544126,-2.900000000000002,0.20432869373541962
1461,65.0,0.0040762404723864165,-5.499999999999993,0.10216434686770981
1462,47.0,0.0029601928526972188,-3.6999999999999993,0.43329258448373253
1463,36.0,0.002311107459718187,-2.600000000000002,0.20207828346740775
1464,42.0,0.0026635019639797974,-3.200000000000001,0.4657646138786342
1465,33.0,0.0021108114797243616,-2.3000000000000016,0.21664629224186627
1466,15.0,0.001000689777356456,-11.5,-0.15626296629259606
1467,41.0,0.002693131546038785,-3.1000000000000014,0.2328823069393171
1468,29.0,0.001871799510809069,-1.9000000000000012,0.10832314612093308
1469,37.0,0.002362465403166425,-2.700000000000002,0.11644115346965855
1470,45.0,0.002849575743312016,-3.5,0.05416157306046654
1471,42.0,0.00266034147443861,-3.200000000000001,0.02708078653023327
1472,35.0,0.002248687804240035,-2.5000000000000018,0.43793254662936576
1473,41.0,0.0025998971259468817,-3.1000000000000014,0.40889042737405257
1474,35.0,0.00223960139828705,-2.5000000000000018,0.21896627331468288
1475,53.0,0.0033580193849047646,-4.299999999999997,0.10948313665734144
1476,57.0,0.003628241180194891,-4.699999999999996,0.05474156832867072
1477,33.0,0.0021139719674465596,-2.3000000000000016,0.6306834074069054
1478,39.0,0.002507847889319237,-2.900000000000002,0.3153417037034527
1479,40.0,0.0025730329707585042,-3.0000000000000018,0.15767085185172636
1480,47.0,0.0034429575216563535,-3.6999999999999993,0.07883542592586323
1481,43.0,0.0028345634218567284,-3.3000000000000007,0.03941771296293162
1482,46.0,0.0030162915300024906,-3.5999999999999996,0.01970885648146581
1483,56.0,0.004480387981857348,-4.599999999999996,0.009854428240732904
1484,29.0,0.0019729351542991935,-1.9000000000000012,0.004927214120366452
1485,35.0,0.0024264653020509286,-2.5000000000000018,0.002463607060183226
1486,41.0,0.002594366271296167,-3.1000000000000014,0.0012318035300915575
1487,40.0,0.00265125506939512,-3.0000000000000018,0.02737078416433536
1488,41.0,0.002646119274686498,-3.1000000000000014,0.0006159017650457788
1489,47.0,0.0029906125582783716,-3.6999999999999993,0.8944365700178784
1490,45.0,0.0028385140331010916,-3.5,0.0003079508825228894
1491,46.0,0.002938859553069051,-3.5999999999999996,0.00015397544126138918
1492,35.0,0.0022791075098211877,-2.5000000000000018,7.698772063058357e-05
1493,39.0,0.002468341778694594,-2.900000000000002,3.8493860315291784e-05
1494,39.0,0.002462810923134384,-2.900000000000002,1.9246930157645892e-05
1495,34.0,0.002238811276583874,-2.4000000000000017,1.019961674664374
1496,40.0,0.0025295762497989926,-3.0000000000000018,0.400095427004028
1497,34.0,0.0021633546057273634,-2.4000000000000017,0.200047713502014
1498,34.0,0.0021534780780712026,-2.4000000000000017,0.46510467863988136
1499,47.0,0.0030605383735746727,-3.6999999999999993,0.5512481923096881
1500,37.0,0.00235337899721344,-2.700000000000002,0.5792448342523755
1501,40.0,0.002538267593990895,-3.0000000000000018,0.28962241712618775
1502,39.0,0.0024711072064746986,-2.900000000000002,0.14481120856309393
1503,38.0,0.002418564079562202,-2.800000000000002,0.4471528145347323
1504,43.0,0.002758316629297042,-3.3000000000000007,0.509980837332187
1505,39.0,0.002655600741491071,-2.900000000000002,0.22357640726736616
1506,41.0,0.002599107004243706,-3.1000000000000014,0.11178820363368303
1507,34.0,0.0021673052169717266,-2.4000000000000017,0.05589410181684151
1508,41.0,0.0026315020140827983,-3.1000000000000014,0.027947050908420756
1509,43.0,0.002728291984567477,-3.3000000000000007,0.013973525454210378
1510,34.0,0.002176391622015217,-2.4000000000000017,0.4046305675243451
1511,35.0,0.002223008832515916,-2.5000000000000018,0.20231528376217256
1512,43.0,0.0029017238093729247,-3.3000000000000007,0.10115764188108622
1513,41.0,0.0025931810878319084,-3.1000000000000014,0.05057882094054311
1514,32.0,0.0020290338306949707,-2.2000000000000015,0.025289410470271556
1515,32.0,0.0020337745636425097,-2.2000000000000015,0.40830823015456497
1516,40.0,0.0029349089427341823,-3.0000000000000018,0.2549904186660936
1517,42.0,0.0026611315970512806,-3.200000000000001,0.6340423972504345
1518,39.0,0.002474662756867474,-2.900000000000002,0.31702119862521727
1519,28.0,0.00180147863466118,-1.8000000000000012,0.15851059931260858
1520,36.0,0.002410267795312393,-2.600000000000002,0.07925529965630429
1521,9.0,0.0006376286219165195,-10.9,-0.6551272267287587
1522,41.0,0.002618464997794945,-3.1000000000000014,0.039627649828152145
1523,43.0,0.0027326376575729228,-3.3000000000000007,0.019813824914076017
1524,47.0,0.0029838965192539035,-3.6999999999999993,0.009906912457038008
1525,51.0,0.0033279947410846944,-4.099999999999998,0.7995886191745352
1526,43.0,0.002718810517762904,-3.3000000000000007,0.3997943095872676
1527,53.0,0.003341426818224136,-4.299999999999997,0.1998971547936338
1528,50.0,0.003272291125540505,-3.9999999999999982,0.59559993916305
1529,34.0,0.002183107661039685,-2.4000000000000017,0.297799969581525
1530,34.0,0.0021534780789806973,-2.4000000000000017,0.1488999847907625
1531,44.0,0.002779254867164127,-3.4000000000000004,0.5720939754162649
1532,29.0,0.001852836578109418,-1.9000000000000012,0.2860469877081324
1533,33.0,0.0022095767553764745,-2.3000000000000016,0.1430234938540662
1534,43.0,0.0027310574123475817,-3.3000000000000007,0.0715117469270331
1535,36.0,0.0022937247704248875,-2.600000000000002,0.03575587346351661
1536,35.0,0.0022328853601720766,-2.5000000000000018,0.017877936731758304
1537,43.0,0.0030119458579065395,-3.3000000000000007,0.5425039035116087
1538,51.0,0.0034729821654764237,-4.099999999999998,0.2712519517558043
1539,35.0,0.0023158481917562312,-2.5000000000000018,0.1274952093330468
1540,33.0,0.0021791570497953217,-2.3000000000000016,0.13562597587790215
1541,37.0,0.0025402428991583292,-2.700000000000002,0.7588856920751346
1542,33.0,0.002179947172407992,-2.3000000000000016,0.6467270216761455
1543,32.0,0.0021139719683560543,-2.2000000000000015,0.3233635108380728
1544,37.0,0.002432391218462726,-2.700000000000002,0.1616817554190364
1545,35.0,0.002634662502714491,-2.5000000000000018,0.0808408777095182
1546,36.0,0.0053582137552439235,-2.600000000000002,0.0404204388547591
1547,41.0,0.002649674825988768,-3.1000000000000014,0.0637476046665234
1548,31.0,0.0020088857136215665,-2.1000000000000014,0.5556389419835587
1549,34.0,0.002168885461287573,-2.4000000000000017,0.2778194709917794
1550,41.0,0.002597131698166777,-14.100000000000001,-4.929057597285188
1551,36.0,0.0022798976315243635,-2.600000000000002,0.1389097354958897
1552,38.0,0.00252009478299442,-2.800000000000002,0.03187380233326165
1553,29.0,0.0018844414662453346,-1.9000000000000012,0.06945486774794485
1554,57.0,0.003611648614423757,-4.699999999999996,0.03472743387397248
1555,40.0,0.0025418231434741756,-3.0000000000000018,0.01736371693698624
1556,37.0,0.0024655763500049943,-2.700000000000002,0.5384478539099625
1557,36.0,0.0022866136705488316,-2.600000000000002,0.2692239269549812
1558,47.0,0.0029625632196257357,-3.6999999999999993,0.7402789298930438
1559,49.0,0.0030704149012308335,-3.8999999999999986,0.37013946494652195
1560,38.0,0.002542613266086846,-2.800000000000002,0.18506973247326097
1561,37.0,0.0023494283859690768,-2.700000000000002,0.09253486623663054
1562,34.0,0.002168490400435985,-2.4000000000000017,0.43016300327863166
1563,41.0,0.0025959465147025185,-3.1000000000000014,0.21508150163931583
1564,37.0,0.002350613569433335,-2.700000000000002,0.10754075081965797
1565,38.0,0.0024177739569495316,-2.800000000000002,0.053770375409828985
1566,41.0,0.0025919959034581552,-3.1000000000000014,0.026885187704914548
1567,43.0,0.0027101191744804964,-3.3000000000000007,0.013442593852457274
1568,31.0,0.0019753055203182157,-2.1000000000000014,0.006721296926228693
1569,39.0,0.0025860699870463577,-2.900000000000002,0.0033606484631143463
1570,37.0,0.002353774058065028,-2.700000000000002,0.0016803242315571731
1571,37.0,0.00235337899721344,-2.700000000000002,0.40063527712698277
1572,40.0,0.0025279960045736516,-3.0000000000000018,0.6349806892843153
1573,35.0,0.002339946919164504,-2.5000000000000018,0.31749034464215753
1574,45.0,0.0028661683109021396,-3.5,0.15874517232107876
1575,27.0,0.0017489355077486834,-1.700000000000001,0.07937258616053944
1576,38.0,0.0024209344455812243,-2.800000000000002,0.4875869480120957
1577,32.0,0.0020511572520263144,-2.2000000000000015,0.2437934740060479
1578,35.0,0.0022692309812555322,-2.5000000000000018,0.5538078584314029
1579,36.0,0.0023036012980810483,-2.600000000000002,0.2769039292157014
1580,31.0,0.0019828116819553543,-2.1000000000000014,0.1384519646078507
1581,27.0,0.0017335281254418078,-1.700000000000001,0.0692259823039254
1582,33.0,0.002243947071292496,-2.3000000000000016,0.12189673700302395
1583,27.0,0.0017457750191169907,-1.700000000000001,0.060948368501511974
1584,38.0,0.002409477673609217,-2.800000000000002,0.0346129911519627
1585,32.0,0.0020487868850977975,-2.2000000000000015,0.030474184250755987
1586,33.0,0.0021029102563261404,-2.3000000000000016,0.017306495575981407
1587,45.0,0.002958612609290867,-3.5,0.015237092125377938
1588,29.0,0.0018591575553728035,-1.9000000000000012,0.008653247787990703
1589,59.0,0.0036961916894142632,-4.899999999999995,0.007618546062688969
1590,36.0,0.0022798976324338582,-2.600000000000002,0.004326623893995407
1591,33.0,0.0022028607163520064,-2.3000000000000016,0.0021633119469977036
1592,37.0,0.0023502185085817473,-2.700000000000002,0.0038092730313444845
1593,38.0,0.0024086875519060413,-2.800000000000002,0.6606041330391523
1594,33.0,0.0021052806232546573,-2.3000000000000016,0.0019046365156722977
1595,30.0,0.001920787088238285,-2.0000000000000013,0.0009523182578361489
1596,33.0,0.0021238484951027203,-2.3000000000000016,0.00047615912891807444
1597,39.0,0.002477823244589672,-2.900000000000002,0.33030206651957617
1598,40.0,0.0025437984495511046,-3.0000000000000018,0.0002380795644589817
1599,41.0,0.0026034526754301623,-3.1000000000000014,0.16515103325978808
1600,51.0,0.00323950105394033,-4.099999999999998,0.00011903978222949085
1601,38.0,0.002437527012261853,-2.800000000000002,1.0658119787996843
1602,35.0,0.002245527315608342,-2.5000000000000018,5.951989111485645e-05
1603,34.0,0.002194169372160104,-2.4000000000000017,2.9759945557428225e-05
1604,37.0,0.0024671565952303354,-2.700000000000002,1.4879972778825135e-05
1605,33.0,0.002112786784891796,-2.3000000000000016,0.08257551662989404
1606,39.0,0.002467946716933511,-2.900000000000002,0.04128775831494702
1607,41.0,0.00259476133123826,-3.1000000000000014,7.439986389412567e-06
1608,33.0,0.0022119471223049914,-2.3000000000000016,3.719993194817306e-06
1609,51.0,0.0032078961658044136,-4.099999999999998,0.4000903807495151
1610,40.0,0.002524440455090371,-3.0000000000000018,0.020643879157473455
1611,43.0,0.0027085389292551554,-3.3000000000000007,0.20004519037475754
1612,48.0,0.0031403407165271346,-3.799999999999999,0.7760206508547074
1613,36.0,0.0022988605651335092,-2.600000000000002,0.010321939578736727
1614,29.0,0.001865083471784601,-1.9000000000000012,0.3880103254273537
1615,67.0,0.004185277336546278,-5.699999999999992,0.19400516271367685
1616,30.0,0.002318218558684748,-2.0000000000000013,0.09700258135683848
1617,34.0,0.0023431074077961966,-2.4000000000000017,0.005160969789368419
1618,33.0,0.0024825639784467057,-2.3000000000000016,0.04850129067841924
1619,39.0,0.0026212304264845443,-2.900000000000002,0.415852091222213
1620,35.0,0.0022680457987007685,-2.5000000000000018,0.0025804848946842096
1621,36.0,0.002449378845085448,-2.600000000000002,0.40092782934249915
1622,41.0,0.002718415456911316,-3.1000000000000014,0.2079260456111065
1623,35.0,0.002432786279314314,-2.5000000000000018,0.20046391467124958
1624,45.0,0.0029119953978806734,-3.5,0.10023195733562473
1625,56.0,0.003571747442947526,-4.599999999999996,0.050115978667812366
1626,32.0,0.0020740707959703286,-2.2000000000000015,0.02505798933390624
1627,33.0,0.002273971715112566,-2.3000000000000016,0.8577356535934287
1628,36.0,0.0023822184584787465,-2.600000000000002,0.01252899466695312
1629,31.0,0.002071305368190224,-2.1000000000000014,0.4288678267967144
1630,37.0,0.0024312060349984677,-2.700000000000002,0.530730258712165
1631,32.0,0.0021135769065949717,-2.2000000000000015,0.539471215460659
1632,34.0,0.0021862681505808723,-2.4000000000000017,0.26973560773032945
1633,39.0,0.002474662756867474,-2.900000000000002,0.13486780386516473
1634,44.0,0.0027879462113560294,-14.4,-4.9999000395881446
1635,47.0,0.0029676990143343573,-3.6999999999999993,0.2653651293560825
1636,35.0,0.0023316506367336842,-2.5000000000000018,0.13268256467804118
1637,52.0,0.0032525380702281836,-4.1999999999999975,0.06634128233902059
1638,45.0,0.002835748605320987,-3.5,0.033170641169510295
1639,31.0,0.0019753055203182157,-2.1000000000000014,0.016585320584755148
1640,29.0,0.0020922436069668038,-1.9000000000000012,0.00829266029237763
1641,40.0,0.0025295762497989926,-3.0000000000000018,0.06743390193258236
1642,28.0,0.0017979230851778993,-1.8000000000000012,0.004146330146188815
1643,36.0,0.0022862186096972437,-2.600000000000002,0.0020731650730944073
1644,39.0,0.0024624158622827963,-2.900000000000002,0.0010365825365472592
1645,48.0,0.005473966658428253,-3.799999999999999,0.0005182912682736296
1646,46.0,0.005248386767561897,-3.5999999999999996,0.0002591456341367593
1647,42.0,0.004025672651550849,-3.200000000000001,0.8799487418527158
1648,46.0,0.005122757336721406,-3.5999999999999996,0.43997437092635794
1649,35.0,0.003569772136870597,-2.5000000000000018,0.21998718546317897
1650,29.0,0.0033603897518332815,-1.9000000000000012,0.10999359273158948
1651,37.0,0.0042473019302633475,-2.700000000000002,0.7483928612212943
1652,36.0,0.0023498234468206647,-2.600000000000002,0.3741964306106471
1653,33.0,0.002124638617715391,-2.3000000000000016,0.5217030117001871
1654,33.0,0.0021349102071326342,-2.3000000000000016,0.26085150585009353
1655,45.0,0.002973229869894567,-3.5,0.13042575292504677
1656,44.0,0.0027760943785324343,-3.4000000000000004,0.7502515911573775
1657,29.0,0.001871799510809069,-1.9000000000000012,0.37512579557868875
1658,30.0,0.001925132760334236,-2.0000000000000013,0.18756289778934443
1659,41.0,0.00270221795199177,-3.1000000000000014,0.09378144889467221
1660,51.0,0.003207501104043331,-4.099999999999998,0.4305681426424952
1661,38.0,0.0024181690178011195,-2.800000000000002,0.2152840713212476
1662,51.0,0.003193673965142807,-4.099999999999998,0.1076420356606238
1663,43.0,0.002847600438144582,-3.3000000000000007,0.0538210178303119
1664,35.0,0.002233675482784747,-2.5000000000000018,0.026910508915156006
1665,38.0,0.002401971513791068,-2.800000000000002,0.4088350871491524
1666,45.0,0.002830612810612365,-3.5,0.2044175435745762
1667,58.0,0.0037597965283566737,-4.799999999999995,0.10220877178728816
1668,47.0,0.0029712545647271327,-3.6999999999999993,0.05110438589364408
1669,49.0,0.003087797589614638,-3.8999999999999986,0.025552192946822094
1670,35.0,0.0022309100550046423,-2.5000000000000018,1.0825473335742737
1671,43.0,0.0027405388791521545,-3.3000000000000007,0.012776096473411047
1672,32.0,0.0020519473755484796,-2.2000000000000015,0.9975943086058499
1673,36.0,0.002297675380759756,-2.600000000000002,0.006388048236705579
1674,51.0,0.0032161924482352333,-4.099999999999998,0.0031940241183527895
1675,34.0,0.002271996409035637,-2.4000000000000017,0.0015970120591763948
1676,45.0,0.0028381189722495037,-3.5,0.4987971543029249
1677,47.0,0.00297085950296605,-3.6999999999999993,0.2493985771514624
1678,49.0,0.003104785217146855,-3.8999999999999986,0.1246992885757312
1679,41.0,0.0026587612310322584,-3.1000000000000014,0.5342842814826758
1680,39.0,0.0024833541010593763,-2.900000000000002,0.2671421407413379
1681,40.0,0.002529576248889498,-3.0000000000000018,0.13357107037066895
1682,31.0,0.001979651192414167,-2.1000000000000014,0.06678553518533448
1683,59.0,0.0038111544718049117,-4.899999999999995,0.033392767592667294
1684,42.0,0.0026496748250792734,-3.200000000000001,0.0623496442878656
1685,34.0,0.002166515094359056,-2.4000000000000017,0.031174822143932746
1686,47.0,0.002961378036161477,-3.6999999999999993,0.015587411071966373
1687,34.0,0.0021815274167238385,-2.4000000000000017,0.007793705535983131
1688,35.0,0.0022305149932435597,-2.5000000000000018,0.016696383796333647
1689,43.0,0.0027247364350841963,-3.3000000000000007,0.0038968527679915654
1690,34.0,0.0021582188119282364,-2.4000000000000017,0.5268654503474138
1691,68.0,0.004412832532580069,-5.799999999999992,0.0019484263839957272
1692,28.0,0.0018026638181254384,-1.8000000000000012,0.0009742131919978636
1693,42.0,0.0026587612301227637,-3.200000000000001,0.0004871065959989318
1694,43.0,0.002713279663112189,-3.3000000000000007,0.0002435532979994104
1695,32.0,0.002063009085759404,-2.2000000000000015,0.00012177664899981622
1696,49.0,0.003083451917518687,-3.8999999999999986,6.088832449990811e-05
1697,50.0,0.003146266633848427,-3.9999999999999982,0.26343272517370697
1698,34.0,0.002164539789191622,-2.4000000000000017,0.40010896045718924
1699,37.0,0.002461230678818538,-2.700000000000002,0.5301245839003133
1700,46.0,0.0029092299710100633,-3.5999999999999996,0.2650622919501566
1701,31.0,0.0019859721696775523,-2.1000000000000014,0.1325311459750783
1702,33.0,0.002108046051034762,-2.3000000000000016,0.06626557298753921
1703,43.0,0.002856686844097567,-3.3000000000000007,0.033132786493769606
1704,34.0,0.0021957496164759505,-2.4000000000000017,0.13171636258685349
1705,68.0,0.004266659923814586,-5.799999999999992,0.016566393246884803
1706,33.0,0.0021025151954745525,-2.3000000000000016,0.008283196623442457
1707,39.0,0.0026259711585225887,-2.900000000000002,0.0041415983117212285
1708,35.0,0.0022344656053974177,-2.5000000000000018,0.06585818129342669
1709,39.0,0.002477033122886496,-2.900000000000002,0.0020707991558606142
1710,46.0,0.0029135756421965198,-3.5999999999999996,0.032929090646713344
1711,41.0,0.002709724112719414,-3.1000000000000014,0.0010353995779303071
1712,33.0,0.0021119966622791253,-2.3000000000000016,0.000517699788965098
1713,27.0,0.0017453799582654028,-1.700000000000001,0.000258849894482549
1714,11.0,0.0007589123806610587,-11.1,-9.837919375156261
1715,46.0,0.002914760825660778,-3.5999999999999996,0.5287677460722273
1716,46.0,0.0031284888837035396,-3.5999999999999996,0.26438387303611366
1717,39.0,0.0024813787940729526,-2.900000000000002,0.13219193651805683
1718,39.0,0.002472292389938957,-2.900000000000002,0.06609596825902841
1719,35.0,0.0022261693211476086,-2.5000000000000018,0.03304798412951415
1720,40.0,0.002683650080143707,-3.0000000000000018,0.016523992064757076
1721,41.0,0.002601477370262728,-3.1000000000000014,0.7202724883955021
1722,36.0,0.0022913544034963707,-2.600000000000002,0.40545946917277287
1723,42.0,0.002662711841367127,-3.200000000000001,0.5412736667871367
1724,51.0,0.0033117972352556535,-4.099999999999998,0.36013624419775114
1725,40.0,0.002547749059885973,-3.0000000000000018,0.859827083459263
1726,49.0,0.0030956988121033646,-3.8999999999999986,0.4299135417296315
1727,43.0,0.0027152549682796234,-3.3000000000000007,0.21495677086481568
1728,36.0,0.0024861195279299864,-2.600000000000002,0.10747838543240784
1729,40.0,0.002559205832767475,-3.0000000000000018,0.053739192716203865
1730,70.0,0.004392684416416159,-5.999999999999991,0.026869596358101933
1731,35.0,0.0022285396880761255,-2.5000000000000018,0.013434798179051022
1732,38.0,0.0024272554237541044,-2.800000000000002,0.006717399089525511
1733,37.0,0.00234429259216995,-2.700000000000002,0.0033586995447627555
1734,33.0,0.002102910257235635,-2.3000000000000016,0.0016793497723813777
1735,33.0,0.0021013300129197887,-2.3000000000000016,0.18006812209887557
1736,34.0,0.0022850334262329852,-2.4000000000000017,0.7269986697736618
1737,36.0,0.002287008732309914,-2.600000000000002,0.36349933488683095
1738,34.0,0.0021633546057273634,-2.4000000000000017,0.18174966744341547
1739,33.0,0.0021048855624030693,-2.3000000000000016,0.09003406104943779
1740,32.0,0.002035354807958356,-2.2000000000000015,0.09087483372170779
1741,37.0,0.0031818221332287067,-2.700000000000002,0.04501703052471884
1742,33.0,0.002287403793161502,-2.3000000000000016,0.045437416860853896
1743,36.0,0.0022945148921280634,-2.600000000000002,0.022718708430427004
1744,43.0,0.0027085389292551554,-3.3000000000000007,0.011359354215213502
1745,31.0,0.003270315819463576,-2.1000000000000014,0.005679677107606751
1746,35.0,0.003332340412271151,-2.5000000000000018,0.00283983855380332
1747,40.0,0.0025362922888234607,-3.0000000000000018,0.02250851526235942
1748,35.0,0.0022396013991965447,-2.5000000000000018,0.00141991927690166
1749,45.0,0.0028381189722495037,-3.5,0.0007099596384507745
1750,39.0,0.0025173293561238097,-2.900000000000002,0.00035497981922538724
1751,29.0,0.0018488859668650548,-1.9000000000000012,0.00017748990961274913
1752,43.0,0.0028037486554239877,-3.3000000000000007,8.874495480637457e-05
1753,58.0,0.003651944846751576,-4.799999999999995,0.4001180138620388
1754,29.0,0.0019239475768699776,-1.9000000000000012,0.2000590069310194
1755,33.0,0.0020946139738953207,-2.3000000000000016,0.6649020572395226
1756,46.0,0.0030210322629500297,-3.5999999999999996,0.465108349004308
1757,41.0,0.002580539132395643,-3.1000000000000014,0.232554174502154
1758,38.0,0.002393675229541259,-2.800000000000002,0.6035703423653679
1759,42.0,0.0026429587869643,-3.200000000000001,0.301785171182684
1760,36.0,0.002365230830037035,-2.600000000000002,0.3324510286197613
1761,35.0,0.002220638465587399,-2.5000000000000018,0.150892585591342
1762,39.0,0.0024786133672023425,-2.900000000000002,0.4491292620689129
1763,37.0,0.0023498234468206647,-2.700000000000002,0.22456463103445645
1764,39.0,0.0026935266077998676,-2.900000000000002,0.11228231551722823
1765,33.0,0.0022289347489277134,-2.3000000000000016,0.05614115775861417
1766,39.0,0.002551699672039831,-2.900000000000002,0.028070578879307084
1767,42.0,0.0027239463124715257,-3.200000000000001,0.014035289439653598
1768,41.0,0.0027776746228482807,-3.1000000000000014,0.007017644719826799
1769,52.0,0.0033971304346778197,-4.1999999999999975,0.003508822359913344
1770,36.0,0.0023683913186687278,-2.600000000000002,0.001754411179956672
1771,35.0,0.002305971665009565,-2.5000000000000018,0.16622551430988064
1772,48.0,0.003162464138767973,-3.799999999999999,0.08311275715494038
1773,37.0,0.002420934446490719,-2.700000000000002,0.04155637857747019
1774,35.0,0.002292539587870124,-2.5000000000000018,0.0008772055899783915
1775,31.0,0.002037725174886873,-2.1000000000000014,0.00043860279498919574
1776,31.0,0.002040490602666978,-2.1000000000000014,0.00021930139749448685
1777,52.0,0.0032888836913116393,-4.1999999999999975,0.00010965069874724342
1778,33.0,0.002109231235408515,-2.3000000000000016,0.020778189288735094
1779,35.0,0.002239206337435462,-2.5000000000000018,0.010389094644367547
1780,37.0,0.0023482432025048183,-2.700000000000002,0.005194547322183718
1781,36.0,0.0023150580700530554,-2.600000000000002,0.002597273661091859
1782,40.0,0.002539057715694071,-3.0000000000000018,5.4825349373732735e-05
1783,29.0,0.0018631081666171667,-1.9000000000000012,0.001298636830545874
1784,42.0,0.002663106902218715,-3.200000000000001,0.000649318415272937
1785,37.0,0.002524835515941959,-2.700000000000002,0.0003246592076364685
1786,33.0,0.002112786784891796,-2.3000000000000016,0.5202896463661779
1787,33.0,0.002100539890307118,-2.3000000000000016,0.26014482318308896
1788,31.0,0.0019804413150268374,-2.1000000000000014,0.13007241159154448
1789,33.0,0.002097774463436508,-2.3000000000000016,0.0650362057957723
1790,51.0,0.003232389954064274,-4.099999999999998,0.03251810289788615
1791,42.0,0.0026710081247074413,-3.200000000000001,0.01625905144894313
1792,46.0,0.0029108102153259097,-3.5999999999999996,0.008129525724471565
1793,50.0,0.0034875994269896182,-3.9999999999999982,0.004064762862235782
1794,57.0,0.003717524989951926,-4.699999999999996,0.5217785655755875
1795,41.0,0.002683650080143707,-3.1000000000000014,0.0020323814311178356
1796,40.0,0.002604637858894421,-3.0000000000000018,0.40074969571684005
1797,44.0,0.002921476865594741,-3.4000000000000004,0.20037484785841997
1798,39.0,0.0025509095494271605,-2.900000000000002,0.10018742392920998
1799,43.0,0.0028061190223525045,-3.3000000000000007,0.05009371196460499
1800,40.0,0.002601477370262728,-3.0000000000000018,0.4163696281402234
1801,33.0,0.002190218760915741,-2.3000000000000016,0.2608892827877938
1802,30.0,0.001974910459466628,-2.0000000000000013,0.2081848140701117
1803,39.0,0.00256473668741819,-2.900000000000002,0.1304446413938969
1804,37.0,0.002445033172989497,-2.700000000000002,0.5795031396142936
1805,45.0,0.004693325917287439,-3.5,0.2897515698071468
1806,44.0,0.005285127450406435,-3.4000000000000004,0.14487578490357333
1807,35.0,0.002388539435742132,-2.5000000000000018,0.07243789245178667
1808,57.0,0.00642724910267134,-4.699999999999996,0.03621894622589328
1809,33.0,0.003941919696444529,-2.3000000000000016,0.41186032927514216
1810,38.0,0.00403278375051741,-2.800000000000002,0.06522232069694844
1811,35.0,0.003661821373498242,-2.5000000000000018,0.20593016463757108
1812,39.0,0.0036851299792033387,-2.900000000000002,0.10296508231878554
1813,35.0,0.0030328840957736247,-2.5000000000000018,0.05148254115939277
1814,40.0,0.0045546594692496,-3.0000000000000018,0.02574127057969644
1815,37.0,0.003040785318262351,-2.700000000000002,0.5451506008009696
1816,39.0,0.002500736789443181,-2.900000000000002,0.7434550300954156
1817,37.0,0.0023660209526497056,-2.700000000000002,0.2725753004004847
1818,35.0,0.002360490097089496,-2.5000000000000018,0.13628765020024236
1819,32.0,0.0020483918242462096,-2.2000000000000015,0.37172751504770774
1820,33.0,0.0020973794016754255,-2.3000000000000016,0.06814382510012118
1821,47.0,0.0029629582804773236,-3.6999999999999993,0.18586375752385387
1822,47.0,0.0031359950444311835,-3.6999999999999993,0.09293187876192688
1823,41.0,0.0025860699870463577,-3.1000000000000014,0.04646593938096344
1824,37.0,0.0023411321026287624,-2.700000000000002,0.02323296969048172
1825,30.0,0.0019306636158944457,-2.0000000000000013,0.011616484845240915
1826,54.0,0.0034796982045008917,-4.399999999999997,0.03407191255006059
1827,39.0,0.0024857244670783984,-2.900000000000002,0.005808242422620458
1828,40.0,0.002552884854594595,-3.0000000000000018,0.017035956275030295
1829,36.0,0.0023075519093254115,-2.600000000000002,0.008517978137515092
1830,38.0,0.002416588773485273,-2.800000000000002,0.002904121211310229
1831,37.0,0.0025023170328495326,-2.700000000000002,0.00145206060565517
1832,37.0,0.0024347615844817483,-2.700000000000002,0.40285751464641917
1833,40.0,0.002616094630866428,-3.0000000000000018,0.000726030302827585
1834,35.0,0.0022889840365678538,-2.5000000000000018,0.6213559656145633
1835,31.0,0.002147157100807817,-2.1000000000000014,0.0003630151514137925
1836,46.0,0.002990217496517289,-3.5999999999999996,0.5344500181292827
1837,46.0,0.0029949582303743227,-3.5999999999999996,0.2672250090646413
1838,35.0,0.0023012309311525314,-2.5000000000000018,0.13361250453232065
1839,37.0,0.0025536749772072653,-2.700000000000002,0.31067798280728165
1840,41.0,0.0026891809357039165,-3.1000000000000014,0.06680625226616033
1841,31.0,0.002049577007710468,-2.1000000000000014,0.03340312613308016
1842,31.0,0.00204918194685888,-2.1000000000000014,0.016701563066540137
1843,37.0,0.0031012296676635742,-2.700000000000002,0.008350781533270069
1844,45.0,0.004685029633947124,-3.5,0.00417539076663509
1845,47.0,0.002980340969770623,-3.6999999999999993,0.002087695383317545
1846,38.0,0.0027448845512481057,-2.800000000000002,0.0010438476916587724
1847,39.0,0.0024786133672023425,-2.900000000000002,0.0005219238458293862
1848,36.0,0.0022822679984528804,-2.600000000000002,0.40025879700162137
1849,31.0,0.001974910459466628,-2.1000000000000014,0.15533899140364082
1850,29.0,0.001853231638961006,-1.9000000000000012,0.20012939850081068
1851,35.0,0.0022447371929956716,-2.5000000000000018,0.10006469925040529
1852,41.0,0.0025955514538509306,-3.1000000000000014,0.05003234962520264
1853,30.0,0.001930663614984951,-2.0000000000000013,0.02501617481260132
1854,32.0,0.002053922679806419,-2.2000000000000015,0.012508087406300605
1855,29.0,0.002690761180019763,-1.9000000000000012,0.006254043703150303
1856,27.0,0.0017860712514448096,-1.700000000000001,0.003127021851575096
1857,37.0,0.0023494283859690768,-2.700000000000002,0.07766949570182047
1858,42.0,0.002648094580763427,-3.200000000000001,0.5213336015061344
1859,39.0,0.002631897074934386,-2.900000000000002,0.26066680075306725
1860,44.0,0.002791106700897217,-3.4000000000000004,0.5493479866643586
1861,27.0,0.0017398491027051932,-1.700000000000001,0.27467399333217934
1862,45.0,0.002844439949512889,-3.5,0.13033340037653363
1863,40.0,0.002530761433263251,-3.0000000000000018,0.48935821958468506
1864,33.0,0.0023454777756342082,-2.3000000000000016,0.24467910979234253
1865,27.0,0.0018587624945212156,-1.700000000000001,0.06516670018826676
1866,39.0,0.002867353494366398,-2.900000000000002,0.03258335009413338
1867,31.0,0.0020602436579792993,-2.1000000000000014,0.12233955489617121
1868,41.0,0.002709329051867826,-3.1000000000000014,0.016291675047066745
1869,33.0,0.002161379300559929,-2.3000000000000016,0.008145837523533372
1870,45.0,0.00302735324112291,-3.5,0.004072918761766742
1871,41.0,0.0026192551204076153,-3.1000000000000014,0.002036459380883371
1872,42.0,0.0026654772700567264,-3.200000000000001,0.001018229690441741
1873,48.0,0.003023007568117464,-3.799999999999999,0.0005091148452208705
1874,30.0,0.0019172315378455096,-2.0000000000000013,0.061169777448085605
1875,27.0,0.00175960215710802,-1.700000000000001,0.00025455742261049075
1876,31.0,0.001988737597457657,-2.1000000000000014,0.00012727871130513435
1877,34.0,0.002160984239708341,-2.4000000000000017,0.40013053733290094
1878,37.0,0.002375107357693196,-2.700000000000002,0.030584888724042747
1879,52.0,0.0034745624107017647,-4.1999999999999975,0.20006526866645047
1880,41.0,0.002610168715364125,-3.1000000000000014,0.015292444362021373
1881,43.0,0.002742514184319589,-3.3000000000000007,0.5735484298504858
1882,35.0,0.0022396013991965447,-2.5000000000000018,0.2867742149252428
1883,45.0,0.0029953532912259107,-3.5,0.5938616517100151
1884,45.0,0.0028483905598477577,-3.5,0.007646222181010742
1885,35.0,0.002238811276583874,-2.5000000000000018,0.003823111090505371
1886,35.0,0.0022352557271005935,-2.5000000000000018,0.0019115555452526856
1887,45.0,0.0029558471806012676,-3.5,0.0009557777726263428
1888,31.0,0.001991107964386174,-2.1000000000000014,0.8653696122643457
1889,73.0,0.004560585385661398,-6.29999999999999,0.0004778888863131714
1890,34.0,0.0021605891788567533,-2.4000000000000017,0.43268480613217286
1891,35.0,0.002360095036237908,-2.5000000000000018,0.21634240306608643
1892,29.0,0.0018694291447900468,-1.9000000000000012,0.00023894444315653018
1893,43.0,0.0027267117402516305,-3.3000000000000007,0.00011947222157826509
1894,42.0,0.002662316780515539,-3.200000000000001,0.10817120153304316
1895,36.0,0.002302021053765202,-2.600000000000002,0.05408560076652158
1896,31.0,0.002002959797209769,-2.1000000000000014,5.9736110789021524e-05
1897,31.0,0.0019871573531418107,-2.1000000000000014,0.02704280038326079
1898,41.0,0.0026002921877079643,-3.1000000000000014,0.013521400191630395
1899,34.0,0.0021653299118042924,-2.4000000000000017,0.4044836268140066
1900,35.0,0.002610563776215713,-2.5000000000000018,0.2022418134070033
1901,48.0,0.003027748301065003,-3.799999999999999,0.10112090670350171
1902,32.0,0.0020389103583511314,-2.2000000000000015,0.4329534664303648
1903,36.0,0.0023008358703009435,-2.600000000000002,0.5203731422191323
1904,27.0,0.0018808859158525593,-1.700000000000001,0.21647673321518246
1905,27.0,0.0017414293461115449,-1.700000000000001,0.10823836660759123
1906,35.0,0.002223008832515916,-2.5000000000000018,0.2601865711095661
1907,39.0,0.0024663664735271595,-2.900000000000002,0.13009328555478306
1908,43.0,0.002713674723963777,-3.3000000000000007,0.054119183303795615
1909,39.0,0.0025840946818789234,-2.900000000000002,0.027059591651897863
1910,31.0,0.001981626498491096,-2.1000000000000014,0.013529795825948931
1911,42.0,0.0026516501302467077,-3.200000000000001,0.7471851515199994
1912,45.0,0.002847205377292994,-3.5,0.3735925757599996
1913,33.0,0.002208786632763804,-2.3000000000000016,0.1867962878799998
1914,38.0,0.0024071073066807003,-2.800000000000002,0.0933981439399999
1915,40.0,0.0025394527774551534,-3.0000000000000018,0.046699071970000006
1916,37.0,0.0023478481416532304,-2.700000000000002,0.00676489791297441
1917,37.0,0.0025671070543467067,-2.700000000000002,0.003382448956487205
1918,34.0,0.002168095339584397,-2.4000000000000017,0.023349535985000003
1919,52.0,0.0032667602699802956,-4.1999999999999975,0.001691224478243658
1920,33.0,0.0021088361745569273,-2.3000000000000016,0.000845612239121829
1921,39.0,0.0024738726342548034,-2.900000000000002,0.011674767992500001
1922,33.0,0.002131354656739859,-2.3000000000000016,0.0004228061195609145
1923,37.0,0.0023529839354523574,-2.700000000000002,0.40022658374058406
1924,31.0,0.0019828116810458596,-2.1000000000000014,0.20011329187029203
1925,43.0,0.002723551251619938,-3.3000000000000007,0.10005664593514596
1926,40.0,0.0026247859750583302,-3.0000000000000018,0.7246152027163182
1927,13.0,0.0008825665072436095,-11.3,-0.621886252794992
1928,45.0,0.0028736744716297835,-3.5,0.05002832296757298
1929,31.0,0.0020037499198224396,-2.1000000000000014,0.025014161483786435
1930,40.0,0.002535897227062378,-3.0000000000000018,0.40821877423395736
1931,41.0,0.0026307118914701277,-3.1000000000000014,0.3623076013581592
1932,35.0,0.0022257742602960207,-2.5000000000000018,0.20410938711697868
1933,43.0,0.0027263166794000426,-3.3000000000000007,0.1020546935584894
1934,47.0,0.0029597977927551256,-3.6999999999999993,0.0510273467792447
1935,37.0,0.0023620703414053423,-2.700000000000002,0.025513673389622404
1936,36.0,0.0022893790983289364,-2.600000000000002,0.012756836694811202
1937,36.0,0.0023036012980810483,-2.600000000000002,0.006378418347405601
1938,42.0,0.002659946414496517,-3.200000000000001,0.1811538006790796
1939,33.0,0.002217873038716789,-2.3000000000000016,0.0905769003395398
1940,27.0,0.0017394540409441106,-1.700000000000001,0.5386537558663206
1941,41.0,0.002599502065095294,-3.1000000000000014,0.0452884501697699
1942,39.0,0.00247821830544126,-2.900000000000002,0.02264422508488495
1943,49.0,0.003356834201440506,-3.8999999999999986,0.01132211254244253
1944,31.0,0.0019899227809219155,-2.1000000000000014,0.858524693722319
1945,48.0,0.003034069279237883,-3.799999999999999,0.6791096972114804
1946,34.0,0.002161379300559929,-2.4000000000000017,0.005661056271221265
1947,35.0,0.002372341929913091,-2.5000000000000018,0.002830528135610688
1948,42.0,0.0026603414753481047,-3.200000000000001,0.001415264067805344
1949,31.0,0.001976885764634062,-2.1000000000000014,0.000707632033902672
1950,48.0,0.0030234026298785466,-3.799999999999999,0.00035381601695139153
1951,39.0,0.0024742676951063913,-2.900000000000002,0.00017690800847569577
1952,41.0,0.002610563776215713,-3.1000000000000014,8.845400423784788e-05
1953,42.0,0.00268127971321519,-3.200000000000001,0.7919222633596767
1954,36.0,0.002306366725861153,-2.600000000000002,0.33955484860574026
1955,29.0,0.0018571822502053692,-1.9000000000000012,0.3959611316798384
1956,33.0,0.0021914039443799993,-2.3000000000000016,0.5104444975485923
1957,35.0,0.0022277495663729496,-2.5000000000000018,0.1979805658399192
1958,36.0,0.002301625992913614,-2.600000000000002,0.5659836334550192
1959,49.0,0.00310201978936675,-3.8999999999999986,0.2829918167275096
1960,37.0,0.0024861195279299864,-2.700000000000002,0.0989902829199596
1961,33.0,0.0021064658076284104,-2.3000000000000016,0.1414959083637548
1962,33.0,0.002095404096507991,-2.3000000000000016,0.0707479541818774
1963,35.0,0.0022237989551285864,-2.5000000000000018,0.0353739770909387
1964,44.0,0.002768193156043708,-3.4000000000000004,0.4322610137007137
1965,33.0,0.0021590089336314122,-2.3000000000000016,0.01768698854546935
1966,32.0,0.002040095540905895,-2.2000000000000015,0.008843494272734675
1967,35.0,0.002222613771664328,-2.5000000000000018,0.004421747136367338
1968,31.0,0.001974910459466628,-2.1000000000000014,0.0022108735681836134
1969,41.0,0.002706563624087721,-3.1000000000000014,0.0011054367840918067
1970,40.0,0.0025272058828704758,-3.0000000000000018,0.0005527183920459589
1971,33.0,0.0020973794016754255,-2.3000000000000016,0.0002763591960229794
1972,38.0,0.0024031566963458317,-2.800000000000002,0.7234632221311891
1973,34.0,0.0022392063383449567,-2.4000000000000017,0.7953818971185372
1974,44.0,0.002825872077664826,-3.4000000000000004,0.812978739065563
1975,48.0,0.003022217446414288,-3.799999999999999,0.39769094855926856
1976,35.0,0.002215502671788272,-2.5000000000000018,0.40648936953278136
1977,36.0,0.0022787124489696,-2.600000000000002,0.19884547427963428
1978,40.0,0.00257105766559107,-3.0000000000000018,0.20324468476639068
1979,39.0,0.002495996055586147,-2.900000000000002,0.09942273713981709
1980,39.0,0.002479403489815013,-2.900000000000002,0.7030825730472492
1981,39.0,0.002465971411766077,-2.900000000000002,0.8428367930489649
1982,30.0,0.0019338241045261384,-2.0000000000000013,0.3515412865236246
1983,36.0,0.0022889840374773485,-2.600000000000002,0.6740111294926403
1984,37.0,0.0023478481416532304,-2.700000000000002,0.33700556474632015
1985,37.0,0.002351403691136511,-2.700000000000002,0.17577064326181224
1986,35.0,0.002332835819288448,-2.5000000000000018,0.08788532163090612
1987,43.0,0.002720785823839833,-3.3000000000000007,0.04394266081545306
1988,39.0,0.002464391166540736,-2.900000000000002,0.021971330407726475
1989,35.0,0.002229724871540384,-2.5000000000000018,0.010985665203863237
1990,37.0,0.0023478481416532304,-2.700000000000002,0.005492832601931674
1991,35.0,0.002245527315608342,-2.5000000000000018,0.002746416300965837
1992,37.0,0.0023446876530215377,-2.700000000000002,0.16850278237316008
1993,49.0,0.003111896317022911,-3.8999999999999986,0.0842513911865801
1994,35.0,0.0022403915208997205,-2.5000000000000018,0.0013732081504829186
1995,39.0,0.0025133787439699518,-2.900000000000002,0.04212569559329005
1996,53.0,0.0033355009018123383,-4.299999999999997,0.0006866040752414593
1997,40.0,0.002533921921894944,-3.0000000000000018,0.00034330203762067413
1998,31.0,0.0019828116819553543,-2.1000000000000014,0.00017165101881033706
1999,42.0,0.0028713041047012666,-3.200000000000001,8.582550940516853e-05
2000,37.0,0.00236799625781714,-2.700000000000002,4.2912754702584266e-05
2001,43.0,0.002872884349017113,-3.3000000000000007,2.1456377351292133e-05
2002,37.0,0.002379453029789147,-2.700000000000002,1.0728188675646066e-05
2003,31.0,0.0021400460009317612,-2.1000000000000014,5.364094337823033e-06
2004,32.0,0.0021981199834044673,-2.2000000000000015,0.021062847796645023
2005,35.0,0.0022384162157322862,-2.5000000000000018,2.6820471688004943e-06
2006,29.0,0.0019247376994826482,-1.9000000000000012,0.5202128729971777
2007,36.0,0.00246360104483756,-2.600000000000002,0.2601064364985888
2008,35.0,0.0022301199333014665,-2.5000000000000018,0.010531423898322512
2009,30.0,0.0019136759874527343,-2.0000000000000013,0.1300532182492944
2010,37.0,0.00235337899721344,-2.700000000000002,0.0650266091246472
2011,27.0,0.0017765897846402368,-1.700000000000001,0.0325133045623236
2012,39.0,0.002589625537439133,-2.900000000000002,0.41065599573448197
2013,40.0,0.002525230576793547,-3.0000000000000018,0.20532799786724099
2014,29.0,0.001845725478233362,-1.9000000000000012,0.7352542798379387
2015,39.0,0.0024596504345026915,-2.900000000000002,0.3676271399189692
2016,7.0,0.0005108140076117706,-10.7,-0.3109431263974951
2017,31.0,0.002002959797209769,-2.1000000000000014,0.10266399893362044
2018,35.0,0.0022352557271005935,-2.5000000000000018,0.05133199946681022
2019,19.0,0.0012519486390374368,-11.9,-1.3188850122701261
2020,35.0,0.002221823649961152,-2.5000000000000018,0.02566599973340511
2021,43.0,0.0027263166794000426,-3.3000000000000007,0.0128329998667025
2022,30.0,0.0019527870372257894,-2.0000000000000013,0.00641649993335125
2023,47.0,0.002963748403089994,-3.6999999999999993,0.1838135699594846
2024,15.0,0.000999109532131115,-11.5,-0.07813148314629714
2025,50.0,0.0031387604722112883,-3.9999999999999982,0.09190678497974236
2026,44.0,0.002898168259889644,-3.4000000000000004,0.402174534230066
2027,43.0,0.00271683521259547,-3.3000000000000007,0.201087267115033
2028,34.0,0.002187058272284048,-2.4000000000000017,0.1005436335575165
2029,35.0,0.0022494779268527054,-2.5000000000000018,0.05027181677875825
2030,43.0,0.0028950077703484567,-3.3000000000000007,0.04595339248987118
2031,34.0,0.0023853789462009445,-2.4000000000000017,0.02513590838937918
2032,29.0,0.0018646884118425078,-1.9000000000000012,0.01256795419468959
2033,40.0,0.00254379844864161,-3.0000000000000018,0.4041737568650009
2034,35.0,0.002309527214492846,-2.5000000000000018,0.2020868784325005
2035,37.0,0.0023691814412813983,-2.700000000000002,0.10104343921625025
2036,37.0,0.0023514036920460057,-2.700000000000002,0.050521719608125126
2037,33.0,0.00210567568501574,-2.3000000000000016,0.025260859804062563
2038,33.0,0.0021048855624030693,-2.3000000000000016,0.012630429902031226
2039,34.0,0.0026307118914701277,-2.4000000000000017,0.02297669624493559
2040,39.0,0.0024738726342548034,-2.900000000000002,0.006315214951015613
2041,38.0,0.002416193712633685,-2.800000000000002,0.011488348122467795
2042,41.0,0.002604637858894421,-3.1000000000000014,0.003157607475507751
2043,32.0,0.0021353052670747275,-2.2000000000000015,0.7209615057867784
2044,37.0,0.002355749364141957,-2.700000000000002,0.005744174061233842
2045,47.0,0.002963353342238406,-3.6999999999999993,0.002872087030616921
2046,24.0,0.0015553555667793262,-12.4,-9.836273995748993
2047,29.0,0.0018579723728180397,-12.900000000000002,-1.2428100720395125
2048,15.0,0.0010172823431275901,-11.5,-0.6594425061350631
2049,34.0,0.002194169372160104,-2.4000000000000017,0.0014360435153084605
2050,38.0,0.002430810973237385,-2.800000000000002,0.0007180217576542303
2051,31.0,0.0019950585756305372,-2.1000000000000014,0.00035901087882717064
2052,48.0,0.003160093771839456,-3.799999999999999,0.3604807528933892
2053,29.0,0.0018793056724462076,-1.9000000000000012,0.00017950543941358532
2054,37.0,0.002369576502132986,-2.700000000000002,8.975271970679266e-05
2055,47.0,0.002968489136037533,-3.6999999999999993,0.18024037644669466
2056,33.0,0.00209105842441204,-2.3000000000000016,0.09012018822334733
2057,33.0,0.0021187127013035933,-2.3000000000000016,0.045060094111673665
2058,44.0,0.0027836005392600782,-3.4000000000000004,0.022530047055836833
2059,37.0,0.0023525888746007695,-2.700000000000002,0.01126502352791836
2060,46.0,0.0029017238093729247,-3.5999999999999996,4.487635985350735e-05
2061,39.0,0.0026117489596799714,-2.900000000000002,0.40010375656867914
2062,40.0,0.0025437984495511046,-3.0000000000000018,0.00563251176395918
2063,33.0,0.002110021357111691,-2.3000000000000016,0.20005187828433957
2064,29.0,0.0018544168224252644,-1.9000000000000012,0.10002593914216984
2065,44.0,0.00311663704997045,-3.4000000000000004,0.5277539802332561
2066,30.0,0.001997428942559054,-2.0000000000000013,0.263876990116628
2067,38.0,0.002496391116437735,-2.800000000000002,0.131938495058314
2068,36.0,0.002365230830037035,-2.600000000000002,0.43259760197293196
2069,53.0,0.0035124882770105614,-4.299999999999997,0.21629880098646592
2070,45.0,0.0028602423935808474,-3.5,0.10814940049323296
2071,43.0,0.0027259216185484547,-3.3000000000000007,0.054074700246616425
2072,32.0,0.0020499720694715506,-2.2000000000000015,0.027037350123308213
2073,30.0,0.001927503127262753,-2.0000000000000013,0.01351867506165405
2074,27.0,0.0018753550612018444,-1.700000000000001,0.006759337530827025
2075,45.0,0.003090167956543155,-3.5,0.0033796687654135127
2076,45.0,0.0028535263545563794,-3.5,0.065969247529157
2077,33.0,0.00211476209005923,-2.3000000000000016,0.5306454300119121
2078,40.0,0.002707353745790897,-3.0000000000000018,0.26532271500595606
2079,47.0,0.0030798963671259116,-3.6999999999999993,0.13266135750297803
2080,37.0,0.0024363418287975946,-2.700000000000002,0.06633067875148901
2081,47.0,0.003169180177792441,-3.6999999999999993,0.03298462376457856
2082,42.0,0.0026611315970512806,-3.200000000000001,0.03316533937574451
2083,51.0,0.0032027603701862972,-4.099999999999998,0.016582669687872253
2084,40.0,0.0025351071053592023,-3.0000000000000018,0.008291334843936182
2085,48.0,0.003156143160595093,-3.799999999999999,0.004145667421968091
2086,36.0,0.002290169220032112,-2.600000000000002,0.002072833710984101
2087,37.0,0.002351008631194418,-2.700000000000002,0.01649231188228928
2088,43.0,0.002711304357944755,-3.3000000000000007,0.0010364168554920505
2089,29.0,0.001848095845161879,-1.9000000000000012,0.0005182084277459698
2090,34.0,0.002191799005231587,-2.4000000000000017,0.0002591042138729849
2091,35.0,0.0022364409096553572,-2.5000000000000018,0.00012955210693643693
2092,32.0,0.0020416757861312362,-2.2000000000000015,6.477605346821846e-05
2093,34.0,0.002168095339584397,-13.400000000000002,-9.860079456844572
2094,31.0,0.002116737396136159,-2.1000000000000014,3.238802673410923e-05
2095,29.0,0.0018575773110569571,-1.9000000000000012,0.00824615594114464
2096,35.0,0.0022305149932435597,-2.5000000000000018,0.00412307797057232
2097,43.0,0.002718810517762904,-3.3000000000000007,1.619401336716564e-05
2098,29.0,0.0018599476788949687,-1.9000000000000012,8.09700668358282e-06
2099,37.0,0.002386169068813615,-2.700000000000002,4.048503341902432e-06
2100,43.0,0.002725131496845279,-3.3000000000000007,2.024251670951216e-06
2101,31.0,0.0019839968654196127,-2.1000000000000014,1.0121258355866303e-06
2102,41.0,0.002596341576463601,-3.1000000000000014,5.060629177933151e-07
2103,32.0,0.002239206337435462,-2.2000000000000015,0.40008933622217513
2104,40.0,0.00256473668741819,-3.0000000000000018,0.5215009155200369
2105,31.0,0.00200730546930572,-2.1000000000000014,0.2607504577600184
2106,41.0,0.0026030576145785744,-3.1000000000000014,0.7853521604371174
2107,35.0,0.0023257247203218867,-2.5000000000000018,0.3926760802185587
2108,36.0,0.002290564281793195,-2.600000000000002,0.1303752288800092
2109,49.0,0.003073575389862526,-3.8999999999999986,0.19633804010927935
2110,48.0,0.003011155735293869,-3.799999999999999,0.06518761444000454
2111,44.0,0.0028965880155737977,-3.4000000000000004,0.5505686067177454
2112,35.0,0.0022328853601720766,-2.5000000000000018,0.2752843033588728
2113,38.0,0.0024150085291694268,-2.800000000000002,0.1376421516794364
2114,33.0,0.0021139719683560543,-2.3000000000000016,0.0688210758397182
2115,43.0,0.0027314524741086643,-3.3000000000000007,0.03441053791985915
2116,35.0,0.0022490828660011175,-2.5000000000000018,0.09816902005463968
2117,31.0,0.001985972170587047,-2.1000000000000014,0.017205268959929576
2118,37.0,0.0023521938137491816,-2.700000000000002,0.04908451002731984
2119,47.0,0.0029590076692329603,-3.6999999999999993,0.008602634479964788
2120,39.0,0.0026054279815070913,-2.900000000000002,0.02454225501365992
2121,41.0,0.0026070082258229377,-3.1000000000000014,0.012271127506829904
2122,33.0,0.0021131818457433837,-2.3000000000000016,0.7502468263020726
2123,41.0,0.0026026625546364812,-3.1000000000000014,0.006135563753414952
2124,33.0,0.0022186631613294594,-2.3000000000000016,0.0030677818767075316
2125,29.0,0.0018619229831529083,-1.9000000000000012,0.37512341315103637
2126,59.0,0.003691450956466724,-4.899999999999995,0.0015338909383537658
2127,38.0,0.0024019715128815733,-2.800000000000002,0.0007669454691768829
2128,37.0,0.002458070190186845,-2.700000000000002,0.00038347273458838593
2129,33.0,0.002130564535036683,-2.3000000000000016,0.000191736367294304
2130,34.0,0.002164144728340034,-2.4000000000000017,9.5868183647152e-05
2131,48.0,0.0030305137297546025,-3.799999999999999,0.5220042810258136
2132,42.0,0.0028057239615009166,-3.200000000000001,4.7934091823576e-05
2133,40.0,0.0025465638764217147,-3.0000000000000018,2.396704591189902e-05
2134,43.0,0.0027361932070562034,-3.3000000000000007,0.2610021405129068
2135,41.0,0.0026058230423586792,-3.1000000000000014,0.1305010702564534
2136,43.0,0.002897773199038056,-3.3000000000000007,0.06525053512822665
2137,37.0,0.002599502065095294,-2.700000000000002,0.032625267564113325
2138,47.0,0.0032442417868878692,-3.6999999999999993,1.198352295594951e-05
2139,49.0,0.0032952046694845194,-3.8999999999999986,5.9917614780857775e-06
2140,51.0,0.0034666611882130383,-4.099999999999998,2.9958807390428888e-06
2141,43.0,0.0027500203450472327,-3.3000000000000007,0.016312633782056718
2142,47.0,0.0030522420902343583,-3.6999999999999993,0.008156316891028359
2143,33.0,0.0023004408094493556,-2.3000000000000016,0.0040781584455141795
2144,30.0,0.0019278981881143409,-2.0000000000000013,0.40141457324651886
2145,40.0,0.0025441935104026925,-3.0000000000000018,0.7819594938418806
2146,42.0,0.0026654772700567264,-3.200000000000001,0.6542260072503379
2147,40.0,0.002539057715694071,-3.0000000000000018,0.6127126241080866
2148,39.0,0.002496391116437735,-2.900000000000002,0.20070728662325943
2149,43.0,0.0027267117402516305,-3.3000000000000007,0.30635631205404334
2150,35.0,0.0022313051158562303,-2.5000000000000018,0.15317815602702167
2151,37.0,0.0023466629590984667,-2.700000000000002,0.07658907801351078
2152,29.0,0.002398415962488798,-1.9000000000000012,0.03829453900675539
2153,33.0,0.0021858730888197897,-2.3000000000000016,0.01914726950337764
2154,43.0,0.0027456746738607762,-3.3000000000000007,0.10035364331162966
2155,33.0,0.002110416417963279,-2.3000000000000016,0.5294940797217251
2156,39.0,0.002573032971667999,-2.900000000000002,0.7720027577315636
2157,60.0,0.0037696730551033397,-4.999999999999995,0.3860013788657818
2158,37.0,0.002355749364141957,-2.700000000000002,0.05017682165581483
2159,45.0,0.002847205377292994,-3.5,0.02508841082790747
2160,33.0,0.0022234038942769985,-2.3000000000000016,0.19300068943289084
2161,31.0,0.0020013795528939227,-2.1000000000000014,0.09650034471644542
2162,39.0,0.0024857244670783984,-2.900000000000002,0.04825017235822271
2163,159.0,0.01007563839903014,-25.89999999999996,-9.85791937396162
2164,46.0,0.0029195015586083173,-3.5999999999999996,0.012544205413953735
2165,38.0,0.0024082924901449587,-2.800000000000002,0.40416603851126176
2166,40.0,0.0026556007424005657,-3.0000000000000018,0.024125086179111355
2167,34.0,0.0021846879053555313,-2.4000000000000017,0.012062543089555677
2168,37.0,0.002360095036237908,-2.700000000000002,0.006031271544777894
2169,40.0,0.002544983633015363,-3.0000000000000018,0.003015635772388947
2170,45.0,0.0028456251329771476,-3.5,0.20208301925563088
2171,29.0,0.0020175770587229636,-1.9000000000000012,0.5335689395377413
2172,35.0,0.0023770826637701248,-2.5000000000000018,0.2667844697688706
2173,55.0,0.0034492784998292336,-4.4999999999999964,0.1333922348844353
2174,39.0,0.002463996105689148,-2.900000000000002,0.0666961174422176
2175,41.0,0.002629526708915364,-3.1000000000000014,0.0333480587211088
2176,35.0,0.0022305149932435597,-2.5000000000000018,0.0166740293605544
2177,43.0,0.0027334277792760986,-3.3000000000000007,0.008337014680277255
2178,29.0,0.0018820710993168177,-1.9000000000000012,0.0041685073401386274
2179,36.0,0.0025291811889474047,-2.600000000000002,0.5320544717042308
2180,53.0,0.0033465626129327575,-4.299999999999997,0.2660272358521154
2181,41.0,0.0026054279815070913,-3.1000000000000014,0.1330136179260577
2182,39.0,0.0024762430002738256,-2.900000000000002,0.06650680896302885
2183,34.0,0.0022798976315243635,-2.4000000000000017,0.7353234133540265
2184,36.0,0.002290169220032112,-2.600000000000002,0.36766170667701314
2185,35.0,0.002233675482784747,-2.5000000000000018,0.10104150962781544
2186,52.0,0.003279402225416561,-4.1999999999999975,0.05052075481390772
2187,31.0,0.0021191077621551813,-2.1000000000000014,0.02526037740695386
2188,38.0,0.002423699874270824,-2.800000000000002,0.012630188703476986
2189,90.0,0.005641867627673491,-18.999999999999986,-9.857616367611378
2190,41.0,0.002740933940913237,-3.1000000000000014,0.006315094351738493
2191,56.0,0.0035354018209545757,-4.599999999999996,0.6255288194829538
2192,49.0,0.0031004395450509037,-3.8999999999999986,0.3127644097414769
2193,37.0,0.002352983936361852,-2.700000000000002,0.0031575471758692464
2194,39.0,0.0026105637753062183,-2.900000000000002,0.1563822048707384
2195,47.0,0.002982711335789645,-3.6999999999999993,0.5474881395641725
2196,39.0,0.002475057816809567,-2.900000000000002,0.2737440697820863
2197,53.0,0.003344587307765323,-4.299999999999997,0.13687203489104316
2198,35.0,0.0023257247203218867,-2.5000000000000018,0.06843601744552164
2199,37.0,0.002348243203414313,-2.700000000000002,0.03421800872276082
2200,39.0,0.002462810923134384,-2.900000000000002,0.01710900436138041
2201,33.0,0.0021021201346229645,-2.3000000000000016,0.008554502180690204
2202,35.0,0.002222613771664328,-2.5000000000000018,0.004277251090345047
2203,50.0,0.003233970197470626,-3.9999999999999982,0.0021386255451725233
2204,41.0,0.002631897075843881,-3.1000000000000014,0.0781911024353692
2205,51.0,0.00322685909759457,-4.099999999999998,0.0010693127725862617
2206,36.0,0.002588835415735957,-2.600000000000002,0.0390955512176846
2207,35.0,0.0022324902993204887,-2.5000000000000018,0.019547775608842244
2208,39.0,0.00248453928361414,-2.900000000000002,0.009773887804421122
2209,37.0,0.0023608851588505786,-2.700000000000002,0.8044217569289585
2210,35.0,0.0022372310322680278,-2.5000000000000018,0.6615262427536381
2211,37.0,0.0023806382132534054,-2.700000000000002,0.3307631213768192
2212,37.0,0.002351008630284923,-2.700000000000002,0.004886943902210561
2213,36.0,0.0022874037922520074,-2.600000000000002,0.1653815606884096
2214,39.0,0.0024715022673262865,-2.900000000000002,0.0024434719511052805
2215,39.0,0.002589625537439133,-2.900000000000002,0.0012217359755526402
2216,31.0,0.0019820215593426838,-2.1000000000000014,0.0006108679877763201
2217,38.0,0.0024339714618690778,-2.800000000000002,0.08269078034420474
2218,43.0,0.002739748756539484,-3.3000000000000007,0.40028770384775414
2219,44.0,0.002917131192589295,-3.4000000000000004,0.20014385192387707
2220,41.0,0.0026050329206555034,-3.1000000000000014,0.10007192596193848
2221,46.0,0.0029096250318616512,-3.5999999999999996,0.05003596298096924
2222,40.0,0.002538267593990895,-3.0000000000000018,0.02501798149048462
2223,33.0,0.0022396013991965447,-2.3000000000000016,0.012508990745242254
2224,40.0,0.0025532799163556774,-3.0000000000000018,0.006254495372621127
2225,36.0,0.002292934647812217,-2.600000000000002,0.0031272476863105636
2226,35.0,0.002232095238468901,-2.5000000000000018,0.0015636238431553373
2227,31.0,0.0019879474757544813,-2.1000000000000014,0.0007818119215776687
2228,38.0,0.0024426628069704748,-2.800000000000002,0.00039090596078883433
2229,37.0,0.0023711567464488326,-2.700000000000002,0.00019545298039447268
2230,32.0,0.0020476017025430338,-2.2000000000000015,9.772649019712532e-05
2231,39.0,0.0024742676951063913,-2.900000000000002,4.886324509856266e-05
2232,49.0,0.003209871470971848,-3.8999999999999986,2.443162254928133e-05
2233,29.0,0.0018635032274687546,-1.9000000000000012,0.4000971120290553
2234,35.0,0.0022360458488037693,-2.5000000000000018,0.20004855601452765
2235,43.0,0.0027286870463285595,-3.3000000000000007,0.5434233740616367
2236,47.0,0.0030846371009829454,-3.6999999999999993,0.10002427800726377
2237,37.0,0.002349033324207994,-2.700000000000002,0.27171168703081827
2238,38.0,0.002404736940661678,-2.800000000000002,0.050012139003631884
2239,39.0,0.0024600454953542794,-2.900000000000002,0.025006069501815942
2240,42.0,0.002761082056167652,-3.200000000000001,0.4883954700367428
2241,30.0,0.0019196019047740265,-2.0000000000000013,0.012503034750907971
2242,37.0,0.002353774058065028,-2.700000000000002,0.40415265804577194
2243,37.0,0.0023494283859690768,-2.700000000000002,0.20207632902288597
2244,35.0,0.0022281446272245375,-2.5000000000000018,0.10103816451144298
2245,42.0,0.002676934041119239,-3.200000000000001,0.2441977350183714
2246,54.0,0.0033959452512135613,-4.399999999999997,0.5638736239192412
2247,35.0,0.002221823649961152,-2.5000000000000018,0.2819368119596206
2248,39.0,0.0024715022673262865,-2.900000000000002,0.1409684059798103
2249,54.0,0.0034397970339341555,-4.399999999999997,0.5701015535671785
2250,39.0,0.002491650383490196,-2.900000000000002,0.28505077678358925
2251,35.0,0.0022427618878282374,-2.5000000000000018,0.14252538839179463
2252,39.0,0.002498761483366252,-2.900000000000002,0.07126269419589737
2253,43.0,0.0028325881157797994,-3.3000000000000007,0.035631347097948685
2254,34.0,0.0021914039443799993,-2.4000000000000017,0.017815673548974287
2255,39.0,0.0025469589381827973,-2.900000000000002,0.008907836774487143
2256,45.0,0.002849180682460428,-3.5,0.7539727045133992
2257,42.0,0.002675748858564475,-3.200000000000001,0.37698635225669963
2258,41.0,0.0026101687144546304,-3.1000000000000014,0.12209886750918564
2259,28.0,0.0018765402446661028,-1.8000000000000012,0.5226097362351542
2260,34.0,0.0021767866837762995,-2.4000000000000017,0.26130486811757714
2261,27.0,0.0018793056724462076,-1.700000000000001,0.06104943375459282
2262,40.0,0.002540242900067824,-3.0000000000000018,0.4850132538899393
2263,40.0,0.00253550216621079,-3.0000000000000018,0.03052471687729641
2264,38.0,0.0024549097015551524,-2.800000000000002,0.015262358438648205
2265,33.0,0.0023486382633564062,-2.3000000000000016,0.007631179219324102
2266,39.0,0.0025603910162317334,-2.900000000000002,0.6617592200004314
2267,31.0,0.0020428609695954947,-2.1000000000000014,0.3308796100002157
2268,48.0,0.003169180177792441,-3.799999999999999,0.6261323012618251
2269,47.0,0.003192883843439631,-3.6999999999999993,0.3130661506309125
2270,50.0,0.0033058713197533507,-3.9999999999999982,0.15653307531545624
2271,36.0,0.0024549097006456577,-2.600000000000002,0.8803437581119098
2272,43.0,0.0027223660681556794,-3.3000000000000007,0.7667267466934735
2273,35.0,0.0025528848555040895,-2.5000000000000018,0.38336337334673676
2274,35.0,0.0022443421321440837,-2.5000000000000018,0.07826653765772806
2275,37.0,0.002355354303290369,-2.700000000000002,0.03913326882886403
2276,48.0,0.003018266835169925,-3.799999999999999,0.19168168667336838
2277,39.0,0.0027535758963495027,-2.900000000000002,0.09584084333668419
2278,35.0,0.0023213790482259355,-2.5000000000000018,0.01956663441443207
2279,41.0,0.002710909297093167,-3.1000000000000014,0.047920421668342095
2280,31.0,0.002062614024907816,-2.1000000000000014,0.009783317207216036
2281,47.0,0.003546858592926583,-3.6999999999999993,0.004891658603608073
2282,27.0,0.0017592070971659268,-1.700000000000001,0.0024458293018040367
2283,35.0,0.002241971765215567,-2.5000000000000018,0.023960210834170992
2284,33.0,0.0021187127013035933,-2.3000000000000016,0.011980105417085496
2285,36.0,0.002295700075592322,-2.600000000000002,0.5348250859641042
2286,47.0,0.002996143413838581,-3.6999999999999993,0.0059900527085428035
2287,29.0,0.0018777254281303613,-1.9000000000000012,0.2674125429820521
2288,37.0,0.002358514791012567,-2.700000000000002,0.13370627149102599
2289,33.0,0.002110416417963279,-2.3000000000000016,0.06685313574551299
2290,47.0,0.003078711184571148,-3.6999999999999993,0.03342656787275655
2291,43.0,0.0027365882679077913,-3.3000000000000007,0.0029950263542714017
2292,33.0,0.0021163423343750765,-2.3000000000000016,0.016713283936378276
2293,37.0,0.0023644407083338592,-2.700000000000002,0.0014975131771357564
2294,44.0,0.0029108102153259097,-3.4000000000000004,0.008356641968189082
2295,32.0,0.0020555029250317602,-2.2000000000000015,0.0007487565885678782
2296,39.0,0.0024718973281778744,-2.900000000000002,0.0003743782942839946
2297,29.0,0.0018591575553728035,-1.9000000000000012,0.00018718914714188628
2298,33.0,0.0021080460519442568,-2.3000000000000016,9.359457357094314e-05
2299,35.0,0.002264490248307993,-2.5000000000000018,0.004178320984094541
2300,45.0,0.002959797791845631,-3.5,4.679728678547157e-05
2301,37.0,0.0023672061352044693,-2.700000000000002,2.3398643392624763e-05
2302,48.0,0.0030348594018505537,-3.799999999999999,0.002089160492047215
2303,41.0,0.0026698229421526776,-3.1000000000000014,0.0010445802460236076
2304,29.0,0.0018824661610779003,-1.9000000000000012,0.0005222901230117483
2305,46.0,0.0029155509482734487,-3.5999999999999996,0.4000967763108294
2306,49.0,0.003095303750342282,-3.8999999999999986,0.2000483881554147
2307,42.0,0.0027646376065604272,-3.200000000000001,0.00026114506150587413
2308,35.0,0.002280292693285446,-2.5000000000000018,0.10002419407770735
2309,43.0,0.0027310574123475817,-3.3000000000000007,0.050012097038853676
2310,41.0,0.002781625234092644,-3.1000000000000014,0.025006048519426782
2311,31.0,0.00206103378059197,-2.1000000000000014,0.00013057253075299258
2312,33.0,0.002220638465587399,-2.3000000000000016,0.012503024259713391
2313,34.0,0.0022384162157322862,-2.4000000000000017,0.006251512129856751
2314,34.0,0.0022380211548806983,-2.4000000000000017,0.0031257560649283755
2315,33.0,0.002243947071292496,-2.3000000000000016,6.528626537649629e-05
2316,37.0,0.002432391218462726,-2.700000000000002,3.2643132688248144e-05
2317,50.0,0.0032553034970987937,-3.9999999999999982,0.5467018969902403
2318,44.0,0.002870118921237008,-3.4000000000000004,0.8277514937704935
2319,35.0,0.0023269099028766504,-2.5000000000000018,0.41387574688524675
2320,38.0,0.002491255322638608,-2.800000000000002,0.534598789489432
2321,32.0,0.0021704657056034193,-2.2000000000000015,0.267299394744716
2322,31.0,0.0019800462541752495,-2.1000000000000014,0.133649697372358
2323,38.0,0.0026030576145785744,-2.800000000000002,0.066824848686179
2324,35.0,0.0022447371929956716,-2.5000000000000018,0.03341242434308955
2325,30.0,0.0019247376985731535,-2.0000000000000013,0.016706212171544776
2326,41.0,0.002599107004243706,-3.1000000000000014,0.008353106085772444
2327,49.0,0.003268340514296142,-3.8999999999999986,0.004176553042886222
2328,31.0,0.0020061202867509564,-2.1000000000000014,0.5531706603001583
2329,35.0,0.002257379148431937,-2.5000000000000018,0.0020882765214431664
2330,35.0,0.0022372310331775225,-2.5000000000000018,0.0010441382607215832
2331,39.0,0.00247821830544126,-2.900000000000002,0.0005220691303607916
2332,31.0,0.0020910584235025453,-2.1000000000000014,0.0002610345651803403
2333,35.0,0.0022234038942769985,-2.5000000000000018,0.00013051728259005912
2334,42.0,0.0026524402528593782,-3.200000000000001,0.5203047470330985
2335,37.0,0.0023379716149065644,-2.700000000000002,0.2601523735165492
2336,32.0,0.0021945644339211867,-2.2000000000000015,0.1300761867582746
2337,38.0,0.002409477674518712,-2.800000000000002,0.27658533015007913
2338,35.0,0.002222613771664328,-2.5000000000000018,0.13829266507503957
2339,52.0,0.003268340514296142,-4.1999999999999975,0.8165581022194486
2340,41.0,0.002701822891140182,-3.1000000000000014,0.4082790511097243
2341,31.0,0.002098169524288096,-2.1000000000000014,0.5644269338645771
2342,43.0,0.002872884349017113,-3.3000000000000007,0.20413952555486214
2343,47.0,0.0029676990134248626,-3.6999999999999993,0.28221346693228866
2344,59.0,0.0039403394530381775,-4.899999999999995,0.10206976277743107
2345,37.0,0.002343897530408867,-2.700000000000002,0.05103488138871559
2346,36.0,0.002278317387208517,-2.600000000000002,0.8679362451335936
2347,47.0,0.002959007670142455,-3.6999999999999993,0.4166755082030593
2348,44.0,0.0029119953978806734,-3.4000000000000004,0.20833775410152966
2349,37.0,0.0023660209526497056,-2.700000000000002,0.10416887705076483
2350,37.0,0.0023502185076722526,-2.700000000000002,0.05208443852538247
2351,31.0,0.0019812314367300132,-2.1000000000000014,0.43396812256679684
2352,32.0,0.0020507621911747265,-2.2000000000000015,0.026042219262691235
2353,41.0,0.0026465143364475807,-3.1000000000000014,0.5286907485356134
2354,48.0,0.0030633038013547775,-3.799999999999999,0.2643453742678067
2355,39.0,0.0024837491610014695,-2.900000000000002,0.1321726871339033
2356,37.0,0.00235337899721344,-2.700000000000002,0.44304529507024526
2357,29.0,0.001887601955786522,-1.9000000000000012,0.22152264753512263
2358,53.0,0.0033544638345119893,-4.299999999999997,0.21698406128339842
2359,37.0,0.002354169118916616,-2.700000000000002,0.11076132376756131
2360,40.0,0.0025445885712542804,-3.0000000000000018,0.4360866019761842
2361,31.0,0.0020128363257754245,-2.1000000000000014,0.10849203064169921
2362,41.0,0.0026070082258229377,-3.1000000000000014,0.054246015320849605
2363,36.0,0.0022960951373534044,-2.600000000000002,0.027123007660424747
2364,38.0,0.0024138233457051683,-2.800000000000002,0.5301675075497437
2365,44.0,0.0029621681587741477,-3.4000000000000004,0.2180433009880921
2366,41.0,0.002597526759018365,-3.1000000000000014,0.109021650494046
2367,41.0,0.002590415659142309,-3.1000000000000014,0.054510825247023
2368,36.0,0.0022870087314004195,-2.600000000000002,0.2650837537748718
2369,52.0,0.0034077970840371563,-4.1999999999999975,0.1325418768874359
2370,35.0,0.002221823649961152,-2.5000000000000018,0.0272554126235115
2371,44.0,0.0027780696836998686,-3.4000000000000004,0.0662709384437179
2372,27.0,0.0017327380028291373,-1.700000000000001,0.03313546922185895
2373,43.0,0.0028381189722495037,-3.3000000000000007,0.01656773461092942
2374,39.0,0.002466366472617665,-2.900000000000002,0.00828386730546471
2375,38.0,0.002406712246738607,-2.800000000000002,0.013627706311755805
2376,35.0,0.0022174779769557063,-2.5000000000000018,0.0068138531558779025
2377,35.0,0.002215107610936684,-2.5000000000000018,0.0034069265779389513
2378,42.0,0.00270221795199177,-3.200000000000001,0.0017034632889694201
2379,36.0,0.002316243252607819,-2.600000000000002,0.00414193365273241
2380,37.0,0.0023596999744768254,-2.700000000000002,0.002070966826366205
2381,31.0,0.001978861070710991,-2.1000000000000014,0.001035483413183158
2382,31.0,0.0031438962660104153,-2.1000000000000014,0.000517741706591579
2383,41.0,0.005782114320027176,-3.1000000000000014,0.0002588708532957895
2384,39.0,0.0036855250400549266,-2.900000000000002,0.00012943542664789476
2385,37.0,0.0024608356170574552,-2.700000000000002,0.5207731229220421
2386,41.0,0.0026887858748523286,-3.1000000000000014,6.471771332394738e-05
2387,40.0,0.002722761129916762,-3.0000000000000018,0.260386561461021
2388,33.0,0.00218034223325958,-2.3000000000000016,3.235885666197369e-05
2389,21.0,0.0014143187527224654,-12.100000000000001,-5.7007647358087095
2390,47.0,0.003064884045670624,-3.6999999999999993,1.6179428330875822e-05
2391,27.0,0.001789626801837585,-1.700000000000001,0.1301932807305105
2392,40.0,0.0027219710073040915,-3.0000000000000018,8.089714165437911e-06
2393,51.0,0.0033058713197533507,-4.099999999999998,0.06509664036525531
2394,37.0,0.0024209344455812243,-2.700000000000002,0.032548320182627655
2395,47.0,0.0030471062955257366,-3.6999999999999993,0.792250026015711
2396,39.0,0.0026678476360757486,-2.900000000000002,0.016274160091313883
2397,31.0,0.0022016755337972427,-2.1000000000000014,0.008137080045656941
2398,29.0,0.001920787088238285,-1.9000000000000012,0.7390218172060199
2399,34.0,0.0022704161647197907,-2.4000000000000017,0.541761242237344
2400,33.0,0.0023225642307806993,-2.3000000000000016,0.27088062111867206
2401,39.0,0.0025912057817549794,-2.900000000000002,0.36951090860300995
2402,45.0,0.0029372793087532045,-3.5,0.13544031055933603
2403,35.0,0.002320588925613265,-2.5000000000000018,0.4441072726835109
2404,49.0,0.003130464188870974,-3.8999999999999986,0.22205363634175546
2405,36.0,0.0023004408094493556,-2.600000000000002,0.18475545430150497
2406,37.0,0.002361280218792672,-2.700000000000002,0.11102681817087778
2407,49.0,0.0031454765103262616,-3.8999999999999986,0.05551340908543889
2408,41.0,0.0025971316990762716,-3.1000000000000014,0.09237772715075243
2409,32.0,0.0020345646853456856,-2.2000000000000015,0.5650542763133046
2410,55.0,0.003441377278250002,-4.4999999999999964,0.046188863575376216
2411,33.0,0.002119897884767852,-2.3000000000000016,0.2825271381566523
2412,31.0,0.001978861070710991,-2.1000000000000014,0.14126356907832616
2413,51.0,0.0031802418880033656,-4.099999999999998,0.07063178453916308
2414,39.0,0.002458070190186845,-2.900000000000002,0.023094431787688108
2415,42.0,0.0027508104676599032,-3.200000000000001,0.03531589226958154
2416,38.0,0.0024039468180490076,-2.800000000000002,0.01765794613479077
2417,35.0,0.002217477977865201,-2.5000000000000018,0.008828973067395385
2418,37.0,0.0023363913696812233,-2.700000000000002,0.004414486533697692
2419,36.0,0.0024019715128815733,-2.600000000000002,0.002207243266848846
2420,47.0,0.002954661998046504,-3.6999999999999993,0.0011036216334243676
2421,40.0,0.002517724416065903,-3.0000000000000018,0.01154721589384411
2422,41.0,0.0025742181542227627,-3.1000000000000014,0.0005518108167121838
2423,35.0,0.002366811075262376,-2.5000000000000018,0.005773607946922055
2424,39.0,0.0024687368395461817,-2.900000000000002,0.002886803973461083
2425,35.0,0.002220243404735811,-2.5000000000000018,0.0014434019867305414
2426,55.0,0.00345085874414508,-4.4999999999999964,0.0002759054083560919
2427,41.0,0.002704193258068699,-3.1000000000000014,0.40017884100944245
2428,38.0,0.002418564079562202,-2.800000000000002,0.6311357056751448
2429,35.0,0.002241576704363979,-2.5000000000000018,0.31556785283757227
2430,33.0,0.0021072559293315862,-2.3000000000000016,0.0007217009933653262
2431,40.0,0.002530366372411663,-3.0000000000000018,0.40032372457457055
2432,59.0,0.0037372780452642473,-4.899999999999995,0.15778392641878614
2433,39.0,0.0024742676941968966,-2.900000000000002,0.07889196320939307
2434,40.0,0.0025434033886995167,-3.0000000000000018,0.20016186228728527
2435,39.0,0.002687205630536482,-2.900000000000002,0.03944598160469659
2436,43.0,0.002812835060467478,-3.3000000000000007,0.019722990802348295
2437,46.0,0.002994958229464828,-3.5999999999999996,0.009861495401174203
2438,27.0,0.0017868613740574801,-1.700000000000001,0.0049307477005871014
2439,39.0,0.0026488847033760976,-2.900000000000002,0.0024653738502935507
2440,47.0,0.00307199514554668,-3.6999999999999993,0.5211953950828616
2441,33.0,0.0021985150442560553,-2.3000000000000016,0.2605976975414308
2442,37.0,0.0024347615844817483,-2.700000000000002,0.5757913731655495
2443,36.0,0.002465971411766077,-2.600000000000002,0.1302988487707154
2444,18.0,0.0011938746565647307,-11.8,-1.2499927886093953
2445,33.0,0.002102910257235635,-2.3000000000000016,0.06514942438535765
2446,37.0,0.0023517987528975937,-2.700000000000002,0.28789568658277476
2447,52.0,0.003280192347119737,-4.1999999999999975,0.6007807637047768
2448,39.0,0.002601872431114316,-2.900000000000002,0.540829811041036
2449,43.0,0.0027172302743565524,-3.3000000000000007,0.6719578034294963
2450,27.0,0.0017382688583893469,-1.700000000000001,0.3359789017147481
2451,31.0,0.001983996864510118,-2.1000000000000014,0.16798945085737405
2452,27.0,0.0017437997139495565,-1.700000000000001,0.08399472542868702
2453,29.0,0.0018883920774896978,-1.9000000000000012,1.0241891381675374
2454,45.0,0.0028693287995338324,-3.5,0.6881741407777157
2455,41.0,0.002601872431114316,-3.1000000000000014,0.04199736271434351
2456,40.0,0.0025343169827465317,-3.0000000000000018,0.020998681357171756
2457,39.0,0.0024928355669544544,-2.900000000000002,0.010499340678585822
2458,40.0,0.002543008326938434,-3.0000000000000018,0.4035014574722672
2459,39.0,0.0024726874498810503,-2.900000000000002,0.20175072873613353
2460,45.0,0.0028416745217327843,-3.5,0.10087536436806677
2461,31.0,0.001992688209611515,-2.1000000000000014,0.05043768218403333
2462,34.0,0.002161379300559929,-2.4000000000000017,0.025218841092016664
2463,36.0,0.002266465554384922,-2.600000000000002,0.012609420546008332
2464,39.0,0.002456885005813092,-2.900000000000002,0.006304710273004166
2465,12.0,0.0008154061188179185,-11.2,-9.144759221431647
2466,42.0,0.002678119225492992,-3.200000000000001,0.0031523551365020275
2467,33.0,0.002106070745867328,-2.3000000000000016,0.0015761775682510137
2468,51.0,0.0032059208597274846,-4.099999999999998,0.4006014294614084
2469,45.0,0.002837723910488421,-3.5,0.2003007147307042
2470,32.0,0.0020685399413196137,-2.2000000000000015,0.10015035736535216
2471,41.0,0.0025998971259468817,-3.1000000000000014,0.5516831671240773
2472,52.0,0.00326873557514773,-4.1999999999999975,0.2758415835620387
2473,37.0,0.002349033325117489,-2.700000000000002,0.6951625462726834
2474,39.0,0.002629526708915364,-2.900000000000002,0.13792079178101935
2475,43.0,0.0028033535945723997,-3.3000000000000007,0.3475812731363417
2476,41.0,0.002674563674190722,-3.1000000000000014,0.17379063656817084
2477,49.0,0.0031644394439354073,-3.8999999999999986,0.4449134290805581
2478,30.0,0.0019986141260233126,-2.0000000000000013,0.22245671454027904
2479,40.0,0.002645724214744405,-3.0000000000000018,0.08689531828408548
2480,45.0,0.002938859553069051,-3.5,0.5882037412906546
2481,35.0,0.0023103173371055163,-2.5000000000000018,0.29410187064532733
2482,42.0,0.002680489591512014,-3.200000000000001,0.14705093532266367
2483,57.0,0.0035658215256262338,-4.699999999999996,0.07352546766133183
2484,31.0,0.0019804413150268374,-2.1000000000000014,0.03676273383066597
2485,49.0,0.0031596987109878683,-3.8999999999999986,0.5581927468718909
2486,49.0,0.003087797589614638,-3.8999999999999986,0.018381366915332986
2487,35.0,0.002227354504611867,-2.5000000000000018,0.009190683457666493
2488,34.0,0.0021649348500432097,-2.4000000000000017,0.5284247141069589
2489,41.0,0.0025876502322716988,-3.1000000000000014,0.26421235705347945
2490,40.0,0.002701032769437006,-3.0000000000000018,0.13210617852673967
2491,36.0,0.0024201443238780485,-2.600000000000002,0.5665348039676606
2492,39.0,0.002465181290062901,-2.900000000000002,0.2832674019838304
2493,22.0,0.001426565647307143,-12.200000000000001,-6.4731028211699915
2494,35.0,0.0025224651499229367,-2.5000000000000018,0.1416337009919152
2495,45.0,0.0029495262024283875,-3.5,0.07081685049595765
2496,31.0,0.0020511572520263144,-2.1000000000000014,0.035408425247978825
2497,33.0,0.002193774311308516,-2.3000000000000016,0.017704212623989468
2498,33.0,0.002339551858312916,-2.3000000000000016,0.5344627493845809
2499,34.0,0.002170860767364502,-2.4000000000000017,0.2672313746922905
2500,41.0,0.00258014407063456,-3.1000000000000014,0.13361568734614526
2501,30.0,0.0019101204379694536,-2.0000000000000013,0.06680784367307258
2502,41.0,0.002580539131486148,-3.1000000000000014,0.03340392183653629
2503,67.0,0.004230709363582719,-5.699999999999992,0.016701960918268144
2504,44.0,0.002810069633596868,-3.4000000000000004,0.008350980459134072
2505,39.0,0.002477428183738084,-2.900000000000002,0.6619112780123412
2506,46.0,0.0030230075690269587,-3.5999999999999996,0.33095563900617053
2507,35.0,0.0022214285882000695,-2.5000000000000018,0.16547781950308527
2508,35.0,0.0022222187099032453,-2.5000000000000018,0.08273890975154263
2509,37.0,0.0023336259419011185,-2.700000000000002,0.6708591884146224
2510,42.0,0.0027804400506283855,-3.200000000000001,0.33542959420731133
2511,38.0,0.00280967457274528,-2.800000000000002,0.04136945487577126
2512,34.0,0.002181922478484921,-2.4000000000000017,0.02068472743788563
2513,30.0,0.0019263179428889998,-2.0000000000000013,0.010342363718942815
2514,46.0,0.002903304053688771,-3.5999999999999996,0.005171181859471408
2515,40.0,0.002538267593990895,-3.0000000000000018,0.0025855909297356483
2516,42.0,0.002649674825988768,-3.200000000000001,0.0012927954648678242
2517,38.0,0.0024063171849775244,-2.800000000000002,0.16771479710365567
2518,34.0,0.002164144728340034,-2.4000000000000017,0.08385739855182783
2519,53.0,0.0035903153138860944,-4.299999999999997,0.04192869927591392
2520,37.0,0.00235337899721344,-2.700000000000002,0.528990197107792
2521,47.0,0.002969279257740709,-3.6999999999999993,0.020964349637957014
2522,57.0,0.0037206854785836185,-4.699999999999996,0.010482174818978507
2523,35.0,0.0022344656053974177,-2.5000000000000018,0.2644950985538961
2524,35.0,0.0022285396880761255,-2.5000000000000018,0.13224754927694804
2525,40.0,0.00253550216621079,-3.0000000000000018,0.4034958785678948
2526,32.0,0.0020365399923321093,-2.2000000000000015,0.5312253322862925
2527,41.0,0.0032177726925510797,-3.1000000000000014,0.06612377463847396
2528,37.0,0.0024225146908065653,-2.700000000000002,0.03306188731923698
2529,33.0,0.00250547752239072,-2.3000000000000016,0.01653094365961849
2530,43.0,0.0029001435650570784,-3.3000000000000007,0.2656126661431464
2531,30.0,0.002278712448060105,-2.0000000000000013,0.00826547182980919
2532,36.0,0.0024015764520299854,-2.600000000000002,0.4027754500964147
2533,55.0,0.0035717474420380313,-4.4999999999999964,0.20138772504820734
2534,36.0,0.0023521938137491816,-2.600000000000002,0.10069386252410362
2535,32.0,0.0021432064904729486,-2.2000000000000015,0.05034693126205181
2536,37.0,0.0024782183063507546,-2.700000000000002,0.02517346563102585
2537,48.0,0.0031075506449269596,-3.799999999999999,0.012586732815512924
2538,36.0,0.002353774058065028,-2.600000000000002,0.006293366407756462
2539,30.0,0.0019982190651717247,-2.0000000000000013,0.003146683203878231
2540,32.0,0.00228147787584021,-2.2000000000000015,0.0015733416019391155
2541,37.0,0.0023498234477301594,-2.700000000000002,0.1328063330715732
2542,37.0,0.0023470580199500546,-2.700000000000002,0.0664031665357866
2543,35.0,0.0022281446272245375,-2.5000000000000018,0.0007866708009696133
2544,41.0,0.0033833032957772957,-3.1000000000000014,0.03320158326789335
2545,47.0,0.002982316274938057,-3.6999999999999993,0.5246203526743349
2546,38.0,0.0024102677962218877,-2.800000000000002,0.26231017633716747
2547,31.0,0.0019879474757544813,-2.1000000000000014,0.13115508816858368
2548,37.0,0.0027128846022606012,-2.700000000000002,0.5668625341029871
2549,38.0,0.0024106628570734756,-2.800000000000002,0.5843194953351976
2550,35.0,0.002226959443760279,-2.5000000000000018,0.2921597476675988
2551,37.0,0.002351008631194418,-2.700000000000002,0.1460798738337994
2552,42.0,0.002654415558936307,-3.200000000000001,0.6671609678556917
2553,28.0,0.002278317387208517,-1.8000000000000012,0.0730399369168997
2554,29.0,0.0018895772609539563,-1.9000000000000012,0.03651996845844985
2555,42.0,0.002676538980267651,-3.200000000000001,0.6169164863048265
2556,39.0,0.002486909649633162,-2.900000000000002,0.5602078397056637
2557,42.0,0.0029858718253308325,-3.200000000000001,0.5821567196560675
2558,33.0,0.002128194168108166,-2.3000000000000016,0.29107835982803376
2559,35.0,0.0022352557271005935,-2.5000000000000018,0.14553917991401688
2560,38.0,0.0024126381631504046,-2.800000000000002,0.07276958995700844
2561,39.0,0.0026074032866745256,-2.900000000000002,0.03638479497850422
2562,33.0,0.002318218558684748,-2.3000000000000016,0.018192397489252166
2563,38.0,0.0024173788960979437,-2.800000000000002,0.3084582431524132
2564,42.0,0.0026631069031282095,-3.200000000000001,0.009096198744626083
2565,35.0,0.002489675077413267,-2.5000000000000018,0.004548099372313041
2566,30.0,0.001960688259714516,-2.0000000000000013,0.0022740496861565207
2567,33.0,0.002100539890307118,-2.3000000000000016,0.1542291215762066
2568,49.0,0.0030731803281014436,-3.8999999999999986,0.0771145607881033
2569,34.0,0.0021590089336314122,-2.4000000000000017,0.0011370248430782048
2570,48.0,0.0030443408686551265,-3.799999999999999,0.0005685124215391024
2571,42.0,0.0026793044080477557,-3.200000000000001,0.5511612404237277
2572,43.0,0.002727896923715889,-3.3000000000000007,0.2755806202118638
2573,50.0,0.003265970147367625,-3.9999999999999982,0.1377903101059319
2574,21.0,0.0013831089254381368,-12.100000000000001,-2.5000033316764636
2575,69.0,0.00431604256209539,-5.8999999999999915,0.06889515505296595
2576,39.0,0.002471897329087369,-2.900000000000002,0.034447577526482975
2577,38.0,0.002506267644093896,-2.800000000000002,0.017223788763241488
2578,31.0,0.002004935103286698,-2.1000000000000014,0.03855728039405171
2579,33.0,0.0021372805731516564,-2.3000000000000016,0.008611894381620688
2580,36.0,0.0024268603629025165,-2.600000000000002,0.4028880374257535
2581,38.0,0.0024201443238780485,-2.800000000000002,0.20144401871287676
2582,44.0,0.0028250819559616502,-3.4000000000000004,0.10072200935643838
2583,43.0,0.002732637656663428,-3.3000000000000007,0.050361004678219246
2584,35.0,0.0022403915208997205,-2.5000000000000018,0.019278640197025854
2585,30.0,0.0019275031263532583,-2.0000000000000013,0.5429634046552902
2586,44.0,0.002914760825660778,-3.4000000000000004,0.2714817023276451
2587,58.0,0.003642463379947003,-4.799999999999995,0.1357408511638225
2588,46.0,0.00289895838159282,-3.5999999999999996,0.7477807819759077
2589,29.0,0.0018615279223013204,-1.9000000000000012,0.009639320098512982
2590,28.0,0.0019519969155226136,-1.8000000000000012,0.004819660049256491
2591,45.0,0.0028645880656767986,-3.5,0.37389039098795385
2592,39.0,0.0024920454452512786,-2.900000000000002,0.18694519549397692
2593,35.0,0.002236440910564852,-2.5000000000000018,0.09347259774698846
2594,38.0,0.002566316932643531,-2.800000000000002,0.046736298873494286
2595,33.0,0.0021088361736474326,-2.3000000000000016,0.023368149436747143
2596,47.0,0.0029815261532348813,-3.6999999999999993,0.011684074718373516
2597,57.0,0.0035903153138860944,-4.699999999999996,0.005842037359186758
2598,43.0,0.0028231066498847213,-3.3000000000000007,0.5484331173742926
2599,44.0,0.0027938721286773216,-3.4000000000000004,0.27421655868714634
2600,34.0,0.002166120033507468,-2.4000000000000017,0.13710827934357317
2601,30.0,0.001927503127262753,-2.0000000000000013,0.06855413967178658
2602,35.0,0.002330070392417838,-2.5000000000000018,0.5311781893895117
2603,44.0,0.002807699266668351,-3.4000000000000004,0.2655890946947559
2604,45.0,0.002882365814912191,-3.5,0.5509097360262726
2605,36.0,0.002301625992913614,-2.600000000000002,0.27545486801313634
2606,27.0,0.0017394540418536053,-1.700000000000001,0.13279454734737794
2607,29.0,0.004261129068254377,-1.9000000000000012,0.13772743400656817
2608,39.0,0.0028464152546803234,-2.900000000000002,0.06639727367368897
2609,35.0,0.002369971563894069,-2.5000000000000018,0.06886371700328409
2610,56.0,0.003529475904542778,-4.599999999999996,0.0344318585016421
2611,39.0,0.0024880948330974206,-2.900000000000002,0.03319863683684443
2612,35.0,0.0022285396880761255,-2.5000000000000018,0.01721592925082105
2613,33.0,0.0022190582221810473,-2.3000000000000016,0.00860796462541047
2614,42.0,0.002662316780515539,-3.200000000000001,0.004303982312705235
2615,37.0,0.00234705801904056,-2.700000000000002,0.0021519911563525618
2616,45.0,0.0028487856216088403,-3.5,0.0010759955781762809
2617,44.0,0.002992587863445806,-3.4000000000000004,0.0005379977890881404
2618,34.0,0.002175996561163629,-2.4000000000000017,0.00026899889454412573
2619,34.0,0.002168490400435985,-2.4000000000000017,0.00013449944727206287
2620,32.0,0.0020440461521502584,-2.2000000000000015,6.724972363603143e-05
2621,39.0,0.00248177385674353,-2.900000000000002,0.016599318418422215
2622,29.0,0.0018951081165141659,-1.9000000000000012,3.3624861818015717e-05
2623,33.0,0.002107650990183174,-2.3000000000000016,1.6812430909007858e-05
2624,39.0,0.0024742676951063913,-2.900000000000002,0.008299659209211052
2625,29.0,0.0018591575562822982,-1.9000000000000012,8.406215454392907e-06
2626,39.0,0.0026382180531072663,-2.900000000000002,0.004149829604605526
2627,41.0,0.002589625537439133,-3.1000000000000014,4.2031077271964534e-06
2628,30.0,0.001932243860210292,-2.0000000000000013,2.1015538635982267e-06
2629,31.0,0.002009280775382649,-2.1000000000000014,0.8987432672305387
2630,39.0,0.0024797985497571062,-2.900000000000002,0.44937163361526933
2631,31.0,0.002011651142311166,-2.1000000000000014,1.050776931688091e-06
2632,33.0,0.002115157150910818,-2.3000000000000016,0.22468581680763466
2633,41.0,0.002607798348435608,-3.1000000000000014,0.11234290840381733
2634,33.0,0.00210567568501574,-2.3000000000000016,0.05617145420190872
2635,39.0,0.0025738230933711748,-2.900000000000002,0.02808572710095436
2636,35.0,0.0022261693220571033,-2.5000000000000018,0.014042863550477236
2637,42.0,0.0026504649467824493,-3.200000000000001,0.4046531024056319
2638,35.0,0.0022241940159801743,-2.5000000000000018,5.253884658440455e-07
2639,9.0,0.0006289372777246172,-10.9,-5.0065707304051275
2640,31.0,0.002109231235408515,-2.1000000000000014,0.20232655120281595
2641,39.0,0.002465576350914489,-2.900000000000002,2.6269423303304507e-07
2642,35.0,0.002231305116765725,-2.5000000000000018,0.10116327560140803
2643,32.0,0.0020460214582271874,-2.2000000000000015,0.050581637800704016
2644,31.0,0.0019800462541752495,-2.1000000000000014,1.3134711651652253e-07
2645,39.0,0.002516934294362727,-2.900000000000002,6.567355814723896e-08
2646,35.0,0.0022301199333014665,-2.5000000000000018,0.025290818900352008
2647,41.0,0.002590415659142309,-3.1000000000000014,0.012645409450176004
2648,55.0,0.003542117859069549,-4.4999999999999964,0.006322704725088002
2649,34.0,0.00217125582821609,-2.4000000000000017,0.003161352362544001
2650,46.0,0.0029179213152019656,-3.5999999999999996,0.0015806761812720005
2651,39.0,0.002479798550666601,-2.900000000000002,3.283677907361948e-08
2652,31.0,0.0019796511933236616,-2.1000000000000014,1.641838953680974e-08
2653,42.0,0.002690366119168175,-3.200000000000001,0.5205748491308014
2654,33.0,0.0021250336794764735,-2.3000000000000016,0.26028742456540077
2655,33.0,0.0021159472735234885,-2.3000000000000016,0.13014371228270039
2656,49.0,0.003096883995567623,-3.8999999999999986,0.0007903380906360002
2657,36.0,0.002482168917595118,-2.600000000000002,0.0003951690453180001
2658,27.0,0.0017441947748011444,-1.700000000000001,0.06507185614135014
2659,29.0,0.0018619229831529083,-1.9000000000000012,0.03253592807067507
2660,39.0,0.0024758479394222377,-2.900000000000002,0.00019758452265894455
2661,42.0,0.002972834809042979,-3.200000000000001,9.879226132936125e-05
2662,37.0,0.0025532799154461827,-2.700000000000002,4.9396130664680626e-05
2663,43.0,0.002899353442444408,-3.3000000000000007,2.4698065332451336e-05
2664,39.0,0.002612934142234735,-2.900000000000002,0.01626796403533759
2665,31.0,0.00221589773263986,-2.1000000000000014,0.4000971986229598
2666,39.0,0.0027452796130091883,-2.900000000000002,0.5267616827521797
2667,55.0,0.003623500447247352,-4.4999999999999964,0.2000485993114799
2668,35.0,0.0022569840875803493,-2.5000000000000018,0.664947866060264
2669,29.0,0.0018698242065511295,-1.9000000000000012,0.10002429965573989
2670,35.0,0.0022403915208997205,-2.5000000000000018,0.33247393303013206
2671,29.0,0.0018662686552488594,-1.9000000000000012,0.050012149827869945
2672,38.0,0.0026729834307843703,-2.800000000000002,0.025006074913934917
2673,38.0,0.0024904652000259375,-2.800000000000002,0.5081431999865197
2674,37.0,0.002428440606308868,-2.700000000000002,0.012503037456967458
2675,35.0,0.0022893790983289364,-2.5000000000000018,0.2540715999932599
2676,31.0,0.002032984441939334,-2.1000000000000014,0.006251518728483729
2677,48.0,0.0031249333333107643,-3.799999999999999,0.40212091533848393
2678,53.0,0.0034540192327767727,-4.299999999999997,0.20106045766924197
2679,34.0,0.002259749515360454,-2.4000000000000017,0.12703579999662995
2680,32.0,0.0022032557772035943,-2.2000000000000015,0.06351789999831503
2681,35.0,0.00231150251966028,-2.5000000000000018,0.10053022883462104
2682,28.0,0.0018583674336696276,-1.8000000000000012,0.43276149612297865
2683,40.0,0.002610958837067301,-3.0000000000000018,0.031758949999157515
2684,49.0,0.0031782665828359313,-3.8999999999999986,0.015879474999578758
2685,41.0,0.0026243909142067423,-3.1000000000000014,0.21638074806148933
2686,44.0,0.002780835112389468,-3.4000000000000004,0.4704129148717108
2687,42.0,0.002667057513463078,-3.200000000000001,0.6418455318833054
2688,41.0,0.0025935761486834963,-3.1000000000000014,0.4052500011265898
2689,39.0,0.002500736789443181,-2.900000000000002,0.3209227659416527
2690,36.0,0.002292539587870124,-2.600000000000002,0.2026250005632949
2691,32.0,0.0020551078632706776,-2.2000000000000015,0.16046138297082635
2692,39.0,0.0024809837332213647,-2.900000000000002,0.08023069148541317
2693,37.0,0.0023798480915502296,-2.700000000000002,0.04011534574270659
2694,11.0,0.0007589123806610587,-11.1,-2.5032853652025633
2695,31.0,0.00198360180365853,-2.1000000000000014,0.020057672871353294
2696,43.0,0.0027286870463285595,-3.3000000000000007,0.010028836435676647
2697,39.0,0.0024718973281778744,-2.900000000000002,0.005014418217838323
2698,35.0,0.0022581692710446077,-2.5000000000000018,0.10131250028164751
2699,33.0,0.002117922578690923,-2.3000000000000016,0.002507209108919106
2700,33.0,0.0021155522126719006,-2.3000000000000016,0.050656250140823755
2701,29.0,0.0018686390221773763,-1.9000000000000012,0.025328125070411822
2702,47.0,0.0032371306870118133,-3.6999999999999993,0.012664062535205911
2703,44.0,0.002900143565966573,-3.4000000000000004,0.527363546373928
2704,39.0,0.0025833045601757476,-2.900000000000002,0.26368177318696406
2705,36.0,0.0023758974793963716,-2.600000000000002,0.9284641440504007
2706,34.0,0.002324934597709216,-2.4000000000000017,0.4857857480374901
2707,43.0,0.002823501710736309,-3.3000000000000007,0.24289287401874504
2708,31.0,0.002051157252935809,-2.1000000000000014,0.12144643700937252
2709,44.0,0.0028764398994098883,-3.4000000000000004,0.060723218504686205
2710,29.0,0.001990712903534586,-1.9000000000000012,0.7563135667527267
2711,41.0,0.0026002921877079643,-3.1000000000000014,0.7139190351744671
2712,35.0,0.0022194532830326352,-2.5000000000000018,0.35695951758723354
2713,35.0,0.0022257742602960207,-2.5000000000000018,0.17847975879361677
2714,42.0,0.0027610820570771466,-3.200000000000001,0.08923987939680833
2715,44.0,0.0027903165782845463,-3.4000000000000004,0.030361609252343102
2716,43.0,0.0027642425447993446,-3.3000000000000007,0.5461318639862763
2717,37.0,0.002349033325117489,-2.700000000000002,0.5526426109676339
2718,35.0,0.002226959444669774,-2.5000000000000018,0.2730659319931381
2719,47.0,0.0029791557863063645,-3.6999999999999993,0.675672901879438
2720,39.0,0.0024675516560819233,-2.900000000000002,0.3378364509397189
2721,37.0,0.0023687863795203157,-2.700000000000002,0.13653296599656906
2722,36.0,0.002290564281793195,-2.600000000000002,0.06826648299828453
2723,32.0,0.002077231285511516,-2.2000000000000015,0.16891822546985946
2724,49.0,0.0030968839946581284,-3.8999999999999986,0.03413324149914221
2725,41.0,0.0025931810878319084,-3.1000000000000014,0.571302548712165
2726,44.0,0.002771748706436483,-3.4000000000000004,0.017066620749571104
2727,47.0,0.0029985137798576034,-3.6999999999999993,0.008533310374785552
2728,44.0,0.0028057239615009166,-3.4000000000000004,0.5274957833383995
2729,43.0,0.0027622672396319103,-3.3000000000000007,0.26374789166919976
2730,37.0,0.002365625890888623,-2.700000000000002,0.13187394583459988
2731,35.0,0.002257774209283525,-2.5000000000000018,0.06593697291729994
2732,40.0,0.002540637960009917,-3.0000000000000018,0.7574464673382831
2733,35.0,0.0022281446272245375,-2.5000000000000018,0.2856512743560825
2734,29.0,0.0018635032274687546,-12.900000000000002,-0.6249963943046968
2735,33.0,0.002243947071292496,-2.3000000000000016,0.1428256371780412
2736,29.0,0.0018611328614497324,-1.9000000000000012,0.0714128185890206
2737,33.0,0.0020993547077523544,-2.3000000000000016,0.3787232336691416
2738,37.0,0.0023525888746007695,-2.700000000000002,0.18936161683457087
2739,41.0,0.0025912057817549794,-3.1000000000000014,0.09468080841728543
2740,35.0,0.0022550087815034203,-2.5000000000000018,0.04734040420864272
2741,33.0,0.0021108114797243616,-2.3000000000000016,0.7366143049492834
2742,44.0,0.002786365967040183,-3.4000000000000004,0.0357064092945103
2743,30.0,0.0019196019047740265,-2.0000000000000013,0.41169375477244263
2744,36.0,0.0024106628570734756,-2.600000000000002,0.20584687738622132
2745,39.0,0.0024718973281778744,-2.900000000000002,0.36830715247464174
2746,31.0,0.0019855771088259644,-2.1000000000000014,0.1029234386931106
2747,39.0,0.0024833541001498816,-2.900000000000002,0.18415357623732087
2748,34.0,0.0021775768054794753,-2.4000000000000017,0.09207678811866038
2749,41.0,0.002618464997794945,-3.1000000000000014,0.0514617193465553
2750,35.0,0.00222498413768335,-2.5000000000000018,0.04603839405933019
2751,33.0,0.002114367029207642,-2.3000000000000016,0.02301919702966515
2752,41.0,0.002601872431114316,-3.1000000000000014,0.011509598514832575
2753,33.0,0.0021396509400801733,-2.3000000000000016,0.025730859673277706
2754,45.0,0.0028713041047012666,-3.5,0.665582777496329
2755,37.0,0.002360490097089496,-2.700000000000002,0.005754799257416288
2756,36.0,0.002294514893037558,-2.600000000000002,0.002877399628708144
2757,38.0,0.002505872583242308,-2.800000000000002,0.001438699814354072
2758,36.0,0.00229411983218597,-2.600000000000002,0.3327913887481646
2759,37.0,0.0023340210027527064,-2.700000000000002,0.000719349907177036
2760,35.0,0.002217873037807294,-2.5000000000000018,0.0003596749535885735
2761,42.0,0.002889476915697742,-3.200000000000001,0.8133492596660556
2762,44.0,0.002787946212265524,-3.4000000000000004,0.5082463730948803
2763,40.0,0.0025200947839039145,-3.0000000000000018,0.4066746298330277
2764,43.0,0.002702613012843358,-3.3000000000000007,0.5652692430075628
2765,44.0,0.002870118921237008,-3.4000000000000004,0.20333731491651386
2766,43.0,0.0027207858247493277,-3.3000000000000007,0.10166865745825693
2767,37.0,0.0023478481416532304,-2.700000000000002,0.05083432872912841
2768,49.0,0.0030751556341783726,-3.8999999999999986,0.2826346215037814
2769,28.0,0.0017927872904692777,-1.8000000000000012,0.4919454237404557
2770,39.0,0.002491255322638608,-2.900000000000002,0.025417164364564204
2771,39.0,0.002484934344465728,-2.900000000000002,0.012708582182282102
2772,40.0,0.0025453786929574562,-3.0000000000000018,0.5599714344673749
2773,38.0,0.0024272554237541044,-2.800000000000002,0.006354291091141051
2774,40.0,0.0025840946818789234,-3.0000000000000018,0.00317714554557047
2775,40.0,0.002533921920985449,-3.0000000000000018,0.001588572772785235
2776,40.0,0.0025323416775790974,-3.0000000000000018,0.000794286386392562
2777,58.0,0.003777574277592066,-4.799999999999995,0.40034731482730435
2778,48.0,0.0030565877623303095,-3.799999999999999,0.20017365741365212
2779,46.0,0.002945970652945107,-3.5999999999999996,0.46514561041116376
2780,31.0,0.0019903178417735035,-2.1000000000000014,0.2799857172336875
2781,37.0,0.0024501689676981186,-2.700000000000002,0.23257280520558188
2782,29.0,0.0018619229831529083,-1.9000000000000012,0.116286402602791
2783,53.0,0.003326809557620436,-4.299999999999997,0.13999285861684374
2784,33.0,0.0021021201346229645,-2.3000000000000016,0.0581432013013955
2785,41.0,0.0025884403548843693,-3.1000000000000014,0.5433356433580161
2786,37.0,0.002377477723712218,-2.700000000000002,0.27166782167900805
2787,42.0,0.002657971108419588,-3.200000000000001,0.6024289106114078
2788,37.0,0.0023446876530215377,-2.700000000000002,0.3012144553057039
2789,34.0,0.0021736261951446068,-2.4000000000000017,0.44558685080220095
2790,41.0,0.0027196006412850693,-3.1000000000000014,0.22279342540110048
2791,39.0,0.0024691319013072643,-2.900000000000002,0.15060722765285195
2792,42.0,0.0026492797642276855,-3.200000000000001,0.4724970350070844
2793,36.0,0.002275947021189495,-2.600000000000002,0.07530361382642603
2794,39.0,0.0028460201938287355,-2.900000000000002,0.037651806913213015
2795,45.0,0.002968489136947028,-3.5,0.560727349053527
2796,41.0,0.0026844402027563774,-3.1000000000000014,0.6885133629183203
2797,40.0,0.002614909448311664,-3.0000000000000018,0.3442566814591601
2798,29.0,0.0021080460519442568,-1.9000000000000012,0.17212834072958005
2799,39.0,0.0027405388791521545,-2.900000000000002,0.08606417036478997
2800,40.0,0.0026516501302467077,-3.0000000000000018,0.23624851750354225
2801,35.0,0.0022672556769975927,-2.5000000000000018,0.11812425875177113
2802,50.0,0.0033576243240531767,-3.9999999999999982,0.8760161377276626
2803,33.0,0.0021159472735234885,-2.3000000000000016,0.43800806886383126
2804,30.0,0.0019421203878664528,-2.0000000000000013,0.05906212937588551
2805,35.0,0.0022364409096553572,-2.5000000000000018,0.21900403443191563
2806,37.0,0.002462810923134384,-2.700000000000002,0.6077779197461577
2807,42.0,0.002709724112719414,-3.200000000000001,0.30388895987307896
2808,33.0,0.0021139719674465596,-2.3000000000000016,0.15194447993653948
2809,47.0,0.0029791557863063645,-3.6999999999999993,0.07597223996826974
2810,36.0,0.0024786133672023425,-2.600000000000002,0.037986119984134925
2811,39.0,0.002627946463690023,-2.900000000000002,0.018993059992067463
2812,35.0,0.002322959292541782,-2.5000000000000018,0.009496529996033676
2813,40.0,0.002540637960919412,-3.0000000000000018,0.004748264998016838
2814,39.0,0.0026046378598039155,-2.900000000000002,0.002374132499008419
2815,34.0,0.0021728360725319362,-2.4000000000000017,0.4008607648139044
2816,43.0,0.002718415456911316,-3.3000000000000007,0.2004303824069522
2817,35.0,0.002229724871540384,-2.5000000000000018,0.1002151912034761
2818,39.0,0.0024643911674502306,-2.900000000000002,0.05010759560173805
2819,38.0,0.0024418726843578042,-2.800000000000002,0.7658918292983095
2820,33.0,0.0021052806232546573,-2.3000000000000016,0.38294591464915473
2821,42.0,0.0026563908641037415,-3.200000000000001,0.5245465940127021
2822,45.0,0.0028432547660486307,-3.5,0.029531064687942754
2823,56.0,0.003834463076600514,-4.599999999999996,0.9766641006972029
2824,41.0,0.0027006377076759236,-3.1000000000000014,1.039506458534666
2825,43.0,0.00281243999961589,-3.3000000000000007,0.519753229267333
2826,47.0,0.0033165379691126873,-3.6999999999999993,0.2598766146336666
2827,35.0,0.002327700025489321,-2.5000000000000018,0.1299383073168333
2828,31.0,0.0020673547578553553,-2.1000000000000014,0.06496915365841671
2829,35.0,0.002334811125365377,-2.5000000000000018,0.014765532343971377
2830,39.0,0.002575403337687021,-2.900000000000002,0.032484576829208356
2831,34.0,0.0022332804219331592,-2.4000000000000017,0.007382766171985633
2832,31.0,0.002040490602666978,-2.1000000000000014,0.0036913830859928165
2833,43.0,0.002742514184319589,-3.3000000000000007,0.016242288414604178
2834,46.0,0.002919106498666224,-3.5999999999999996,0.0018456915429964083
2835,29.0,0.0018943179939014954,-1.9000000000000012,0.0009228457714982596
2836,33.0,0.0021131818466528784,-2.3000000000000016,0.0004614228857491298
2837,33.0,0.00212661392379232,-2.3000000000000016,0.0002307114428745649
2838,43.0,0.002721575945543009,-3.3000000000000007,0.008121144207302144
2839,41.0,0.0027101191744804964,-3.1000000000000014,0.004060572103651072
2840,31.0,0.0019717499699254404,-2.1000000000000014,0.00011535572143728245
2841,37.0,0.0023517987528975937,-2.700000000000002,5.767786071864123e-05
2842,40.0,0.0025469589381827973,-3.0000000000000018,2.8838930359320614e-05
2843,35.0,0.002234070543636335,-2.5000000000000018,1.4419465179660307e-05
2844,43.0,0.002738958634836308,-3.3000000000000007,0.5301151349400613
2845,35.0,0.0022309100540951476,-2.5000000000000018,0.2650575674700306
2846,45.0,0.0028412794599717017,-3.5,0.1325287837350153
2847,38.0,0.0024134282848535804,-2.800000000000002,0.06626439186750765
2848,41.0,0.0026255760976710008,-3.1000000000000014,0.03313219593375383
2849,37.0,0.002353774058065028,-2.700000000000002,0.016566097966876914
2850,29.0,0.0018682439613257884,-1.9000000000000012,0.008283048983438457
2851,39.0,0.002486909649633162,-2.900000000000002,0.004141524491719228
2852,31.0,0.002175206439460453,-2.1000000000000014,0.0020707622458595587
2853,39.0,0.002497971361663076,-2.900000000000002,0.0010353811229297794
2854,42.0,0.0026820698358278605,-3.200000000000001,0.0005176905614648897
2855,41.0,0.002613329203086323,-3.1000000000000014,0.0002588452807323893
2856,31.0,0.0021052806232546573,-2.1000000000000014,0.00012942264036608364
2857,41.0,0.0025904156600518036,-3.1000000000000014,6.471132018304182e-05
2858,39.0,0.0024715022673262865,-2.900000000000002,3.235566009163193e-05
2859,31.0,0.001979651192414167,-2.1000000000000014,0.002030286051825536
2860,42.0,0.002657971108419588,-3.200000000000001,0.9050571329212866
2861,31.0,0.0020156017526460346,-2.1000000000000014,0.4525285664606433
2862,39.0,0.002477823244589672,-2.900000000000002,0.22626428323032166
2863,43.0,0.0027120944796479307,-3.3000000000000007,0.11313214161516083
2864,30.0,0.0019196019047740265,-2.0000000000000013,0.001015143025912768
2865,31.0,0.002098564585139684,-2.1000000000000014,0.05656607080758036
2866,32.0,0.002051552313787397,-2.2000000000000015,0.02828303540379018
2867,38.0,0.0024177739569495316,-2.800000000000002,0.01414151770189509
2868,31.0,0.0019820215593426838,-2.1000000000000014,0.007070758850947545
2869,33.0,0.002112786784891796,-2.3000000000000016,0.5384948047495542
2870,37.0,0.002370366623836162,-2.700000000000002,0.0005075715129563285
2871,35.0,0.0022257742602960207,-2.5000000000000018,0.6751613534512846
2872,34.0,0.0021696755839002435,-2.4000000000000017,0.00025378575647816426
2873,33.0,0.0021017250737713766,-2.3000000000000016,0.3375806767256423
2874,41.0,0.0027519956511241617,-3.1000000000000014,0.1687903383628211
2875,35.0,0.002210761938840733,-2.5000000000000018,0.08439516918141055
2876,39.0,0.002461230677909043,-2.900000000000002,0.04219758459070522
2877,35.0,0.002217873037807294,-2.5000000000000018,0.00012689287823919315
2878,35.0,0.002234070543636335,-2.5000000000000018,0.02109879229535261
2879,33.0,0.0021467620399562293,-2.3000000000000016,0.01054939614767636
2880,41.0,0.0026058230423586792,-3.1000000000000014,0.00527469807383818
2881,46.0,0.002888686793994566,-3.5999999999999996,0.40180344862572426
2882,40.0,0.0025272058828704758,-3.0000000000000018,0.20090172431286213
2883,35.0,0.002383798701885098,-2.5000000000000018,0.10045086215643106
2884,35.0,0.002372341929913091,-2.5000000000000018,0.554969354150627
2885,41.0,0.0025975267599278595,-3.1000000000000014,0.27748467707531344
2886,37.0,0.0023446876530215377,-2.700000000000002,0.13874233853765672
2887,48.0,0.003172340666424134,-3.799999999999999,0.689456452406429
2888,43.0,0.0027247364350841963,-3.3000000000000007,0.3447282262032145
2889,38.0,0.0024335764019269845,-2.800000000000002,0.17236411310160726
2890,43.0,0.0027381685122236377,-3.3000000000000007,0.08618205655080358
2891,32.0,0.00208473744623916,-2.2000000000000015,0.4280983401307379
2892,35.0,0.0022447371939051664,-2.5000000000000018,0.21404917006536894
2893,31.0,0.002000194370339159,-2.1000000000000014,0.10702458503268453
2894,35.0,0.0022376260940291104,-2.5000000000000018,6.344643911959658e-05
2895,37.0,0.002524440455090371,-2.700000000000002,0.053512292516342264
2896,33.0,0.00211476209005923,-2.3000000000000016,0.026756146258171132
2897,43.0,0.0027361932070562034,-3.3000000000000007,0.013378073129085566
2898,31.0,0.0019895277200703276,-2.1000000000000014,0.006689036564542783
2899,33.0,0.0021017250737713766,-2.3000000000000016,0.003344518282271336
2900,25.0,0.001644244315684773,-12.5,-9.245056350885218
2901,43.0,0.0027215759464525036,-3.3000000000000007,0.001672259141135668
2902,41.0,0.002594366270386672,-14.100000000000001,-5.548210531697428
2903,49.0,0.0030921432617105893,-3.8999999999999986,0.4006326559725959
2904,35.0,0.0024090826127576292,-2.5000000000000018,0.20031632798629795
2905,42.0,0.0026702180020947708,-3.200000000000001,0.10015816399314903
2906,39.0,0.0024876997722458327,-2.900000000000002,0.050079081996574515
2907,38.0,0.0024205393847296364,-2.800000000000002,0.025039540998287313
2908,35.0,0.00238340364103351,-2.5000000000000018,0.012519770499143656
2909,29.0,0.001860342738837062,-1.9000000000000012,0.006259885249571884
2910,37.0,0.0023494283868785715,-2.700000000000002,0.546763688190134
2911,33.0,0.002117922578690923,-2.3000000000000016,0.27338184409506705
2912,40.0,0.002537872533139307,-3.0000000000000018,0.003129942624785942
2913,35.0,0.0022514532320201397,-2.5000000000000018,0.13669092204753353
2914,33.0,0.0021044905015514814,-2.3000000000000016,0.001564971312392971
2915,33.0,0.00210567568501574,-2.3000000000000016,0.00078248565619643
2916,32.0,0.0020476017025430338,-2.2000000000000015,0.4003434795899906
2917,38.0,0.0025437984495511046,-2.800000000000002,0.6259298904244268
2918,39.0,0.0024853294062268105,-2.900000000000002,0.3129649452122134
2919,30.0,0.001927503127262753,-2.0000000000000013,0.1564824726061067
2920,27.0,0.0017418244078726275,-1.700000000000001,0.07824123630305335
2921,37.0,0.0023565394858451327,-2.700000000000002,0.039120618151526676
2922,39.0,0.0025074528275581542,-2.900000000000002,0.06834546102376682
2923,42.0,0.002665082208295644,-3.200000000000001,0.422301446584451
2924,42.0,0.0026674525752241607,-3.200000000000001,0.2111507232922255
2925,42.0,0.002664687146534561,-3.200000000000001,0.10557536164611281
2926,45.0,0.002868143615160079,-3.5,0.019560309075763338
2927,37.0,0.002358119731070474,-2.700000000000002,0.009780154537881725
2928,49.0,0.0031221679055306595,-3.8999999999999986,0.052787680823056404
2929,35.0,0.0022502680485558813,-2.5000000000000018,0.026393840411528258
2930,29.0,0.001886021710561181,-1.9000000000000012,0.004890077268940862
2931,39.0,0.002479403489815013,-2.900000000000002,0.5286511433857366
2932,32.0,0.0020570831693476066,-2.2000000000000015,0.013196920205764129
2933,44.0,0.0027828104166474077,-3.4000000000000004,0.00659846010288212
2934,39.0,0.0030585630674977438,-2.900000000000002,0.00329923005144106
2935,47.0,0.003461920455265499,-3.6999999999999993,0.2643255716928683
2936,12.0,0.0008592579015385127,-11.2,-1.2516426826012808
2937,63.0,0.004195943986815109,-5.299999999999994,0.13216278584643415
2938,37.0,0.0025208849046975956,-2.700000000000002,0.06608139292321713
2939,47.0,0.0032043406154116383,-3.6999999999999993,0.033040696461608565
2940,37.0,0.0025232552716261125,-2.700000000000002,0.016520348230804283
2941,33.0,0.0022079965101511334,-2.3000000000000016,0.008260174115402141
2942,36.0,0.0023640456465727766,-2.600000000000002,0.0016496150257205855
2943,32.0,0.002100934951158706,-2.2000000000000015,0.004130087057701015
2944,42.0,0.0027314524731991696,-3.200000000000001,0.40143145004547964
2945,33.0,0.0021767866837762995,-2.3000000000000016,0.5305543930165076
2946,35.0,0.0023292802698051673,-2.5000000000000018,0.2652771965082539
2947,29.0,0.0019192068439224386,-1.9000000000000012,0.13263859825412694
2948,33.0,0.0021704657056034193,-2.3000000000000016,0.0008248075128602927
2949,34.0,0.002236440910564852,-2.4000000000000017,0.06631929912706347
2950,35.0,0.002313477825737209,-2.5000000000000018,0.0004124037564301464
2951,41.0,0.002593971209535084,-3.1000000000000014,0.00020620187821496216
2952,33.0,0.0020969843408238376,-2.3000000000000016,0.03315964956353179
2953,41.0,0.0026093785927514546,-3.1000000000000014,0.016579824781765895
2954,39.0,0.00263663780879142,-2.900000000000002,0.008289912390882948
2955,35.0,0.002234070543636335,-2.5000000000000018,0.7453044425919522
2956,31.0,0.0019843919262712006,-2.1000000000000014,0.004144956195441418
2957,32.0,0.0020468115799303632,-2.2000000000000015,0.002072478097720709
2958,35.0,0.002224589077741257,-2.5000000000000018,0.001036239048860299
2959,29.0,0.0020934287904310622,-1.9000000000000012,0.0005181195244301495
2960,43.0,0.0027290821071801474,-3.3000000000000007,0.00025905976221507476
2961,34.0,0.0021740212559961947,-2.4000000000000017,0.00012952988110748187
2962,35.0,0.0022214285882000695,-2.5000000000000018,6.476494055362991e-05
2963,46.0,0.003108735828391218,-3.5999999999999996,3.2382470276814956e-05
2964,36.0,0.0022992556250756024,-2.600000000000002,0.7382898977172363
2965,35.0,0.0022237989542190917,-2.5000000000000018,0.36914494885861826
2966,40.0,0.0025228602107745246,-3.0000000000000018,0.18457247442930913
2967,38.0,0.0025675021151982946,-2.800000000000002,0.7361433732284692
2968,39.0,0.0024695269612493576,-2.900000000000002,0.09228623721465457
2969,53.0,0.0033248342524530017,-4.299999999999997,0.04614311860732734
2970,38.0,0.002404736940661678,-2.800000000000002,0.41508568529910816
2971,38.0,0.0026002921867984696,-2.800000000000002,0.20754284264955403
2972,33.0,0.0021088361736474326,-2.3000000000000016,0.10377142132477701
2973,35.0,0.002226959443760279,-2.5000000000000018,0.05188571066238845
2974,17.0,0.001122763657804171,-11.700000000000001,-0.6258213413006413
2975,31.0,0.0019753055203182157,-2.1000000000000014,0.025942855331194226
2976,35.0,0.0024296257906826213,-2.5000000000000018,0.8786436725719735
2977,46.0,0.0028997485042054905,-3.5999999999999996,0.40852059973436483
2978,31.0,0.001998614125113818,-2.1000000000000014,0.20426029986718242
2979,29.0,0.001878910610685125,-1.9000000000000012,0.10213014993359115
2980,38.0,0.0024177739569495316,-2.800000000000002,0.7429243540457581
2981,38.0,0.002428440607218363,-2.800000000000002,0.6415395868165981
2982,31.0,0.00198360180365853,-2.1000000000000014,0.32076979340829914
2983,41.0,0.0025931810878319084,-3.1000000000000014,0.16038489670414957
2984,46.0,0.002903304053688771,-3.5999999999999996,0.43932183628598676
2985,43.0,0.002763057362244581,-3.3000000000000007,0.21966091814299338
2986,29.0,0.0018571822502053692,-1.9000000000000012,0.5737130897199054
2987,39.0,0.002470317083862028,-2.900000000000002,0.2868565448599527
2988,33.0,0.0021068608675705036,-2.3000000000000016,0.14342827242997636
2989,27.0,0.0018725896334217396,-1.700000000000001,0.07171413621498823
2990,46.0,0.002964143463941582,-3.5999999999999996,0.03585706810749412
2991,30.0,0.0019227623934057192,-2.0000000000000013,0.01792853405374706
2992,37.0,0.002344292591260455,-2.700000000000002,0.008964267026873474
2993,32.0,0.0020389103583511314,-2.2000000000000015,0.004482133513436737
2994,30.0,0.0019468611208139919,-2.0000000000000013,0.002241066756718313
2995,35.0,0.0022313051158562303,-2.5000000000000018,0.0011205333783591565
2996,35.0,0.0022818729376012925,-2.5000000000000018,0.9999636068822388
2997,34.0,0.002173231133383524,-2.4000000000000017,0.40045334509969344
2998,41.0,0.002738958634836308,-3.1000000000000014,0.8481362480716832
2999,49.0,0.0030802914288869943,-3.8999999999999986,0.7557530469338507
3000,0.0,0.0,0.0,0.0
3001,0.0,0.0,0.0,0.0
3002,0.0,0.0,0.0,0.0
3003,0.0,0.0,0.0,0.0
3004,0.0,0.0,0.0,0.0
3005,0.0,0.0,0.0,0.0
3006,0.0,0.0,0.0,0.0
3007,0.0,0.0,0.0,0.0
3008,0.0,0.0,0.0,0.0
3009,0.0,0.0,0.0,0.0
3010,0.0,0.0,0.0,0.0
3011,0.0,0.0,0.0,0.0
3012,0.0,0.0,0.0,0.0
3013,0.0,0.0,0.0,0.0
3014,0.0,0.0,0.0,0.0
3015,0.0,0.0,0.0,0.0
3016,0.0,0.0,0.0,0.0
3017,0.0,0.0,0.0,0.0
3018,0.0,0.0,0.0,0.0
3019,0.0,0.0,0.0,0.0
3020,0.0,0.0,0.0,0.0
3021,0.0,0.0,0.0,0.0
3022,0.0,0.0,0.0,0.0
3023,0.0,0.0,0.0,0.0
3024,0.0,0.0,0.0,0.0
3025,0.0,0.0,0.0,0.0
3026,0.0,0.0,0.0,0.0
3027,0.0,0.0,0.0,0.0
3028,0.0,0.0,0.0,0.0
3029,0.0,0.0,0.0,0.0
3030,0.0,0.0,0.0,0.0
3031,0.0,0.0,0.0,0.0
3032,0.0,0.0,0.0,0.0
3033,0.0,0.0,0.0,0.0
3034,0.0,0.0,0.0,0.0
3035,0.0,0.0,0.0,0.0
3036,0.0,0.0,0.0,0.0
3037,0.0,0.0,0.0,0.0
3038,0.0,0.0,0.0,0.0
3039,0.0,0.0,0.0,0.0
3040,0.0,0.0,0.0,0.0
3041,0.0,0.0,0.0,0.0
3042,0.0,0.0,0.0,0.0
3043,0.0,0.0,0.0,0.0
3044,0.0,0.0,0.0,0.0
3045,0.0,0.0,0.0,0.0
3046,0.0,0.0,0.0,0.0
3047,0.0,0.0,0.0,0.0
3048,0.0,0.0,0.0,0.0
3049,0.0,0.0,0.0,0.0
3050,0.0,0.0,0.0,0.0
3051,0.0,0.0,0.0,0.0
3052,0.0,0.0,0.0,0.0
3053,0.0,0.0,0.0,0.0
3054,0.0,0.0,0.0,0.0
3055,0.0,0.0,0.0,0.0
3056,0.0,0.0,0.0,0.0
3057,0.0,0.0,0.0,0.0
3058,0.0,0.0,0.0,0.0
3059,0.0,0.0,0.0,0.0
3060,0.0,0.0,0.0,0.0
3061,0.0,0.0,0.0,0.0
3062,0.0,0.0,0.0,0.0
3063,0.0,0.0,0.0,0.0
3064,0.0,0.0,0.0,0.0
3065,0.0,0.0,0.0,0.0
3066,0.0,0.0,0.0,0.0
3067,0.0,0.0,0.0,0.0
3068,0.0,0.0,0.0,0.0
3069,0.0,0.0,0.0,0.0
3070,0.0,0.0,0.0,0.0
3071,0.0,0.0,0.0,0.0
3072,0.0,0.0,0.0,0.0
3073,0.0,0.0,0.0,0.0
3074,0.0,0.0,0.0,0.0
3075,0.0,0.0,0.0,0.0
3076,0.0,0.0,0.0,0.0
3077,0.0,0.0,0.0,0.0
3078,0.0,0.0,0.0,0.0
3079,0.0,0.0,0.0,0.0
3080,0.0,0.0,0.0,0.0
3081,0.0,0.0,0.0,0.0
3082,0.0,0.0,0.0,0.0
3083,0.0,0.0,0.0,0.0
3084,0.0,0.0,0.0,0.0
3085,0.0,0.0,0.0,0.0
3086,0.0,0.0,0.0,0.0
3087,0.0,0.0,0.0,0.0
3088,0.0,0.0,0.0,0.0
3089,0.0,0.0,0.0,0.0
3090,0.0,0.0,0.0,0.0
3091,0.0,0.0,0.0,0.0
3092,0.0,0.0,0.0,0.0
3093,0.0,0.0,0.0,0.0
3094,0.0,0.0,0.0,0.0
3095,0.0,0.0,0.0,0.0
3096,0.0,0.0,0.0,0.0
3097,0.0,0.0,0.0,0.0
3098,0.0,0.0,0.0,0.0
3099,0.0,0.0,0.0,0.0
3100,0.0,0.0,0.0,0.0
3101,0.0,0.0,0.0,0.0
3102,0.0,0.0,0.0,0.0
3103,0.0,0.0,0.0,0.0
3104,0.0,0.0,0.0,0.0
3105,0.0,0.0,0.0,0.0
3106,0.0,0.0,0.0,0.0
3107,0.0,0.0,0.0,0.0
3108,0.0,0.0,0.0,0.0
3109,0.0,0.0,0.0,0.0
3110,0.0,0.0,0.0,0.0
3111,0.0,0.0,0.0,0.0
3112,0.0,0.0,0.0,0.0
3113,0.0,0.0,0.0,0.0
3114,0.0,0.0,0.0,0.0
3115,0.0,0.0,0.0,0.0
3116,0.0,0.0,0.0,0.0
3117,0.0,0.0,0.0,0.0
3118,0.0,0.0,0.0,0.0
3119,0.0,0.0,0.0,0.0
3120,0.0,0.0,0.0,0.0
3121,0.0,0.0,0.0,0.0
3122,0.0,0.0,0.0,0.0
3123,0.0,0.0,0.0,0.0
3124,0.0,0.0,0.0,0.0
3125,0.0,0.0,0.0,0.0
3126,0.0,0.0,0.0,0.0
3127,0.0,0.0,0.0,0.0
3128,0.0,0.0,0.0,0.0
3129,0.0,0.0,0.0,0.0
3130,0.0,0.0,0.0,0.0
3131,0.0,0.0,0.0,0.0
3132,0.0,0.0,0.0,0.0
3133,0.0,0.0,0.0,0.0
3134,0.0,0.0,0.0,0.0
3135,0.0,0.0,0.0,0.0
3136,0.0,0.0,0.0,0.0
3137,0.0,0.0,0.0,0.0
3138,0.0,0.0,0.0,0.0
3139,0.0,0.0,0.0,0.0
3140,0.0,0.0,0.0,0.0
3141,0.0,0.0,0.0,0.0
3142,0.0,0.0,0.0,0.0
3143,0.0,0.0,0.0,0.0
3144,0.0,0.0,0.0,0.0
3145,0.0,0.0,0.0,0.0
3146,0.0,0.0,0.0,0.0
3147,0.0,0.0,0.0,0.0
3148,0.0,0.0,0.0,0.0
3149,0.0,0.0,0.0,0.0
3150,0.0,0.0,0.0,0.0
3151,0.0,0.0,0.0,0.0
3152,0.0,0.0,0.0,0.0
3153,0.0,0.0,0.0,0.0
3154,0.0,0.0,0.0,0.0
3155,0.0,0.0,0.0,0.0
3156,0.0,0.0,0.0,0.0
3157,0.0,0.0,0.0,0.0
3158,0.0,0.0,0.0,0.0
3159,0.0,0.0,0.0,0.0
3160,0.0,0.0,0.0,0.0
3161,0.0,0.0,0.0,0.0
3162,0.0,0.0,0.0,0.0
3163,0.0,0.0,0.0,0.0
3164,0.0,0.0,0.0,0.0
3165,0.0,0.0,0.0,0.0
3166,0.0,0.0,0.0,0.0
3167,0.0,0.0,0.0,0.0
3168,0.0,0.0,0.0,0.0
3169,0.0,0.0,0.0,0.0
3170,0.0,0.0,0.0,0.0
3171,0.0,0.0,0.0,0.0
3172,0.0,0.0,0.0,0.0
3173,0.0,0.0,0.0,0.0
3174,0.0,0.0,0.0,0.0
3175,0.0,0.0,0.0,0.0
3176,0.0,0.0,0.0,0.0
3177,0.0,0.0,0.0,0.0
3178,0.0,0.0,0.0,0.0
3179,0.0,0.0,0.0,0.0
3180,0.0,0.0,0.0,0.0
3181,0.0,0.0,0.0,0.0
3182,0.0,0.0,0.0,0.0
3183,0.0,0.0,0.0,0.0
3184,0.0,0.0,0.0,0.0
3185,0.0,0.0,0.0,0.0
3186,0.0,0.0,0.0,0.0
3187,0.0,0.0,0.0,0.0
3188,0.0,0.0,0.0,0.0
3189,0.0,0.0,0.0,0.0
3190,0.0,0.0,0.0,0.0
3191,0.0,0.0,0.0,0.0
3192,0.0,0.0,0.0,0.0
3193,0.0,0.0,0.0,0.0
3194,0.0,0.0,0.0,0.0
3195,0.0,0.0,0.0,0.0
3196,0.0,0.0,0.0,0.0
3197,0.0,0.0,0.0,0.0
3198,0.0,0.0,0.0,0.0
3199,0.0,0.0,0.0,0.0
3200,0.0,0.0,0.0,0.0
3201,0.0,0.0,0.0,0.0
3202,0.0,0.0,0.0,0.0
3203,0.0,0.0,0.0,0.0
3204,0.0,0.0,0.0,0.0
3205,0.0,0.0,0.0,0.0
3206,0.0,0.0,0.0,0.0
3207,0.0,0.0,0.0,0.0
3208,0.0,0.0,0.0,0.0
3209,0.0,0.0,0.0,0.0
3210,0.0,0.0,0.0,0.0
3211,0.0,0.0,0.0,0.0
3212,0.0,0.0,0.0,0.0
3213,0.0,0.0,0.0,0.0
3214,0.0,0.0,0.0,0.0
3215,0.0,0.0,0.0,0.0
3216,0.0,0.0,0.0,0.0
3217,0.0,0.0,0.0,0.0
3218,0.0,0.0,0.0,0.0
3219,0.0,0.0,0.0,0.0
3220,0.0,0.0,0.0,0.0
3221,0.0,0.0,0.0,0.0
3222,0.0,0.0,0.0,0.0
3223,0.0,0.0,0.0,0.0
3224,0.0,0.0,0.0,0.0
3225,0.0,0.0,0.0,0.0
3226,0.0,0.0,0.0,0.0
3227,0.0,0.0,0.0,0.0
3228,0.0,0.0,0.0,0.0
3229,0.0,0.0,0.0,0.0
3230,0.0,0.0,0.0,0.0
3231,0.0,0.0,0.0,0.0
3232,0.0,0.0,0.0,0.0
3233,0.0,0.0,0.0,0.0
3234,0.0,0.0,0.0,0.0
3235,0.0,0.0,0.0,0.0
3236,0.0,0.0,0.0,0.0
3237,0.0,0.0,0.0,0.0
3238,0.0,0.0,0.0,0.0
3239,0.0,0.0,0.0,0.0
3240,0.0,0.0,0.0,0.0
3241,0.0,0.0,0.0,0.0
3242,0.0,0.0,0.0,0.0
3243,0.0,0.0,0.0,0.0
3244,0.0,0.0,0.0,0.0
3245,0.0,0.0,0.0,0.0
3246,0.0,0.0,0.0,0.0
3247,0.0,0.0,0.0,0.0
3248,0.0,0.0,0.0,0.0
3249,0.0,0.0,0.0,0.0
3250,0.0,0.0,0.0,0.0
3251,0.0,0.0,0.0,0.0
3252,0.0,0.0,0.0,0.0
3253,0.0,0.0,0.0,0.0
3254,0.0,0.0,0.0,0.0
3255,0.0,0.0,0.0,0.0
3256,0.0,0.0,0.0,0.0
3257,0.0,0.0,0.0,0.0
3258,0.0,0.0,0.0,0.0
3259,0.0,0.0,0.0,0.0
3260,0.0,0.0,0.0,0.0
3261,0.0,0.0,0.0,0.0
3262,0.0,0.0,0.0,0.0
3263,0.0,0.0,0.0,0.0
3264,0.0,0.0,0.0,0.0
3265,0.0,0.0,0.0,0.0
3266,0.0,0.0,0.0,0.0
3267,0.0,0.0,0.0,0.0
3268,0.0,0.0,0.0,0.0
3269,0.0,0.0,0.0,0.0
3270,0.0,0.0,0.0,0.0
3271,0.0,0.0,0.0,0.0
3272,0.0,0.0,0.0,0.0
3273,0.0,0.0,0.0,0.0
3274,0.0,0.0,0.0,0.0
3275,0.0,0.0,0.0,0.0
3276,0.0,0.0,0.0,0.0
3277,0.0,0.0,0.0,0.0
3278,0.0,0.0,0.0,0.0
3279,0.0,0.0,0.0,0.0
3280,0.0,0.0,0.0,0.0
3281,0.0,0.0,0.0,0.0
3282,0.0,0.0,0.0,0.0
3283,0.0,0.0,0.0,0.0
3284,0.0,0.0,0.0,0.0
3285,0.0,0.0,0.0,0.0
3286,0.0,0.0,0.0,0.0
3287,0.0,0.0,0.0,0.0
3288,0.0,0.0,0.0,0.0
3289,0.0,0.0,0.0,0.0
3290,0.0,0.0,0.0,0.0
3291,0.0,0.0,0.0,0.0
3292,0.0,0.0,0.0,0.0
3293,0.0,0.0,0.0,0.0
3294,0.0,0.0,0.0,0.0
3295,0.0,0.0,0.0,0.0
3296,0.0,0.0,0.0,0.0
3297,0.0,0.0,0.0,0.0
3298,0.0,0.0,0.0,0.0
3299,0.0,0.0,0.0,0.0
3300,0.0,0.0,0.0,0.0
3301,0.0,0.0,0.0,0.0
3302,0.0,0.0,0.0,0.0
3303,0.0,0.0,0.0,0.0
3304,0.0,0.0,0.0,0.0
3305,0.0,0.0,0.0,0.0
3306,0.0,0.0,0.0,0.0
3307,0.0,0.0,0.0,0.0
3308,0.0,0.0,0.0,0.0
3309,0.0,0.0,0.0,0.0
3310,0.0,0.0,0.0,0.0
3311,0.0,0.0,0.0,0.0
3312,0.0,0.0,0.0,0.0
3313,0.0,0.0,0.0,0.0
3314,0.0,0.0,0.0,0.0
3315,0.0,0.0,0.0,0.0
3316,0.0,0.0,0.0,0.0
3317,0.0,0.0,0.0,0.0
3318,0.0,0.0,0.0,0.0
3319,0.0,0.0,0.0,0.0
3320,0.0,0.0,0.0,0.0
3321,0.0,0.0,0.0,0.0
3322,0.0,0.0,0.0,0.0
3323,0.0,0.0,0.0,0.0
3324,0.0,0.0,0.0,0.0
3325,0.0,0.0,0.0,0.0
3326,0.0,0.0,0.0,0.0
3327,0.0,0.0,0.0,0.0
3328,0.0,0.0,0.0,0.0
3329,0.0,0.0,0.0,0.0
3330,0.0,0.0,0.0,0.0
3331,0.0,0.0,0.0,0.0
3332,0.0,0.0,0.0,0.0
3333,0.0,0.0,0.0,0.0
3334,0.0,0.0,0.0,0.0
3335,0.0,0.0,0.0,0.0
3336,0.0,0.0,0.0,0.0
3337,0.0,0.0,0.0,0.0
3338,0.0,0.0,0.0,0.0
3339,0.0,0.0,0.0,0.0
3340,0.0,0.0,0.0,0.0
3341,0.0,0.0,0.0,0.0
3342,0.0,0.0,0.0,0.0
3343,0.0,0.0,0.0,0.0
3344,0.0,0.0,0.0,0.0
3345,0.0,0.0,0.0,0.0
3346,0.0,0.0,0.0,0.0
3347,0.0,0.0,0.0,0.0
3348,0.0,0.0,0.0,0.0
3349,0.0,0.0,0.0,0.0
3350,0.0,0.0,0.0,0.0
3351,0.0,0.0,0.0,0.0
3352,0.0,0.0,0.0,0.0
3353,0.0,0.0,0.0,0.0
3354,0.0,0.0,0.0,0.0
3355,0.0,0.0,0.0,0.0
3356,0.0,0.0,0.0,0.0
3357,0.0,0.0,0.0,0.0
3358,0.0,0.0,0.0,0.0
3359,0.0,0.0,0.0,0.0
3360,0.0,0.0,0.0,0.0
3361,0.0,0.0,0.0,0.0
3362,0.0,0.0,0.0,0.0
3363,0.0,0.0,0.0,0.0
3364,0.0,0.0,0.0,0.0
3365,0.0,0.0,0.0,0.0
3366,0.0,0.0,0.0,0.0
3367,0.0,0.0,0.0,0.0
3368,0.0,0.0,0.0,0.0
3369,0.0,0.0,0.0,0.0
3370,0.0,0.0,0.0,0.0
3371,0.0,0.0,0.0,0.0
3372,0.0,0.0,0.0,0.0
3373,0.0,0.0,0.0,0.0
3374,0.0,0.0,0.0,0.0
3375,0.0,0.0,0.0,0.0
3376,0.0,0.0,0.0,0.0
3377,0.0,0.0,0.0,0.0
3378,0.0,0.0,0.0,0.0
3379,0.0,0.0,0.0,0.0
3380,0.0,0.0,0.0,0.0
3381,0.0,0.0,0.0,0.0
3382,0.0,0.0,0.0,0.0
3383,0.0,0.0,0.0,0.0
3384,0.0,0.0,0.0,0.0
3385,0.0,0.0,0.0,0.0
3386,0.0,0.0,0.0,0.0
3387,0.0,0.0,0.0,0.0
3388,0.0,0.0,0.0,0.0
3389,0.0,0.0,0.0,0.0
3390,0.0,0.0,0.0,0.0
3391,0.0,0.0,0.0,0.0
3392,0.0,0.0,0.0,0.0
3393,0.0,0.0,0.0,0.0
3394,0.0,0.0,0.0,0.0
3395,0.0,0.0,0.0,0.0
3396,0.0,0.0,0.0,0.0
3397,0.0,0.0,0.0,0.0
3398,0.0,0.0,0.0,0.0
3399,0.0,0.0,0.0,0.0
3400,0.0,0.0,0.0,0.0
3401,0.0,0.0,0.0,0.0
3402,0.0,0.0,0.0,0.0
3403,0.0,0.0,0.0,0.0
3404,0.0,0.0,0.0,0.0
3405,0.0,0.0,0.0,0.0
3406,0.0,0.0,0.0,0.0
3407,0.0,0.0,0.0,0.0
3408,0.0,0.0,0.0,0.0
3409,0.0,0.0,0.0,0.0
3410,0.0,0.0,0.0,0.0
3411,0.0,0.0,0.0,0.0
3412,0.0,0.0,0.0,0.0
3413,0.0,0.0,0.0,0.0
3414,0.0,0.0,0.0,0.0
3415,0.0,0.0,0.0,0.0
3416,0.0,0.0,0.0,0.0
3417,0.0,0.0,0.0,0.0
3418,0.0,0.0,0.0,0.0
3419,0.0,0.0,0.0,0.0
3420,0.0,0.0,0.0,0.0
3421,0.0,0.0,0.0,0.0
3422,0.0,0.0,0.0,0.0
3423,0.0,0.0,0.0,0.0
3424,0.0,0.0,0.0,0.0
3425,0.0,0.0,0.0,0.0
3426,0.0,0.0,0.0,0.0
3427,0.0,0.0,0.0,0.0
3428,0.0,0.0,0.0,0.0
3429,0.0,0.0,0.0,0.0
3430,0.0,0.0,0.0,0.0
3431,0.0,0.0,0.0,0.0
3432,0.0,0.0,0.0,0.0
3433,0.0,0.0,0.0,0.0
3434,0.0,0.0,0.0,0.0
3435,0.0,0.0,0.0,0.0
3436,0.0,0.0,0.0,0.0
3437,0.0,0.0,0.0,0.0
3438,0.0,0.0,0.0,0.0
3439,0.0,0.0,0.0,0.0
3440,0.0,0.0,0.0,0.0
3441,0.0,0.0,0.0,0.0
3442,0.0,0.0,0.0,0.0
3443,0.0,0.0,0.0,0.0
3444,0.0,0.0,0.0,0.0
3445,0.0,0.0,0.0,0.0
3446,0.0,0.0,0.0,0.0
3447,0.0,0.0,0.0,0.0
3448,0.0,0.0,0.0,0.0
3449,0.0,0.0,0.0,0.0
3450,0.0,0.0,0.0,0.0
3451,0.0,0.0,0.0,0.0
3452,0.0,0.0,0.0,0.0
3453,0.0,0.0,0.0,0.0
3454,0.0,0.0,0.0,0.0
3455,0.0,0.0,0.0,0.0
3456,0.0,0.0,0.0,0.0
3457,0.0,0.0,0.0,0.0
3458,0.0,0.0,0.0,0.0
3459,0.0,0.0,0.0,0.0
3460,0.0,0.0,0.0,0.0
3461,0.0,0.0,0.0,0.0
3462,0.0,0.0,0.0,0.0
3463,0.0,0.0,0.0,0.0
3464,0.0,0.0,0.0,0.0
3465,0.0,0.0,0.0,0.0
3466,0.0,0.0,0.0,0.0
3467,0.0,0.0,0.0,0.0
3468,0.0,0.0,0.0,0.0
3469,0.0,0.0,0.0,0.0
3470,0.0,0.0,0.0,0.0
3471,0.0,0.0,0.0,0.0
3472,0.0,0.0,0.0,0.0
3473,0.0,0.0,0.0,0.0
3474,0.0,0.0,0.0,0.0
3475,0.0,0.0,0.0,0.0
3476,0.0,0.0,0.0,0.0
3477,0.0,0.0,0.0,0.0
3478,0.0,0.0,0.0,0.0
3479,0.0,0.0,0.0,0.0
3480,0.0,0.0,0.0,0.0
3481,0.0,0.0,0.0,0.0
3482,0.0,0.0,0.0,0.0
3483,0.0,0.0,0.0,0.0
3484,0.0,0.0,0.0,0.0
3485,0.0,0.0,0.0,0.0
3486,0.0,0.0,0.0,0.0
3487,0.0,0.0,0.0,0.0
3488,0.0,0.0,0.0,0.0
3489,0.0,0.0,0.0,0.0
3490,0.0,0.0,0.0,0.0
3491,0.0,0.0,0.0,0.0
3492,0.0,0.0,0.0,0.0
3493,0.0,0.0,0.0,0.0
3494,0.0,0.0,0.0,0.0
3495,0.0,0.0,0.0,0.0
3496,0.0,0.0,0.0,0.0
3497,0.0,0.0,0.0,0.0
3498,0.0,0.0,0.0,0.0
3499,0.0,0.0,0.0,0.0
3500,0.0,0.0,0.0,0.0
3501,0.0,0.0,0.0,0.0
3502,0.0,0.0,0.0,0.0
3503,0.0,0.0,0.0,0.0
3504,0.0,0.0,0.0,0.0
3505,0.0,0.0,0.0,0.0
3506,0.0,0.0,0.0,0.0
3507,0.0,0.0,0.0,0.0
3508,0.0,0.0,0.0,0.0
3509,0.0,0.0,0.0,0.0
3510,0.0,0.0,0.0,0.0
3511,0.0,0.0,0.0,0.0
3512,0.0,0.0,0.0,0.0
3513,0.0,0.0,0.0,0.0
3514,0.0,0.0,0.0,0.0
3515,0.0,0.0,0.0,0.0
3516,0.0,0.0,0.0,0.0
3517,0.0,0.0,0.0,0.0
3518,0.0,0.0,0.0,0.0
3519,0.0,0.0,0.0,0.0
3520,0.0,0.0,0.0,0.0
3521,0.0,0.0,0.0,0.0
3522,0.0,0.0,0.0,0.0
3523,0.0,0.0,0.0,0.0
3524,0.0,0.0,0.0,0.0
3525,0.0,0.0,0.0,0.0
3526,0.0,0.0,0.0,0.0
3527,0.0,0.0,0.0,0.0
3528,0.0,0.0,0.0,0.0
3529,0.0,0.0,0.0,0.0
3530,0.0,0.0,0.0,0.0
3531,0.0,0.0,0.0,0.0
3532,0.0,0.0,0.0,0.0
3533,0.0,0.0,0.0,0.0
3534,0.0,0.0,0.0,0.0
3535,0.0,0.0,0.0,0.0
3536,0.0,0.0,0.0,0.0
3537,0.0,0.0,0.0,0.0
3538,0.0,0.0,0.0,0.0
3539,0.0,0.0,0.0,0.0
3540,0.0,0.0,0.0,0.0
3541,0.0,0.0,0.0,0.0
3542,0.0,0.0,0.0,0.0
3543,0.0,0.0,0.0,0.0
3544,0.0,0.0,0.0,0.0
3545,0.0,0.0,0.0,0.0
3546,0.0,0.0,0.0,0.0
3547,0.0,0.0,0.0,0.0
3548,0.0,0.0,0.0,0.0
3549,0.0,0.0,0.0,0.0
3550,0.0,0.0,0.0,0.0
3551,0.0,0.0,0.0,0.0
3552,0.0,0.0,0.0,0.0
3553,0.0,0.0,0.0,0.0
3554,0.0,0.0,0.0,0.0
3555,0.0,0.0,0.0,0.0
3556,0.0,0.0,0.0,0.0
3557,0.0,0.0,0.0,0.0
3558,0.0,0.0,0.0,0.0
3559,0.0,0.0,0.0,0.0
3560,0.0,0.0,0.0,0.0
3561,0.0,0.0,0.0,0.0
3562,0.0,0.0,0.0,0.0
3563,0.0,0.0,0.0,0.0
3564,0.0,0.0,0.0,0.0
3565,0.0,0.0,0.0,0.0
3566,0.0,0.0,0.0,0.0
3567,0.0,0.0,0.0,0.0
3568,0.0,0.0,0.0,0.0
3569,0.0,0.0,0.0,0.0
3570,0.0,0.0,0.0,0.0
3571,0.0,0.0,0.0,0.0
3572,0.0,0.0,0.0,0.0
3573,0.0,0.0,0.0,0.0
3574,0.0,0.0,0.0,0.0
3575,0.0,0.0,0.0,0.0
3576,0.0,0.0,0.0,0.0
3577,0.0,0.0,0.0,0.0
3578,0.0,0.0,0.0,0.0
3579,0.0,0.0,0.0,0.0
3580,0.0,0.0,0.0,0.0
3581,0.0,0.0,0.0,0.0
3582,0.0,0.0,0.0,0.0
3583,0.0,0.0,0.0,0.0
3584,0.0,0.0,0.0,0.0
3585,0.0,0.0,0.0,0.0
3586,0.0,0.0,0.0,0.0
3587,0.0,0.0,0.0,0.0
3588,0.0,0.0,0.0,0.0
3589,0.0,0.0,0.0,0.0
3590,0.0,0.0,0.0,0.0
3591,0.0,0.0,0.0,0.0
3592,0.0,0.0,0.0,0.0
3593,0.0,0.0,0.0,0.0
3594,0.0,0.0,0.0,0.0
3595,0.0,0.0,0.0,0.0
3596,0.0,0.0,0.0,0.0
3597,0.0,0.0,0.0,0.0
3598,0.0,0.0,0.0,0.0
3599,0.0,0.0,0.0,0.0
3600,0.0,0.0,0.0,0.0
3601,0.0,0.0,0.0,0.0
3602,0.0,0.0,0.0,0.0
3603,0.0,0.0,0.0,0.0
3604,0.0,0.0,0.0,0.0
3605,0.0,0.0,0.0,0.0
3606,0.0,0.0,0.0,0.0
3607,0.0,0.0,0.0,0.0
3608,0.0,0.0,0.0,0.0
3609,0.0,0.0,0.0,0.0
3610,0.0,0.0,0.0,0.0
3611,0.0,0.0,0.0,0.0
3612,0.0,0.0,0.0,0.0
3613,0.0,0.0,0.0,0.0
3614,0.0,0.0,0.0,0.0
3615,0.0,0.0,0.0,0.0
3616,0.0,0.0,0.0,0.0
3617,0.0,0.0,0.0,0.0
3618,0.0,0.0,0.0,0.0
3619,0.0,0.0,0.0,0.0
3620,0.0,0.0,0.0,0.0
3621,0.0,0.0,0.0,0.0
3622,0.0,0.0,0.0,0.0
3623,0.0,0.0,0.0,0.0
3624,0.0,0.0,0.0,0.0
3625,0.0,0.0,0.0,0.0
3626,0.0,0.0,0.0,0.0
3627,0.0,0.0,0.0,0.0
3628,0.0,0.0,0.0,0.0
3629,0.0,0.0,0.0,0.0
3630,0.0,0.0,0.0,0.0
3631,0.0,0.0,0.0,0.0
3632,0.0,0.0,0.0,0.0
3633,0.0,0.0,0.0,0.0
3634,0.0,0.0,0.0,0.0
3635,0.0,0.0,0.0,0.0
3636,0.0,0.0,0.0,0.0
3637,0.0,0.0,0.0,0.0
3638,0.0,0.0,0.0,0.0
3639,0.0,0.0,0.0,0.0
3640,0.0,0.0,0.0,0.0
3641,0.0,0.0,0.0,0.0
3642,0.0,0.0,0.0,0.0
3643,0.0,0.0,0.0,0.0
3644,0.0,0.0,0.0,0.0
3645,0.0,0.0,0.0,0.0
3646,0.0,0.0,0.0,0.0
3647,0.0,0.0,0.0,0.0
3648,0.0,0.0,0.0,0.0
3649,0.0,0.0,0.0,0.0
3650,0.0,0.0,0.0,0.0
3651,0.0,0.0,0.0,0.0
3652,0.0,0.0,0.0,0.0
3653,0.0,0.0,0.0,0.0
3654,0.0,0.0,0.0,0.0
3655,0.0,0.0,0.0,0.0
3656,0.0,0.0,0.0,0.0
3657,0.0,0.0,0.0,0.0
3658,0.0,0.0,0.0,0.0
3659,0.0,0.0,0.0,0.0
3660,0.0,0.0,0.0,0.0
3661,0.0,0.0,0.0,0.0
3662,0.0,0.0,0.0,0.0
3663,0.0,0.0,0.0,0.0
3664,0.0,0.0,0.0,0.0
3665,0.0,0.0,0.0,0.0
3666,0.0,0.0,0.0,0.0
3667,0.0,0.0,0.0,0.0
3668,0.0,0.0,0.0,0.0
3669,0.0,0.0,0.0,0.0
3670,0.0,0.0,0.0,0.0
3671,0.0,0.0,0.0,0.0
3672,0.0,0.0,0.0,0.0
3673,0.0,0.0,0.0,0.0
3674,0.0,0.0,0.0,0.0
3675,0.0,0.0,0.0,0.0
3676,0.0,0.0,0.0,0.0
3677,0.0,0.0,0.0,0.0
3678,0.0,0.0,0.0,0.0
3679,0.0,0.0,0.0,0.0
3680,0.0,0.0,0.0,0.0
3681,0.0,0.0,0.0,0.0
3682,0.0,0.0,0.0,0.0
3683,0.0,0.0,0.0,0.0
3684,0.0,0.0,0.0,0.0
3685,0.0,0.0,0.0,0.0
3686,0.0,0.0,0.0,0.0
3687,0.0,0.0,0.0,0.0
3688,0.0,0.0,0.0,0.0
3689,0.0,0.0,0.0,0.0
3690,0.0,0.0,0.0,0.0
3691,0.0,0.0,0.0,0.0
3692,0.0,0.0,0.0,0.0
3693,0.0,0.0,0.0,0.0
3694,0.0,0.0,0.0,0.0
3695,0.0,0.0,0.0,0.0
3696,0.0,0.0,0.0,0.0
3697,0.0,0.0,0.0,0.0
3698,0.0,0.0,0.0,0.0
3699,0.0,0.0,0.0,0.0
3700,0.0,0.0,0.0,0.0
3701,0.0,0.0,0.0,0.0
3702,0.0,0.0,0.0,0.0
3703,0.0,0.0,0.0,0.0
3704,0.0,0.0,0.0,0.0
3705,0.0,0.0,0.0,0.0
3706,0.0,0.0,0.0,0.0
3707,0.0,0.0,0.0,0.0
3708,0.0,0.0,0.0,0.0
3709,0.0,0.0,0.0,0.0
3710,0.0,0.0,0.0,0.0
3711,0.0,0.0,0.0,0.0
3712,0.0,0.0,0.0,0.0
3713,0.0,0.0,0.0,0.0
3714,0.0,0.0,0.0,0.0
3715,0.0,0.0,0.0,0.0
3716,0.0,0.0,0.0,0.0
3717,0.0,0.0,0.0,0.0
3718,0.0,0.0,0.0,0.0
3719,0.0,0.0,0.0,0.0
3720,0.0,0.0,0.0,0.0
3721,0.0,0.0,0.0,0.0
3722,0.0,0.0,0.0,0.0
3723,0.0,0.0,0.0,0.0
3724,0.0,0.0,0.0,0.0
3725,0.0,0.0,0.0,0.0
3726,0.0,0.0,0.0,0.0
3727,0.0,0.0,0.0,0.0
3728,0.0,0.0,0.0,0.0
3729,0.0,0.0,0.0,0.0
3730,0.0,0.0,0.0,0.0
3731,0.0,0.0,0.0,0.0
3732,0.0,0.0,0.0,0.0
3733,0.0,0.0,0.0,0.0
3734,0.0,0.0,0.0,0.0
3735,0.0,0.0,0.0,0.0
3736,0.0,0.0,0.0,0.0
3737,0.0,0.0,0.0,0.0
3738,0.0,0.0,0.0,0.0
3739,0.0,0.0,0.0,0.0
3740,0.0,0.0,0.0,0.0
3741,0.0,0.0,0.0,0.0
3742,0.0,0.0,0.0,0.0
3743,0.0,0.0,0.0,0.0
3744,0.0,0.0,0.0,0.0
3745,0.0,0.0,0.0,0.0
3746,0.0,0.0,0.0,0.0
3747,0.0,0.0,0.0,0.0
3748,0.0,0.0,0.0,0.0
3749,0.0,0.0,0.0,0.0
3750,0.0,0.0,0.0,0.0
3751,0.0,0.0,0.0,0.0
3752,0.0,0.0,0.0,0.0
3753,0.0,0.0,0.0,0.0
3754,0.0,0.0,0.0,0.0
3755,0.0,0.0,0.0,0.0
3756,0.0,0.0,0.0,0.0
3757,0.0,0.0,0.0,0.0
3758,0.0,0.0,0.0,0.0
3759,0.0,0.0,0.0,0.0
3760,0.0,0.0,0.0,0.0
3761,0.0,0.0,0.0,0.0
3762,0.0,0.0,0.0,0.0
3763,0.0,0.0,0.0,0.0
3764,0.0,0.0,0.0,0.0
3765,0.0,0.0,0.0,0.0
3766,0.0,0.0,0.0,0.0
3767,0.0,0.0,0.0,0.0
3768,0.0,0.0,0.0,0.0
3769,0.0,0.0,0.0,0.0
3770,0.0,0.0,0.0,0.0
3771,0.0,0.0,0.0,0.0
3772,0.0,0.0,0.0,0.0
3773,0.0,0.0,0.0,0.0
3774,0.0,0.0,0.0,0.0
3775,0.0,0.0,0.0,0.0
3776,0.0,0.0,0.0,0.0
3777,0.0,0.0,0.0,0.0
3778,0.0,0.0,0.0,0.0
3779,0.0,0.0,0.0,0.0
3780,0.0,0.0,0.0,0.0
3781,0.0,0.0,0.0,0.0
3782,0.0,0.0,0.0,0.0
3783,0.0,0.0,0.0,0.0
3784,0.0,0.0,0.0,0.0
3785,0.0,0.0,0.0,0.0
3786,0.0,0.0,0.0,0.0
3787,0.0,0.0,0.0,0.0
3788,0.0,0.0,0.0,0.0
3789,0.0,0.0,0.0,0.0
3790,0.0,0.0,0.0,0.0
3791,0.0,0.0,0.0,0.0
3792,0.0,0.0,0.0,0.0
3793,0.0,0.0,0.0,0.0
3794,0.0,0.0,0.0,0.0
3795,0.0,0.0,0.0,0.0
3796,0.0,0.0,0.0,0.0
3797,0.0,0.0,0.0,0.0
3798,0.0,0.0,0.0,0.0
3799,0.0,0.0,0.0,0.0
3800,0.0,0.0,0.0,0.0
3801,0.0,0.0,0.0,0.0
3802,0.0,0.0,0.0,0.0
3803,0.0,0.0,0.0,0.0
3804,0.0,0.0,0.0,0.0
3805,0.0,0.0,0.0,0.0
3806,0.0,0.0,0.0,0.0
3807,0.0,0.0,0.0,0.0
3808,0.0,0.0,0.0,0.0
3809,0.0,0.0,0.0,0.0
3810,0.0,0.0,0.0,0.0
3811,0.0,0.0,0.0,0.0
3812,0.0,0.0,0.0,0.0
3813,0.0,0.0,0.0,0.0
3814,0.0,0.0,0.0,0.0
3815,0.0,0.0,0.0,0.0
3816,0.0,0.0,0.0,0.0
3817,0.0,0.0,0.0,0.0
3818,0.0,0.0,0.0,0.0
3819,0.0,0.0,0.0,0.0
3820,0.0,0.0,0.0,0.0
3821,0.0,0.0,0.0,0.0
3822,0.0,0.0,0.0,0.0
3823,0.0,0.0,0.0,0.0
3824,0.0,0.0,0.0,0.0
3825,0.0,0.0,0.0,0.0
3826,0.0,0.0,0.0,0.0
3827,0.0,0.0,0.0,0.0
3828,0.0,0.0,0.0,0.0
3829,0.0,0.0,0.0,0.0
3830,0.0,0.0,0.0,0.0
3831,0.0,0.0,0.0,0.0
3832,0.0,0.0,0.0,0.0
3833,0.0,0.0,0.0,0.0
3834,0.0,0.0,0.0,0.0
3835,0.0,0.0,0.0,0.0
3836,0.0,0.0,0.0,0.0
3837,0.0,0.0,0.0,0.0
3838,0.0,0.0,0.0,0.0
3839,0.0,0.0,0.0,0.0
3840,0.0,0.0,0.0,0.0
3841,0.0,0.0,0.0,0.0
3842,0.0,0.0,0.0,0.0
3843,0.0,0.0,0.0,0.0
3844,0.0,0.0,0.0,0.0
3845,0.0,0.0,0.0,0.0
3846,0.0,0.0,0.0,0.0
3847,0.0,0.0,0.0,0.0
3848,0.0,0.0,0.0,0.0
3849,0.0,0.0,0.0,0.0
3850,0.0,0.0,0.0,0.0
3851,0.0,0.0,0.0,0.0
3852,0.0,0.0,0.0,0.0
3853,0.0,0.0,0.0,0.0
3854,0.0,0.0,0.0,0.0
3855,0.0,0.0,0.0,0.0
3856,0.0,0.0,0.0,0.0
3857,0.0,0.0,0.0,0.0
3858,0.0,0.0,0.0,0.0
3859,0.0,0.0,0.0,0.0
3860,0.0,0.0,0.0,0.0
3861,0.0,0.0,0.0,0.0
3862,0.0,0.0,0.0,0.0
3863,0.0,0.0,0.0,0.0
3864,0.0,0.0,0.0,0.0
3865,0.0,0.0,0.0,0.0
3866,0.0,0.0,0.0,0.0
3867,0.0,0.0,0.0,0.0
3868,0.0,0.0,0.0,0.0
3869,0.0,0.0,0.0,0.0
3870,0.0,0.0,0.0,0.0
3871,0.0,0.0,0.0,0.0
3872,0.0,0.0,0.0,0.0
3873,0.0,0.0,0.0,0.0
3874,0.0,0.0,0.0,0.0
3875,0.0,0.0,0.0,0.0
3876,0.0,0.0,0.0,0.0
3877,0.0,0.0,0.0,0.0
3878,0.0,0.0,0.0,0.0
3879,0.0,0.0,0.0,0.0
3880,0.0,0.0,0.0,0.0
3881,0.0,0.0,0.0,0.0
3882,0.0,0.0,0.0,0.0
3883,0.0,0.0,0.0,0.0
3884,0.0,0.0,0.0,0.0
3885,0.0,0.0,0.0,0.0
3886,0.0,0.0,0.0,0.0
3887,0.0,0.0,0.0,0.0
3888,0.0,0.0,0.0,0.0
3889,0.0,0.0,0.0,0.0
3890,0.0,0.0,0.0,0.0
3891,0.0,0.0,0.0,0.0
3892,0.0,0.0,0.0,0.0
3893,0.0,0.0,0.0,0.0
3894,0.0,0.0,0.0,0.0
3895,0.0,0.0,0.0,0.0
3896,0.0,0.0,0.0,0.0
3897,0.0,0.0,0.0,0.0
3898,0.0,0.0,0.0,0.0
3899,0.0,0.0,0.0,0.0
3900,0.0,0.0,0.0,0.0
3901,0.0,0.0,0.0,0.0
3902,0.0,0.0,0.0,0.0
3903,0.0,0.0,0.0,0.0
3904,0.0,0.0,0.0,0.0
3905,0.0,0.0,0.0,0.0
3906,0.0,0.0,0.0,0.0
3907,0.0,0.0,0.0,0.0
3908,0.0,0.0,0.0,0.0
3909,0.0,0.0,0.0,0.0
3910,0.0,0.0,0.0,0.0
3911,0.0,0.0,0.0,0.0
3912,0.0,0.0,0.0,0.0
3913,0.0,0.0,0.0,0.0
3914,0.0,0.0,0.0,0.0
3915,0.0,0.0,0.0,0.0
3916,0.0,0.0,0.0,0.0
3917,0.0,0.0,0.0,0.0
3918,0.0,0.0,0.0,0.0
3919,0.0,0.0,0.0,0.0
3920,0.0,0.0,0.0,0.0
3921,0.0,0.0,0.0,0.0
3922,0.0,0.0,0.0,0.0
3923,0.0,0.0,0.0,0.0
3924,0.0,0.0,0.0,0.0
3925,0.0,0.0,0.0,0.0
3926,0.0,0.0,0.0,0.0
3927,0.0,0.0,0.0,0.0
3928,0.0,0.0,0.0,0.0
3929,0.0,0.0,0.0,0.0
3930,0.0,0.0,0.0,0.0
3931,0.0,0.0,0.0,0.0
3932,0.0,0.0,0.0,0.0
3933,0.0,0.0,0.0,0.0
3934,0.0,0.0,0.0,0.0
3935,0.0,0.0,0.0,0.0
3936,0.0,0.0,0.0,0.0
3937,0.0,0.0,0.0,0.0
3938,0.0,0.0,0.0,0.0
3939,0.0,0.0,0.0,0.0
3940,0.0,0.0,0.0,0.0
3941,0.0,0.0,0.0,0.0
3942,0.0,0.0,0.0,0.0
3943,0.0,0.0,0.0,0.0
3944,0.0,0.0,0.0,0.0
3945,0.0,0.0,0.0,0.0
3946,0.0,0.0,0.0,0.0
3947,0.0,0.0,0.0,0.0
3948,0.0,0.0,0.0,0.0
3949,0.0,0.0,0.0,0.0
3950,0.0,0.0,0.0,0.0
3951,0.0,0.0,0.0,0.0
3952,0.0,0.0,0.0,0.0
3953,0.0,0.0,0.0,0.0
3954,0.0,0.0,0.0,0.0
3955,0.0,0.0,0.0,0.0
3956,0.0,0.0,0.0,0.0
3957,0.0,0.0,0.0,0.0
3958,0.0,0.0,0.0,0.0
3959,0.0,0.0,0.0,0.0
3960,0.0,0.0,0.0,0.0
3961,0.0,0.0,0.0,0.0
3962,0.0,0.0,0.0,0.0
3963,0.0,0.0,0.0,0.0
3964,0.0,0.0,0.0,0.0
3965,0.0,0.0,0.0,0.0
3966,0.0,0.0,0.0,0.0
3967,0.0,0.0,0.0,0.0
3968,0.0,0.0,0.0,0.0
3969,0.0,0.0,0.0,0.0
3970,0.0,0.0,0.0,0.0
3971,0.0,0.0,0.0,0.0
3972,0.0,0.0,0.0,0.0
3973,0.0,0.0,0.0,0.0
3974,0.0,0.0,0.0,0.0
3975,0.0,0.0,0.0,0.0
3976,0.0,0.0,0.0,0.0
3977,0.0,0.0,0.0,0.0
3978,0.0,0.0,0.0,0.0
3979,0.0,0.0,0.0,0.0
3980,0.0,0.0,0.0,0.0
3981,0.0,0.0,0.0,0.0
3982,0.0,0.0,0.0,0.0
3983,0.0,0.0,0.0,0.0
3984,0.0,0.0,0.0,0.0
3985,0.0,0.0,0.0,0.0
3986,0.0,0.0,0.0,0.0
3987,0.0,0.0,0.0,0.0
3988,0.0,0.0,0.0,0.0
3989,0.0,0.0,0.0,0.0
3990,0.0,0.0,0.0,0.0
3991,0.0,0.0,0.0,0.0
3992,0.0,0.0,0.0,0.0
3993,0.0,0.0,0.0,0.0
3994,0.0,0.0,0.0,0.0
3995,0.0,0.0,0.0,0.0
3996,0.0,0.0,0.0,0.0
3997,0.0,0.0,0.0,0.0
3998,0.0,0.0,0.0,0.0
3999,0.0,0.0,0.0,0.0
4000,0.0,0.0,0.0,0.0
4001,0.0,0.0,0.0,0.0
4002,0.0,0.0,0.0,0.0
4003,0.0,0.0,0.0,0.0
4004,0.0,0.0,0.0,0.0
4005,0.0,0.0,0.0,0.0
4006,0.0,0.0,0.0,0.0
4007,0.0,0.0,0.0,0.0
4008,0.0,0.0,0.0,0.0
4009,0.0,0.0,0.0,0.0
4010,0.0,0.0,0.0,0.0
4011,0.0,0.0,0.0,0.0
4012,0.0,0.0,0.0,0.0
4013,0.0,0.0,0.0,0.0
4014,0.0,0.0,0.0,0.0
4015,0.0,0.0,0.0,0.0
4016,0.0,0.0,0.0,0.0
4017,0.0,0.0,0.0,0.0
4018,0.0,0.0,0.0,0.0
4019,0.0,0.0,0.0,0.0
4020,0.0,0.0,0.0,0.0
4021,0.0,0.0,0.0,0.0
4022,0.0,0.0,0.0,0.0
4023,0.0,0.0,0.0,0.0
4024,0.0,0.0,0.0,0.0
4025,0.0,0.0,0.0,0.0
4026,0.0,0.0,0.0,0.0
4027,0.0,0.0,0.0,0.0
4028,0.0,0.0,0.0,0.0
4029,0.0,0.0,0.0,0.0
4030,0.0,0.0,0.0,0.0
4031,0.0,0.0,0.0,0.0
4032,0.0,0.0,0.0,0.0
4033,0.0,0.0,0.0,0.0
4034,0.0,0.0,0.0,0.0
4035,0.0,0.0,0.0,0.0
4036,0.0,0.0,0.0,0.0
4037,0.0,0.0,0.0,0.0
4038,0.0,0.0,0.0,0.0
4039,0.0,0.0,0.0,0.0
4040,0.0,0.0,0.0,0.0
4041,0.0,0.0,0.0,0.0
4042,0.0,0.0,0.0,0.0
4043,0.0,0.0,0.0,0.0
4044,0.0,0.0,0.0,0.0
4045,0.0,0.0,0.0,0.0
4046,0.0,0.0,0.0,0.0
4047,0.0,0.0,0.0,0.0
4048,0.0,0.0,0.0,0.0
4049,0.0,0.0,0.0,0.0
4050,0.0,0.0,0.0,0.0
4051,0.0,0.0,0.0,0.0
4052,0.0,0.0,0.0,0.0
4053,0.0,0.0,0.0,0.0
4054,0.0,0.0,0.0,0.0
4055,0.0,0.0,0.0,0.0
4056,0.0,0.0,0.0,0.0
4057,0.0,0.0,0.0,0.0
4058,0.0,0.0,0.0,0.0
4059,0.0,0.0,0.0,0.0
4060,0.0,0.0,0.0,0.0
4061,0.0,0.0,0.0,0.0
4062,0.0,0.0,0.0,0.0
4063,0.0,0.0,0.0,0.0
4064,0.0,0.0,0.0,0.0
4065,0.0,0.0,0.0,0.0
4066,0.0,0.0,0.0,0.0
4067,0.0,0.0,0.0,0.0
4068,0.0,0.0,0.0,0.0
4069,0.0,0.0,0.0,0.0
4070,0.0,0.0,0.0,0.0
4071,0.0,0.0,0.0,0.0
4072,0.0,0.0,0.0,0.0
4073,0.0,0.0,0.0,0.0
4074,0.0,0.0,0.0,0.0
4075,0.0,0.0,0.0,0.0
4076,0.0,0.0,0.0,0.0
4077,0.0,0.0,0.0,0.0
4078,0.0,0.0,0.0,0.0
4079,0.0,0.0,0.0,0.0
4080,0.0,0.0,0.0,0.0
4081,0.0,0.0,0.0,0.0
4082,0.0,0.0,0.0,0.0
4083,0.0,0.0,0.0,0.0
4084,0.0,0.0,0.0,0.0
4085,0.0,0.0,0.0,0.0
4086,0.0,0.0,0.0,0.0
4087,0.0,0.0,0.0,0.0
4088,0.0,0.0,0.0,0.0
4089,0.0,0.0,0.0,0.0
4090,0.0,0.0,0.0,0.0
4091,0.0,0.0,0.0,0.0
4092,0.0,0.0,0.0,0.0
4093,0.0,0.0,0.0,0.0
4094,0.0,0.0,0.0,0.0
4095,0.0,0.0,0.0,0.0
4096,0.0,0.0,0.0,0.0
4097,0.0,0.0,0.0,0.0
4098,0.0,0.0,0.0,0.0
4099,0.0,0.0,0.0,0.0
4100,0.0,0.0,0.0,0.0
4101,0.0,0.0,0.0,0.0
4102,0.0,0.0,0.0,0.0
4103,0.0,0.0,0.0,0.0
4104,0.0,0.0,0.0,0.0
4105,0.0,0.0,0.0,0.0
4106,0.0,0.0,0.0,0.0
4107,0.0,0.0,0.0,0.0
4108,0.0,0.0,0.0,0.0
4109,0.0,0.0,0.0,0.0
4110,0.0,0.0,0.0,0.0
4111,0.0,0.0,0.0,0.0
4112,0.0,0.0,0.0,0.0
4113,0.0,0.0,0.0,0.0
4114,0.0,0.0,0.0,0.0
4115,0.0,0.0,0.0,0.0
4116,0.0,0.0,0.0,0.0
4117,0.0,0.0,0.0,0.0
4118,0.0,0.0,0.0,0.0
4119,0.0,0.0,0.0,0.0
4120,0.0,0.0,0.0,0.0
4121,0.0,0.0,0.0,0.0
4122,0.0,0.0,0.0,0.0
4123,0.0,0.0,0.0,0.0
4124,0.0,0.0,0.0,0.0
4125,0.0,0.0,0.0,0.0
4126,0.0,0.0,0.0,0.0
4127,0.0,0.0,0.0,0.0
4128,0.0,0.0,0.0,0.0
4129,0.0,0.0,0.0,0.0
4130,0.0,0.0,0.0,0.0
4131,0.0,0.0,0.0,0.0
4132,0.0,0.0,0.0,0.0
4133,0.0,0.0,0.0,0.0
4134,0.0,0.0,0.0,0.0
4135,0.0,0.0,0.0,0.0
4136,0.0,0.0,0.0,0.0
4137,0.0,0.0,0.0,0.0
4138,0.0,0.0,0.0,0.0
4139,0.0,0.0,0.0,0.0
4140,0.0,0.0,0.0,0.0
4141,0.0,0.0,0.0,0.0
4142,0.0,0.0,0.0,0.0
4143,0.0,0.0,0.0,0.0
4144,0.0,0.0,0.0,0.0
4145,0.0,0.0,0.0,0.0
4146,0.0,0.0,0.0,0.0
4147,0.0,0.0,0.0,0.0
4148,0.0,0.0,0.0,0.0
4149,0.0,0.0,0.0,0.0
4150,0.0,0.0,0.0,0.0
4151,0.0,0.0,0.0,0.0
4152,0.0,0.0,0.0,0.0
4153,0.0,0.0,0.0,0.0
4154,0.0,0.0,0.0,0.0
4155,0.0,0.0,0.0,0.0
4156,0.0,0.0,0.0,0.0
4157,0.0,0.0,0.0,0.0
4158,0.0,0.0,0.0,0.0
4159,0.0,0.0,0.0,0.0
4160,0.0,0.0,0.0,0.0
4161,0.0,0.0,0.0,0.0
4162,0.0,0.0,0.0,0.0
4163,0.0,0.0,0.0,0.0
4164,0.0,0.0,0.0,0.0
4165,0.0,0.0,0.0,0.0
4166,0.0,0.0,0.0,0.0
4167,0.0,0.0,0.0,0.0
4168,0.0,0.0,0.0,0.0
4169,0.0,0.0,0.0,0.0
4170,0.0,0.0,0.0,0.0
4171,0.0,0.0,0.0,0.0
4172,0.0,0.0,0.0,0.0
4173,0.0,0.0,0.0,0.0
4174,0.0,0.0,0.0,0.0
4175,0.0,0.0,0.0,0.0
4176,0.0,0.0,0.0,0.0
4177,0.0,0.0,0.0,0.0
4178,0.0,0.0,0.0,0.0
4179,0.0,0.0,0.0,0.0
4180,0.0,0.0,0.0,0.0
4181,0.0,0.0,0.0,0.0
4182,0.0,0.0,0.0,0.0
4183,0.0,0.0,0.0,0.0
4184,0.0,0.0,0.0,0.0
4185,0.0,0.0,0.0,0.0
4186,0.0,0.0,0.0,0.0
4187,0.0,0.0,0.0,0.0
4188,0.0,0.0,0.0,0.0
4189,0.0,0.0,0.0,0.0
4190,0.0,0.0,0.0,0.0
4191,0.0,0.0,0.0,0.0
4192,0.0,0.0,0.0,0.0
4193,0.0,0.0,0.0,0.0
4194,0.0,0.0,0.0,0.0
4195,0.0,0.0,0.0,0.0
4196,0.0,0.0,0.0,0.0
4197,0.0,0.0,0.0,0.0
4198,0.0,0.0,0.0,0.0
4199,0.0,0.0,0.0,0.0
4200,0.0,0.0,0.0,0.0
4201,0.0,0.0,0.0,0.0
4202,0.0,0.0,0.0,0.0
4203,0.0,0.0,0.0,0.0
4204,0.0,0.0,0.0,0.0
4205,0.0,0.0,0.0,0.0
4206,0.0,0.0,0.0,0.0
4207,0.0,0.0,0.0,0.0
4208,0.0,0.0,0.0,0.0
4209,0.0,0.0,0.0,0.0
4210,0.0,0.0,0.0,0.0
4211,0.0,0.0,0.0,0.0
4212,0.0,0.0,0.0,0.0
4213,0.0,0.0,0.0,0.0
4214,0.0,0.0,0.0,0.0
4215,0.0,0.0,0.0,0.0
4216,0.0,0.0,0.0,0.0
4217,0.0,0.0,0.0,0.0
4218,0.0,0.0,0.0,0.0
4219,0.0,0.0,0.0,0.0
4220,0.0,0.0,0.0,0.0
4221,0.0,0.0,0.0,0.0
4222,0.0,0.0,0.0,0.0
4223,0.0,0.0,0.0,0.0
4224,0.0,0.0,0.0,0.0
4225,0.0,0.0,0.0,0.0
4226,0.0,0.0,0.0,0.0
4227,0.0,0.0,0.0,0.0
4228,0.0,0.0,0.0,0.0
4229,0.0,0.0,0.0,0.0
4230,0.0,0.0,0.0,0.0
4231,0.0,0.0,0.0,0.0
4232,0.0,0.0,0.0,0.0
4233,0.0,0.0,0.0,0.0
4234,0.0,0.0,0.0,0.0
4235,0.0,0.0,0.0,0.0
4236,0.0,0.0,0.0,0.0
4237,0.0,0.0,0.0,0.0
4238,0.0,0.0,0.0,0.0
4239,0.0,0.0,0.0,0.0
4240,0.0,0.0,0.0,0.0
4241,0.0,0.0,0.0,0.0
4242,0.0,0.0,0.0,0.0
4243,0.0,0.0,0.0,0.0
4244,0.0,0.0,0.0,0.0
4245,0.0,0.0,0.0,0.0
4246,0.0,0.0,0.0,0.0
4247,0.0,0.0,0.0,0.0
4248,0.0,0.0,0.0,0.0
4249,0.0,0.0,0.0,0.0
4250,0.0,0.0,0.0,0.0
4251,0.0,0.0,0.0,0.0
4252,0.0,0.0,0.0,0.0
4253,0.0,0.0,0.0,0.0
4254,0.0,0.0,0.0,0.0
4255,0.0,0.0,0.0,0.0
4256,0.0,0.0,0.0,0.0
4257,0.0,0.0,0.0,0.0
4258,0.0,0.0,0.0,0.0
4259,0.0,0.0,0.0,0.0
4260,0.0,0.0,0.0,0.0
4261,0.0,0.0,0.0,0.0
4262,0.0,0.0,0.0,0.0
4263,0.0,0.0,0.0,0.0
4264,0.0,0.0,0.0,0.0
4265,0.0,0.0,0.0,0.0
4266,0.0,0.0,0.0,0.0
4267,0.0,0.0,0.0,0.0
4268,0.0,0.0,0.0,0.0
4269,0.0,0.0,0.0,0.0
4270,0.0,0.0,0.0,0.0
4271,0.0,0.0,0.0,0.0
4272,0.0,0.0,0.0,0.0
4273,0.0,0.0,0.0,0.0
4274,0.0,0.0,0.0,0.0
4275,0.0,0.0,0.0,0.0
4276,0.0,0.0,0.0,0.0
4277,0.0,0.0,0.0,0.0
4278,0.0,0.0,0.0,0.0
4279,0.0,0.0,0.0,0.0
4280,0.0,0.0,0.0,0.0
4281,0.0,0.0,0.0,0.0
4282,0.0,0.0,0.0,0.0
4283,0.0,0.0,0.0,0.0
4284,0.0,0.0,0.0,0.0
4285,0.0,0.0,0.0,0.0
4286,0.0,0.0,0.0,0.0
4287,0.0,0.0,0.0,0.0
4288,0.0,0.0,0.0,0.0
4289,0.0,0.0,0.0,0.0
4290,0.0,0.0,0.0,0.0
4291,0.0,0.0,0.0,0.0
4292,0.0,0.0,0.0,0.0
4293,0.0,0.0,0.0,0.0
4294,0.0,0.0,0.0,0.0
4295,0.0,0.0,0.0,0.0
4296,0.0,0.0,0.0,0.0
4297,0.0,0.0,0.0,0.0
4298,0.0,0.0,0.0,0.0
4299,0.0,0.0,0.0,0.0
4300,0.0,0.0,0.0,0.0
4301,0.0,0.0,0.0,0.0
4302,0.0,0.0,0.0,0.0
4303,0.0,0.0,0.0,0.0
4304,0.0,0.0,0.0,0.0
4305,0.0,0.0,0.0,0.0
4306,0.0,0.0,0.0,0.0
4307,0.0,0.0,0.0,0.0
4308,0.0,0.0,0.0,0.0
4309,0.0,0.0,0.0,0.0
4310,0.0,0.0,0.0,0.0
4311,0.0,0.0,0.0,0.0
4312,0.0,0.0,0.0,0.0
4313,0.0,0.0,0.0,0.0
4314,0.0,0.0,0.0,0.0
4315,0.0,0.0,0.0,0.0
4316,0.0,0.0,0.0,0.0
4317,0.0,0.0,0.0,0.0
4318,0.0,0.0,0.0,0.0
4319,0.0,0.0,0.0,0.0
4320,0.0,0.0,0.0,0.0
4321,0.0,0.0,0.0,0.0
4322,0.0,0.0,0.0,0.0
4323,0.0,0.0,0.0,0.0
4324,0.0,0.0,0.0,0.0
4325,0.0,0.0,0.0,0.0
4326,0.0,0.0,0.0,0.0
4327,0.0,0.0,0.0,0.0
4328,0.0,0.0,0.0,0.0
4329,0.0,0.0,0.0,0.0
4330,0.0,0.0,0.0,0.0
4331,0.0,0.0,0.0,0.0
4332,0.0,0.0,0.0,0.0
4333,0.0,0.0,0.0,0.0
4334,0.0,0.0,0.0,0.0
4335,0.0,0.0,0.0,0.0
4336,0.0,0.0,0.0,0.0
4337,0.0,0.0,0.0,0.0
4338,0.0,0.0,0.0,0.0
4339,0.0,0.0,0.0,0.0
4340,0.0,0.0,0.0,0.0
4341,0.0,0.0,0.0,0.0
4342,0.0,0.0,0.0,0.0
4343,0.0,0.0,0.0,0.0
4344,0.0,0.0,0.0,0.0
4345,0.0,0.0,0.0,0.0
4346,0.0,0.0,0.0,0.0
4347,0.0,0.0,0.0,0.0
4348,0.0,0.0,0.0,0.0
4349,0.0,0.0,0.0,0.0
4350,0.0,0.0,0.0,0.0
4351,0.0,0.0,0.0,0.0
4352,0.0,0.0,0.0,0.0
4353,0.0,0.0,0.0,0.0
4354,0.0,0.0,0.0,0.0
4355,0.0,0.0,0.0,0.0
4356,0.0,0.0,0.0,0.0
4357,0.0,0.0,0.0,0.0
4358,0.0,0.0,0.0,0.0
4359,0.0,0.0,0.0,0.0
4360,0.0,0.0,0.0,0.0
4361,0.0,0.0,0.0,0.0
4362,0.0,0.0,0.0,0.0
4363,0.0,0.0,0.0,0.0
4364,0.0,0.0,0.0,0.0
4365,0.0,0.0,0.0,0.0
4366,0.0,0.0,0.0,0.0
4367,0.0,0.0,0.0,0.0
4368,0.0,0.0,0.0,0.0
4369,0.0,0.0,0.0,0.0
4370,0.0,0.0,0.0,0.0
4371,0.0,0.0,0.0,0.0
4372,0.0,0.0,0.0,0.0
4373,0.0,0.0,0.0,0.0
4374,0.0,0.0,0.0,0.0
4375,0.0,0.0,0.0,0.0
4376,0.0,0.0,0.0,0.0
4377,0.0,0.0,0.0,0.0
4378,0.0,0.0,0.0,0.0
4379,0.0,0.0,0.0,0.0
4380,0.0,0.0,0.0,0.0
4381,0.0,0.0,0.0,0.0
4382,0.0,0.0,0.0,0.0
4383,0.0,0.0,0.0,0.0
4384,0.0,0.0,0.0,0.0
4385,0.0,0.0,0.0,0.0
4386,0.0,0.0,0.0,0.0
4387,0.0,0.0,0.0,0.0
4388,0.0,0.0,0.0,0.0
4389,0.0,0.0,0.0,0.0
4390,0.0,0.0,0.0,0.0
4391,0.0,0.0,0.0,0.0
4392,0.0,0.0,0.0,0.0
4393,0.0,0.0,0.0,0.0
4394,0.0,0.0,0.0,0.0
4395,0.0,0.0,0.0,0.0
4396,0.0,0.0,0.0,0.0
4397,0.0,0.0,0.0,0.0
4398,0.0,0.0,0.0,0.0
4399,0.0,0.0,0.0,0.0
4400,0.0,0.0,0.0,0.0
4401,0.0,0.0,0.0,0.0
4402,0.0,0.0,0.0,0.0
4403,0.0,0.0,0.0,0.0
4404,0.0,0.0,0.0,0.0
4405,0.0,0.0,0.0,0.0
4406,0.0,0.0,0.0,0.0
4407,0.0,0.0,0.0,0.0
4408,0.0,0.0,0.0,0.0
4409,0.0,0.0,0.0,0.0
4410,0.0,0.0,0.0,0.0
4411,0.0,0.0,0.0,0.0
4412,0.0,0.0,0.0,0.0
4413,0.0,0.0,0.0,0.0
4414,0.0,0.0,0.0,0.0
4415,0.0,0.0,0.0,0.0
4416,0.0,0.0,0.0,0.0
4417,0.0,0.0,0.0,0.0
4418,0.0,0.0,0.0,0.0
4419,0.0,0.0,0.0,0.0
4420,0.0,0.0,0.0,0.0
4421,0.0,0.0,0.0,0.0
4422,0.0,0.0,0.0,0.0
4423,0.0,0.0,0.0,0.0
4424,0.0,0.0,0.0,0.0
4425,0.0,0.0,0.0,0.0
4426,0.0,0.0,0.0,0.0
4427,0.0,0.0,0.0,0.0
4428,0.0,0.0,0.0,0.0
4429,0.0,0.0,0.0,0.0
4430,0.0,0.0,0.0,0.0
4431,0.0,0.0,0.0,0.0
4432,0.0,0.0,0.0,0.0
4433,0.0,0.0,0.0,0.0
4434,0.0,0.0,0.0,0.0
4435,0.0,0.0,0.0,0.0
4436,0.0,0.0,0.0,0.0
4437,0.0,0.0,0.0,0.0
4438,0.0,0.0,0.0,0.0
4439,0.0,0.0,0.0,0.0
4440,0.0,0.0,0.0,0.0
4441,0.0,0.0,0.0,0.0
4442,0.0,0.0,0.0,0.0
4443,0.0,0.0,0.0,0.0
4444,0.0,0.0,0.0,0.0
4445,0.0,0.0,0.0,0.0
4446,0.0,0.0,0.0,0.0
4447,0.0,0.0,0.0,0.0
4448,0.0,0.0,0.0,0.0
4449,0.0,0.0,0.0,0.0
4450,0.0,0.0,0.0,0.0
4451,0.0,0.0,0.0,0.0
4452,0.0,0.0,0.0,0.0
4453,0.0,0.0,0.0,0.0
4454,0.0,0.0,0.0,0.0
4455,0.0,0.0,0.0,0.0
4456,0.0,0.0,0.0,0.0
4457,0.0,0.0,0.0,0.0
4458,0.0,0.0,0.0,0.0
4459,0.0,0.0,0.0,0.0
4460,0.0,0.0,0.0,0.0
4461,0.0,0.0,0.0,0.0
4462,0.0,0.0,0.0,0.0
4463,0.0,0.0,0.0,0.0
4464,0.0,0.0,0.0,0.0
4465,0.0,0.0,0.0,0.0
4466,0.0,0.0,0.0,0.0
4467,0.0,0.0,0.0,0.0
4468,0.0,0.0,0.0,0.0
4469,0.0,0.0,0.0,0.0
4470,0.0,0.0,0.0,0.0
4471,0.0,0.0,0.0,0.0
4472,0.0,0.0,0.0,0.0
4473,0.0,0.0,0.0,0.0
4474,0.0,0.0,0.0,0.0
4475,0.0,0.0,0.0,0.0
4476,0.0,0.0,0.0,0.0
4477,0.0,0.0,0.0,0.0
4478,0.0,0.0,0.0,0.0
4479,0.0,0.0,0.0,0.0
4480,0.0,0.0,0.0,0.0
4481,0.0,0.0,0.0,0.0
4482,0.0,0.0,0.0,0.0
4483,0.0,0.0,0.0,0.0
4484,0.0,0.0,0.0,0.0
4485,0.0,0.0,0.0,0.0
4486,0.0,0.0,0.0,0.0
4487,0.0,0.0,0.0,0.0
4488,0.0,0.0,0.0,0.0
4489,0.0,0.0,0.0,0.0
4490,0.0,0.0,0.0,0.0
4491,0.0,0.0,0.0,0.0
4492,0.0,0.0,0.0,0.0
4493,0.0,0.0,0.0,0.0
4494,0.0,0.0,0.0,0.0
4495,0.0,0.0,0.0,0.0
4496,0.0,0.0,0.0,0.0
4497,0.0,0.0,0.0,0.0
4498,0.0,0.0,0.0,0.0
4499,0.0,0.0,0.0,0.0
4500,0.0,0.0,0.0,0.0
4501,0.0,0.0,0.0,0.0
4502,0.0,0.0,0.0,0.0
4503,0.0,0.0,0.0,0.0
4504,0.0,0.0,0.0,0.0
4505,0.0,0.0,0.0,0.0
4506,0.0,0.0,0.0,0.0
4507,0.0,0.0,0.0,0.0
4508,0.0,0.0,0.0,0.0
4509,0.0,0.0,0.0,0.0
4510,0.0,0.0,0.0,0.0
4511,0.0,0.0,0.0,0.0
4512,0.0,0.0,0.0,0.0
4513,0.0,0.0,0.0,0.0
4514,0.0,0.0,0.0,0.0
4515,0.0,0.0,0.0,0.0
4516,0.0,0.0,0.0,0.0
4517,0.0,0.0,0.0,0.0
4518,0.0,0.0,0.0,0.0
4519,0.0,0.0,0.0,0.0
4520,0.0,0.0,0.0,0.0
4521,0.0,0.0,0.0,0.0
4522,0.0,0.0,0.0,0.0
4523,0.0,0.0,0.0,0.0
4524,0.0,0.0,0.0,0.0
4525,0.0,0.0,0.0,0.0
4526,0.0,0.0,0.0,0.0
4527,0.0,0.0,0.0,0.0
4528,0.0,0.0,0.0,0.0
4529,0.0,0.0,0.0,0.0
4530,0.0,0.0,0.0,0.0
4531,0.0,0.0,0.0,0.0
4532,0.0,0.0,0.0,0.0
4533,0.0,0.0,0.0,0.0
4534,0.0,0.0,0.0,0.0
4535,0.0,0.0,0.0,0.0
4536,0.0,0.0,0.0,0.0
4537,0.0,0.0,0.0,0.0
4538,0.0,0.0,0.0,0.0
4539,0.0,0.0,0.0,0.0
4540,0.0,0.0,0.0,0.0
4541,0.0,0.0,0.0,0.0
4542,0.0,0.0,0.0,0.0
4543,0.0,0.0,0.0,0.0
4544,0.0,0.0,0.0,0.0
4545,0.0,0.0,0.0,0.0
4546,0.0,0.0,0.0,0.0
4547,0.0,0.0,0.0,0.0
4548,0.0,0.0,0.0,0.0
4549,0.0,0.0,0.0,0.0
4550,0.0,0.0,0.0,0.0
4551,0.0,0.0,0.0,0.0
4552,0.0,0.0,0.0,0.0
4553,0.0,0.0,0.0,0.0
4554,0.0,0.0,0.0,0.0
4555,0.0,0.0,0.0,0.0
4556,0.0,0.0,0.0,0.0
4557,0.0,0.0,0.0,0.0
4558,0.0,0.0,0.0,0.0
4559,0.0,0.0,0.0,0.0
4560,0.0,0.0,0.0,0.0
4561,0.0,0.0,0.0,0.0
4562,0.0,0.0,0.0,0.0
4563,0.0,0.0,0.0,0.0
4564,0.0,0.0,0.0,0.0
4565,0.0,0.0,0.0,0.0
4566,0.0,0.0,0.0,0.0
4567,0.0,0.0,0.0,0.0
4568,0.0,0.0,0.0,0.0
4569,0.0,0.0,0.0,0.0
4570,0.0,0.0,0.0,0.0
4571,0.0,0.0,0.0,0.0
4572,0.0,0.0,0.0,0.0
4573,0.0,0.0,0.0,0.0
4574,0.0,0.0,0.0,0.0
4575,0.0,0.0,0.0,0.0
4576,0.0,0.0,0.0,0.0
4577,0.0,0.0,0.0,0.0
4578,0.0,0.0,0.0,0.0
4579,0.0,0.0,0.0,0.0
4580,0.0,0.0,0.0,0.0
4581,0.0,0.0,0.0,0.0
4582,0.0,0.0,0.0,0.0
4583,0.0,0.0,0.0,0.0
4584,0.0,0.0,0.0,0.0
4585,0.0,0.0,0.0,0.0
4586,0.0,0.0,0.0,0.0
4587,0.0,0.0,0.0,0.0
4588,0.0,0.0,0.0,0.0
4589,0.0,0.0,0.0,0.0
4590,0.0,0.0,0.0,0.0
4591,0.0,0.0,0.0,0.0
4592,0.0,0.0,0.0,0.0
4593,0.0,0.0,0.0,0.0
4594,0.0,0.0,0.0,0.0
4595,0.0,0.0,0.0,0.0
4596,0.0,0.0,0.0,0.0
4597,0.0,0.0,0.0,0.0
4598,0.0,0.0,0.0,0.0
4599,0.0,0.0,0.0,0.0
4600,0.0,0.0,0.0,0.0
4601,0.0,0.0,0.0,0.0
4602,0.0,0.0,0.0,0.0
4603,0.0,0.0,0.0,0.0
4604,0.0,0.0,0.0,0.0
4605,0.0,0.0,0.0,0.0
4606,0.0,0.0,0.0,0.0
4607,0.0,0.0,0.0,0.0
4608,0.0,0.0,0.0,0.0
4609,0.0,0.0,0.0,0.0
4610,0.0,0.0,0.0,0.0
4611,0.0,0.0,0.0,0.0
4612,0.0,0.0,0.0,0.0
4613,0.0,0.0,0.0,0.0
4614,0.0,0.0,0.0,0.0
4615,0.0,0.0,0.0,0.0
4616,0.0,0.0,0.0,0.0
4617,0.0,0.0,0.0,0.0
4618,0.0,0.0,0.0,0.0
4619,0.0,0.0,0.0,0.0
4620,0.0,0.0,0.0,0.0
4621,0.0,0.0,0.0,0.0
4622,0.0,0.0,0.0,0.0
4623,0.0,0.0,0.0,0.0
4624,0.0,0.0,0.0,0.0
4625,0.0,0.0,0.0,0.0
4626,0.0,0.0,0.0,0.0
4627,0.0,0.0,0.0,0.0
4628,0.0,0.0,0.0,0.0
4629,0.0,0.0,0.0,0.0
4630,0.0,0.0,0.0,0.0
4631,0.0,0.0,0.0,0.0
4632,0.0,0.0,0.0,0.0
4633,0.0,0.0,0.0,0.0
4634,0.0,0.0,0.0,0.0
4635,0.0,0.0,0.0,0.0
4636,0.0,0.0,0.0,0.0
4637,0.0,0.0,0.0,0.0
4638,0.0,0.0,0.0,0.0
4639,0.0,0.0,0.0,0.0
4640,0.0,0.0,0.0,0.0
4641,0.0,0.0,0.0,0.0
4642,0.0,0.0,0.0,0.0
4643,0.0,0.0,0.0,0.0
4644,0.0,0.0,0.0,0.0
4645,0.0,0.0,0.0,0.0
4646,0.0,0.0,0.0,0.0
4647,0.0,0.0,0.0,0.0
4648,0.0,0.0,0.0,0.0
4649,0.0,0.0,0.0,0.0
4650,0.0,0.0,0.0,0.0
4651,0.0,0.0,0.0,0.0
4652,0.0,0.0,0.0,0.0
4653,0.0,0.0,0.0,0.0
4654,0.0,0.0,0.0,0.0
4655,0.0,0.0,0.0,0.0
4656,0.0,0.0,0.0,0.0
4657,0.0,0.0,0.0,0.0
4658,0.0,0.0,0.0,0.0
4659,0.0,0.0,0.0,0.0
4660,0.0,0.0,0.0,0.0
4661,0.0,0.0,0.0,0.0
4662,0.0,0.0,0.0,0.0
4663,0.0,0.0,0.0,0.0
4664,0.0,0.0,0.0,0.0
4665,0.0,0.0,0.0,0.0
4666,0.0,0.0,0.0,0.0
4667,0.0,0.0,0.0,0.0
4668,0.0,0.0,0.0,0.0
4669,0.0,0.0,0.0,0.0
4670,0.0,0.0,0.0,0.0
4671,0.0,0.0,0.0,0.0
4672,0.0,0.0,0.0,0.0
4673,0.0,0.0,0.0,0.0
4674,0.0,0.0,0.0,0.0
4675,0.0,0.0,0.0,0.0
4676,0.0,0.0,0.0,0.0
4677,0.0,0.0,0.0,0.0
4678,0.0,0.0,0.0,0.0
4679,0.0,0.0,0.0,0.0
4680,0.0,0.0,0.0,0.0
4681,0.0,0.0,0.0,0.0
4682,0.0,0.0,0.0,0.0
4683,0.0,0.0,0.0,0.0
4684,0.0,0.0,0.0,0.0
4685,0.0,0.0,0.0,0.0
4686,0.0,0.0,0.0,0.0
4687,0.0,0.0,0.0,0.0
4688,0.0,0.0,0.0,0.0
4689,0.0,0.0,0.0,0.0
4690,0.0,0.0,0.0,0.0
4691,0.0,0.0,0.0,0.0
4692,0.0,0.0,0.0,0.0
4693,0.0,0.0,0.0,0.0
4694,0.0,0.0,0.0,0.0
4695,0.0,0.0,0.0,0.0
4696,0.0,0.0,0.0,0.0
4697,0.0,0.0,0.0,0.0
4698,0.0,0.0,0.0,0.0
4699,0.0,0.0,0.0,0.0
4700,0.0,0.0,0.0,0.0
4701,0.0,0.0,0.0,0.0
4702,0.0,0.0,0.0,0.0
4703,0.0,0.0,0.0,0.0
4704,0.0,0.0,0.0,0.0
4705,0.0,0.0,0.0,0.0
4706,0.0,0.0,0.0,0.0
4707,0.0,0.0,0.0,0.0
4708,0.0,0.0,0.0,0.0
4709,0.0,0.0,0.0,0.0
4710,0.0,0.0,0.0,0.0
4711,0.0,0.0,0.0,0.0
4712,0.0,0.0,0.0,0.0
4713,0.0,0.0,0.0,0.0
4714,0.0,0.0,0.0,0.0
4715,0.0,0.0,0.0,0.0
4716,0.0,0.0,0.0,0.0
4717,0.0,0.0,0.0,0.0
4718,0.0,0.0,0.0,0.0
4719,0.0,0.0,0.0,0.0
4720,0.0,0.0,0.0,0.0
4721,0.0,0.0,0.0,0.0
4722,0.0,0.0,0.0,0.0
4723,0.0,0.0,0.0,0.0
4724,0.0,0.0,0.0,0.0
4725,0.0,0.0,0.0,0.0
4726,0.0,0.0,0.0,0.0
4727,0.0,0.0,0.0,0.0
4728,0.0,0.0,0.0,0.0
4729,0.0,0.0,0.0,0.0
4730,0.0,0.0,0.0,0.0
4731,0.0,0.0,0.0,0.0
4732,0.0,0.0,0.0,0.0
4733,0.0,0.0,0.0,0.0
4734,0.0,0.0,0.0,0.0
4735,0.0,0.0,0.0,0.0
4736,0.0,0.0,0.0,0.0
4737,0.0,0.0,0.0,0.0
4738,0.0,0.0,0.0,0.0
4739,0.0,0.0,0.0,0.0
4740,0.0,0.0,0.0,0.0
4741,0.0,0.0,0.0,0.0
4742,0.0,0.0,0.0,0.0
4743,0.0,0.0,0.0,0.0
4744,0.0,0.0,0.0,0.0
4745,0.0,0.0,0.0,0.0
4746,0.0,0.0,0.0,0.0
4747,0.0,0.0,0.0,0.0
4748,0.0,0.0,0.0,0.0
4749,0.0,0.0,0.0,0.0
4750,0.0,0.0,0.0,0.0
4751,0.0,0.0,0.0,0.0
4752,0.0,0.0,0.0,0.0
4753,0.0,0.0,0.0,0.0
4754,0.0,0.0,0.0,0.0
4755,0.0,0.0,0.0,0.0
4756,0.0,0.0,0.0,0.0
4757,0.0,0.0,0.0,0.0
4758,0.0,0.0,0.0,0.0
4759,0.0,0.0,0.0,0.0
4760,0.0,0.0,0.0,0.0
4761,0.0,0.0,0.0,0.0
4762,0.0,0.0,0.0,0.0
4763,0.0,0.0,0.0,0.0
4764,0.0,0.0,0.0,0.0
4765,0.0,0.0,0.0,0.0
4766,0.0,0.0,0.0,0.0
4767,0.0,0.0,0.0,0.0
4768,0.0,0.0,0.0,0.0
4769,0.0,0.0,0.0,0.0
4770,0.0,0.0,0.0,0.0
4771,0.0,0.0,0.0,0.0
4772,0.0,0.0,0.0,0.0
4773,0.0,0.0,0.0,0.0
4774,0.0,0.0,0.0,0.0
4775,0.0,0.0,0.0,0.0
4776,0.0,0.0,0.0,0.0
4777,0.0,0.0,0.0,0.0
4778,0.0,0.0,0.0,0.0
4779,0.0,0.0,0.0,0.0
4780,0.0,0.0,0.0,0.0
4781,0.0,0.0,0.0,0.0
4782,0.0,0.0,0.0,0.0
4783,0.0,0.0,0.0,0.0
4784,0.0,0.0,0.0,0.0
4785,0.0,0.0,0.0,0.0
4786,0.0,0.0,0.0,0.0
4787,0.0,0.0,0.0,0.0
4788,0.0,0.0,0.0,0.0
4789,0.0,0.0,0.0,0.0
4790,0.0,0.0,0.0,0.0
4791,0.0,0.0,0.0,0.0
4792,0.0,0.0,0.0,0.0
4793,0.0,0.0,0.0,0.0
4794,0.0,0.0,0.0,0.0
4795,0.0,0.0,0.0,0.0
4796,0.0,0.0,0.0,0.0
4797,0.0,0.0,0.0,0.0
4798,0.0,0.0,0.0,0.0
4799,0.0,0.0,0.0,0.0
4800,0.0,0.0,0.0,0.0
4801,0.0,0.0,0.0,0.0
4802,0.0,0.0,0.0,0.0
4803,0.0,0.0,0.0,0.0
4804,0.0,0.0,0.0,0.0
4805,0.0,0.0,0.0,0.0
4806,0.0,0.0,0.0,0.0
4807,0.0,0.0,0.0,0.0
4808,0.0,0.0,0.0,0.0
4809,0.0,0.0,0.0,0.0
4810,0.0,0.0,0.0,0.0
4811,0.0,0.0,0.0,0.0
4812,0.0,0.0,0.0,0.0
4813,0.0,0.0,0.0,0.0
4814,0.0,0.0,0.0,0.0
4815,0.0,0.0,0.0,0.0
4816,0.0,0.0,0.0,0.0
4817,0.0,0.0,0.0,0.0
4818,0.0,0.0,0.0,0.0
4819,0.0,0.0,0.0,0.0
4820,0.0,0.0,0.0,0.0
4821,0.0,0.0,0.0,0.0
4822,0.0,0.0,0.0,0.0
4823,0.0,0.0,0.0,0.0
4824,0.0,0.0,0.0,0.0
4825,0.0,0.0,0.0,0.0
4826,0.0,0.0,0.0,0.0
4827,0.0,0.0,0.0,0.0
4828,0.0,0.0,0.0,0.0
4829,0.0,0.0,0.0,0.0
4830,0.0,0.0,0.0,0.0
4831,0.0,0.0,0.0,0.0
4832,0.0,0.0,0.0,0.0
4833,0.0,0.0,0.0,0.0
4834,0.0,0.0,0.0,0.0
4835,0.0,0.0,0.0,0.0
4836,0.0,0.0,0.0,0.0
4837,0.0,0.0,0.0,0.0
4838,0.0,0.0,0.0,0.0
4839,0.0,0.0,0.0,0.0
4840,0.0,0.0,0.0,0.0
4841,0.0,0.0,0.0,0.0
4842,0.0,0.0,0.0,0.0
4843,0.0,0.0,0.0,0.0
4844,0.0,0.0,0.0,0.0
4845,0.0,0.0,0.0,0.0
4846,0.0,0.0,0.0,0.0
4847,0.0,0.0,0.0,0.0
4848,0.0,0.0,0.0,0.0
4849,0.0,0.0,0.0,0.0
4850,0.0,0.0,0.0,0.0
4851,0.0,0.0,0.0,0.0
4852,0.0,0.0,0.0,0.0
4853,0.0,0.0,0.0,0.0
4854,0.0,0.0,0.0,0.0
4855,0.0,0.0,0.0,0.0
4856,0.0,0.0,0.0,0.0
4857,0.0,0.0,0.0,0.0
4858,0.0,0.0,0.0,0.0
4859,0.0,0.0,0.0,0.0
4860,0.0,0.0,0.0,0.0
4861,0.0,0.0,0.0,0.0
4862,0.0,0.0,0.0,0.0
4863,0.0,0.0,0.0,0.0
4864,0.0,0.0,0.0,0.0
4865,0.0,0.0,0.0,0.0
4866,0.0,0.0,0.0,0.0
4867,0.0,0.0,0.0,0.0
4868,0.0,0.0,0.0,0.0
4869,0.0,0.0,0.0,0.0
4870,0.0,0.0,0.0,0.0
4871,0.0,0.0,0.0,0.0
4872,0.0,0.0,0.0,0.0
4873,0.0,0.0,0.0,0.0
4874,0.0,0.0,0.0,0.0
4875,0.0,0.0,0.0,0.0
4876,0.0,0.0,0.0,0.0
4877,0.0,0.0,0.0,0.0
4878,0.0,0.0,0.0,0.0
4879,0.0,0.0,0.0,0.0
4880,0.0,0.0,0.0,0.0
4881,0.0,0.0,0.0,0.0
4882,0.0,0.0,0.0,0.0
4883,0.0,0.0,0.0,0.0
4884,0.0,0.0,0.0,0.0
4885,0.0,0.0,0.0,0.0
4886,0.0,0.0,0.0,0.0
4887,0.0,0.0,0.0,0.0
4888,0.0,0.0,0.0,0.0
4889,0.0,0.0,0.0,0.0
4890,0.0,0.0,0.0,0.0
4891,0.0,0.0,0.0,0.0
4892,0.0,0.0,0.0,0.0
4893,0.0,0.0,0.0,0.0
4894,0.0,0.0,0.0,0.0
4895,0.0,0.0,0.0,0.0
4896,0.0,0.0,0.0,0.0
4897,0.0,0.0,0.0,0.0
4898,0.0,0.0,0.0,0.0
4899,0.0,0.0,0.0,0.0
4900,0.0,0.0,0.0,0.0
4901,0.0,0.0,0.0,0.0
4902,0.0,0.0,0.0,0.0
4903,0.0,0.0,0.0,0.0
4904,0.0,0.0,0.0,0.0
4905,0.0,0.0,0.0,0.0
4906,0.0,0.0,0.0,0.0
4907,0.0,0.0,0.0,0.0
4908,0.0,0.0,0.0,0.0
4909,0.0,0.0,0.0,0.0
4910,0.0,0.0,0.0,0.0
4911,0.0,0.0,0.0,0.0
4912,0.0,0.0,0.0,0.0
4913,0.0,0.0,0.0,0.0
4914,0.0,0.0,0.0,0.0
4915,0.0,0.0,0.0,0.0
4916,0.0,0.0,0.0,0.0
4917,0.0,0.0,0.0,0.0
4918,0.0,0.0,0.0,0.0
4919,0.0,0.0,0.0,0.0
4920,0.0,0.0,0.0,0.0
4921,0.0,0.0,0.0,0.0
4922,0.0,0.0,0.0,0.0
4923,0.0,0.0,0.0,0.0
4924,0.0,0.0,0.0,0.0
4925,0.0,0.0,0.0,0.0
4926,0.0,0.0,0.0,0.0
4927,0.0,0.0,0.0,0.0
4928,0.0,0.0,0.0,0.0
4929,0.0,0.0,0.0,0.0
4930,0.0,0.0,0.0,0.0
4931,0.0,0.0,0.0,0.0
4932,0.0,0.0,0.0,0.0
4933,0.0,0.0,0.0,0.0
4934,0.0,0.0,0.0,0.0
4935,0.0,0.0,0.0,0.0
4936,0.0,0.0,0.0,0.0
4937,0.0,0.0,0.0,0.0
4938,0.0,0.0,0.0,0.0
4939,0.0,0.0,0.0,0.0
4940,0.0,0.0,0.0,0.0
4941,0.0,0.0,0.0,0.0
4942,0.0,0.0,0.0,0.0
4943,0.0,0.0,0.0,0.0
4944,0.0,0.0,0.0,0.0
4945,0.0,0.0,0.0,0.0
4946,0.0,0.0,0.0,0.0
4947,0.0,0.0,0.0,0.0
4948,0.0,0.0,0.0,0.0
4949,0.0,0.0,0.0,0.0
4950,0.0,0.0,0.0,0.0
4951,0.0,0.0,0.0,0.0
4952,0.0,0.0,0.0,0.0
4953,0.0,0.0,0.0,0.0
4954,0.0,0.0,0.0,0.0
4955,0.0,0.0,0.0,0.0
4956,0.0,0.0,0.0,0.0
4957,0.0,0.0,0.0,0.0
4958,0.0,0.0,0.0,0.0
4959,0.0,0.0,0.0,0.0
4960,0.0,0.0,0.0,0.0
4961,0.0,0.0,0.0,0.0
4962,0.0,0.0,0.0,0.0
4963,0.0,0.0,0.0,0.0
4964,0.0,0.0,0.0,0.0
4965,0.0,0.0,0.0,0.0
4966,0.0,0.0,0.0,0.0
4967,0.0,0.0,0.0,0.0
4968,0.0,0.0,0.0,0.0
4969,0.0,0.0,0.0,0.0
4970,0.0,0.0,0.0,0.0
4971,0.0,0.0,0.0,0.0
4972,0.0,0.0,0.0,0.0
4973,0.0,0.0,0.0,0.0
4974,0.0,0.0,0.0,0.0
4975,0.0,0.0,0.0,0.0
4976,0.0,0.0,0.0,0.0
4977,0.0,0.0,0.0,0.0
4978,0.0,0.0,0.0,0.0
4979,0.0,0.0,0.0,0.0
4980,0.0,0.0,0.0,0.0
4981,0.0,0.0,0.0,0.0
4982,0.0,0.0,0.0,0.0
4983,0.0,0.0,0.0,0.0
4984,0.0,0.0,0.0,0.0
4985,0.0,0.0,0.0,0.0
4986,0.0,0.0,0.0,0.0
4987,0.0,0.0,0.0,0.0
4988,0.0,0.0,0.0,0.0
4989,0.0,0.0,0.0,0.0
4990,0.0,0.0,0.0,0.0
4991,0.0,0.0,0.0,0.0
4992,0.0,0.0,0.0,0.0
4993,0.0,0.0,0.0,0.0
4994,0.0,0.0,0.0,0.0
4995,0.0,0.0,0.0,0.0
4996,0.0,0.0,0.0,0.0
4997,0.0,0.0,0.0,0.0
4998,0.0,0.0,0.0,0.0
4999,0.0,0.0,0.0,0.0
5000,0.0,0.0,0.0,0.0
5001,0.0,0.0,0.0,0.0
5002,0.0,0.0,0.0,0.0
5003,0.0,0.0,0.0,0.0
5004,0.0,0.0,0.0,0.0
5005,0.0,0.0,0.0,0.0
5006,0.0,0.0,0.0,0.0
5007,0.0,0.0,0.0,0.0
5008,0.0,0.0,0.0,0.0
5009,0.0,0.0,0.0,0.0
5010,0.0,0.0,0.0,0.0
5011,0.0,0.0,0.0,0.0
5012,0.0,0.0,0.0,0.0
5013,0.0,0.0,0.0,0.0
5014,0.0,0.0,0.0,0.0
5015,0.0,0.0,0.0,0.0
5016,0.0,0.0,0.0,0.0
5017,0.0,0.0,0.0,0.0
5018,0.0,0.0,0.0,0.0
5019,0.0,0.0,0.0,0.0
5020,0.0,0.0,0.0,0.0
5021,0.0,0.0,0.0,0.0
5022,0.0,0.0,0.0,0.0
5023,0.0,0.0,0.0,0.0
5024,0.0,0.0,0.0,0.0
5025,0.0,0.0,0.0,0.0
5026,0.0,0.0,0.0,0.0
5027,0.0,0.0,0.0,0.0
5028,0.0,0.0,0.0,0.0
5029,0.0,0.0,0.0,0.0
5030,0.0,0.0,0.0,0.0
5031,0.0,0.0,0.0,0.0
5032,0.0,0.0,0.0,0.0
5033,0.0,0.0,0.0,0.0
5034,0.0,0.0,0.0,0.0
5035,0.0,0.0,0.0,0.0
5036,0.0,0.0,0.0,0.0
5037,0.0,0.0,0.0,0.0
5038,0.0,0.0,0.0,0.0
5039,0.0,0.0,0.0,0.0
5040,0.0,0.0,0.0,0.0
5041,0.0,0.0,0.0,0.0
5042,0.0,0.0,0.0,0.0
5043,0.0,0.0,0.0,0.0
5044,0.0,0.0,0.0,0.0
5045,0.0,0.0,0.0,0.0
5046,0.0,0.0,0.0,0.0
5047,0.0,0.0,0.0,0.0
5048,0.0,0.0,0.0,0.0
5049,0.0,0.0,0.0,0.0
5050,0.0,0.0,0.0,0.0
5051,0.0,0.0,0.0,0.0
5052,0.0,0.0,0.0,0.0
5053,0.0,0.0,0.0,0.0
5054,0.0,0.0,0.0,0.0
5055,0.0,0.0,0.0,0.0
5056,0.0,0.0,0.0,0.0
5057,0.0,0.0,0.0,0.0
5058,0.0,0.0,0.0,0.0
5059,0.0,0.0,0.0,0.0
5060,0.0,0.0,0.0,0.0
5061,0.0,0.0,0.0,0.0
5062,0.0,0.0,0.0,0.0
5063,0.0,0.0,0.0,0.0
5064,0.0,0.0,0.0,0.0
5065,0.0,0.0,0.0,0.0
5066,0.0,0.0,0.0,0.0
5067,0.0,0.0,0.0,0.0
5068,0.0,0.0,0.0,0.0
5069,0.0,0.0,0.0,0.0
5070,0.0,0.0,0.0,0.0
5071,0.0,0.0,0.0,0.0
5072,0.0,0.0,0.0,0.0
5073,0.0,0.0,0.0,0.0
5074,0.0,0.0,0.0,0.0
5075,0.0,0.0,0.0,0.0
5076,0.0,0.0,0.0,0.0
5077,0.0,0.0,0.0,0.0
5078,0.0,0.0,0.0,0.0
5079,0.0,0.0,0.0,0.0
5080,0.0,0.0,0.0,0.0
5081,0.0,0.0,0.0,0.0
5082,0.0,0.0,0.0,0.0
5083,0.0,0.0,0.0,0.0
5084,0.0,0.0,0.0,0.0
5085,0.0,0.0,0.0,0.0
5086,0.0,0.0,0.0,0.0
5087,0.0,0.0,0.0,0.0
5088,0.0,0.0,0.0,0.0
5089,0.0,0.0,0.0,0.0
5090,0.0,0.0,0.0,0.0
5091,0.0,0.0,0.0,0.0
5092,0.0,0.0,0.0,0.0
5093,0.0,0.0,0.0,0.0
5094,0.0,0.0,0.0,0.0
5095,0.0,0.0,0.0,0.0
5096,0.0,0.0,0.0,0.0
5097,0.0,0.0,0.0,0.0
5098,0.0,0.0,0.0,0.0
5099,0.0,0.0,0.0,0.0
5100,0.0,0.0,0.0,0.0
5101,0.0,0.0,0.0,0.0
5102,0.0,0.0,0.0,0.0
5103,0.0,0.0,0.0,0.0
5104,0.0,0.0,0.0,0.0
5105,0.0,0.0,0.0,0.0
5106,0.0,0.0,0.0,0.0
5107,0.0,0.0,0.0,0.0
5108,0.0,0.0,0.0,0.0
5109,0.0,0.0,0.0,0.0
5110,0.0,0.0,0.0,0.0
5111,0.0,0.0,0.0,0.0
5112,0.0,0.0,0.0,0.0
5113,0.0,0.0,0.0,0.0
5114,0.0,0.0,0.0,0.0
5115,0.0,0.0,0.0,0.0
5116,0.0,0.0,0.0,0.0
5117,0.0,0.0,0.0,0.0
5118,0.0,0.0,0.0,0.0
5119,0.0,0.0,0.0,0.0
5120,0.0,0.0,0.0,0.0
5121,0.0,0.0,0.0,0.0
5122,0.0,0.0,0.0,0.0
5123,0.0,0.0,0.0,0.0
5124,0.0,0.0,0.0,0.0
5125,0.0,0.0,0.0,0.0
5126,0.0,0.0,0.0,0.0
5127,0.0,0.0,0.0,0.0
5128,0.0,0.0,0.0,0.0
5129,0.0,0.0,0.0,0.0
5130,0.0,0.0,0.0,0.0
5131,0.0,0.0,0.0,0.0
5132,0.0,0.0,0.0,0.0
5133,0.0,0.0,0.0,0.0
5134,0.0,0.0,0.0,0.0
5135,0.0,0.0,0.0,0.0
5136,0.0,0.0,0.0,0.0
5137,0.0,0.0,0.0,0.0
5138,0.0,0.0,0.0,0.0
5139,0.0,0.0,0.0,0.0
5140,0.0,0.0,0.0,0.0
5141,0.0,0.0,0.0,0.0
5142,0.0,0.0,0.0,0.0
5143,0.0,0.0,0.0,0.0
5144,0.0,0.0,0.0,0.0
5145,0.0,0.0,0.0,0.0
5146,0.0,0.0,0.0,0.0
5147,0.0,0.0,0.0,0.0
5148,0.0,0.0,0.0,0.0
5149,0.0,0.0,0.0,0.0
5150,0.0,0.0,0.0,0.0
5151,0.0,0.0,0.0,0.0
5152,0.0,0.0,0.0,0.0
5153,0.0,0.0,0.0,0.0
5154,0.0,0.0,0.0,0.0
5155,0.0,0.0,0.0,0.0
5156,0.0,0.0,0.0,0.0
5157,0.0,0.0,0.0,0.0
5158,0.0,0.0,0.0,0.0
5159,0.0,0.0,0.0,0.0
5160,0.0,0.0,0.0,0.0
5161,0.0,0.0,0.0,0.0
5162,0.0,0.0,0.0,0.0
5163,0.0,0.0,0.0,0.0
5164,0.0,0.0,0.0,0.0
5165,0.0,0.0,0.0,0.0
5166,0.0,0.0,0.0,0.0
5167,0.0,0.0,0.0,0.0
5168,0.0,0.0,0.0,0.0
5169,0.0,0.0,0.0,0.0
5170,0.0,0.0,0.0,0.0
5171,0.0,0.0,0.0,0.0
5172,0.0,0.0,0.0,0.0
5173,0.0,0.0,0.0,0.0
5174,0.0,0.0,0.0,0.0
5175,0.0,0.0,0.0,0.0
5176,0.0,0.0,0.0,0.0
5177,0.0,0.0,0.0,0.0
5178,0.0,0.0,0.0,0.0
5179,0.0,0.0,0.0,0.0
5180,0.0,0.0,0.0,0.0
5181,0.0,0.0,0.0,0.0
5182,0.0,0.0,0.0,0.0
5183,0.0,0.0,0.0,0.0
5184,0.0,0.0,0.0,0.0
5185,0.0,0.0,0.0,0.0
5186,0.0,0.0,0.0,0.0
5187,0.0,0.0,0.0,0.0
5188,0.0,0.0,0.0,0.0
5189,0.0,0.0,0.0,0.0
5190,0.0,0.0,0.0,0.0
5191,0.0,0.0,0.0,0.0
5192,0.0,0.0,0.0,0.0
5193,0.0,0.0,0.0,0.0
5194,0.0,0.0,0.0,0.0
5195,0.0,0.0,0.0,0.0
5196,0.0,0.0,0.0,0.0
5197,0.0,0.0,0.0,0.0
5198,0.0,0.0,0.0,0.0
5199,0.0,0.0,0.0,0.0
5200,0.0,0.0,0.0,0.0
5201,0.0,0.0,0.0,0.0
5202,0.0,0.0,0.0,0.0
5203,0.0,0.0,0.0,0.0
5204,0.0,0.0,0.0,0.0
5205,0.0,0.0,0.0,0.0
5206,0.0,0.0,0.0,0.0
5207,0.0,0.0,0.0,0.0
5208,0.0,0.0,0.0,0.0
5209,0.0,0.0,0.0,0.0
5210,0.0,0.0,0.0,0.0
5211,0.0,0.0,0.0,0.0
5212,0.0,0.0,0.0,0.0
5213,0.0,0.0,0.0,0.0
5214,0.0,0.0,0.0,0.0
5215,0.0,0.0,0.0,0.0
5216,0.0,0.0,0.0,0.0
5217,0.0,0.0,0.0,0.0
5218,0.0,0.0,0.0,0.0
5219,0.0,0.0,0.0,0.0
5220,0.0,0.0,0.0,0.0
5221,0.0,0.0,0.0,0.0
5222,0.0,0.0,0.0,0.0
5223,0.0,0.0,0.0,0.0
5224,0.0,0.0,0.0,0.0
5225,0.0,0.0,0.0,0.0
5226,0.0,0.0,0.0,0.0
5227,0.0,0.0,0.0,0.0
5228,0.0,0.0,0.0,0.0
5229,0.0,0.0,0.0,0.0
5230,0.0,0.0,0.0,0.0
5231,0.0,0.0,0.0,0.0
5232,0.0,0.0,0.0,0.0
5233,0.0,0.0,0.0,0.0
5234,0.0,0.0,0.0,0.0
5235,0.0,0.0,0.0,0.0
5236,0.0,0.0,0.0,0.0
5237,0.0,0.0,0.0,0.0
5238,0.0,0.0,0.0,0.0
5239,0.0,0.0,0.0,0.0
5240,0.0,0.0,0.0,0.0
5241,0.0,0.0,0.0,0.0
5242,0.0,0.0,0.0,0.0
5243,0.0,0.0,0.0,0.0
5244,0.0,0.0,0.0,0.0
5245,0.0,0.0,0.0,0.0
5246,0.0,0.0,0.0,0.0
5247,0.0,0.0,0.0,0.0
5248,0.0,0.0,0.0,0.0
5249,0.0,0.0,0.0,0.0
5250,0.0,0.0,0.0,0.0
5251,0.0,0.0,0.0,0.0
5252,0.0,0.0,0.0,0.0
5253,0.0,0.0,0.0,0.0
5254,0.0,0.0,0.0,0.0
5255,0.0,0.0,0.0,0.0
5256,0.0,0.0,0.0,0.0
5257,0.0,0.0,0.0,0.0
5258,0.0,0.0,0.0,0.0
5259,0.0,0.0,0.0,0.0
5260,0.0,0.0,0.0,0.0
5261,0.0,0.0,0.0,0.0
5262,0.0,0.0,0.0,0.0
5263,0.0,0.0,0.0,0.0
5264,0.0,0.0,0.0,0.0
5265,0.0,0.0,0.0,0.0
5266,0.0,0.0,0.0,0.0
5267,0.0,0.0,0.0,0.0
5268,0.0,0.0,0.0,0.0
5269,0.0,0.0,0.0,0.0
5270,0.0,0.0,0.0,0.0
5271,0.0,0.0,0.0,0.0
5272,0.0,0.0,0.0,0.0
5273,0.0,0.0,0.0,0.0
5274,0.0,0.0,0.0,0.0
5275,0.0,0.0,0.0,0.0
5276,0.0,0.0,0.0,0.0
5277,0.0,0.0,0.0,0.0
5278,0.0,0.0,0.0,0.0
5279,0.0,0.0,0.0,0.0
5280,0.0,0.0,0.0,0.0
5281,0.0,0.0,0.0,0.0
5282,0.0,0.0,0.0,0.0
5283,0.0,0.0,0.0,0.0
5284,0.0,0.0,0.0,0.0
5285,0.0,0.0,0.0,0.0
5286,0.0,0.0,0.0,0.0
5287,0.0,0.0,0.0,0.0
5288,0.0,0.0,0.0,0.0
5289,0.0,0.0,0.0,0.0
5290,0.0,0.0,0.0,0.0
5291,0.0,0.0,0.0,0.0
5292,0.0,0.0,0.0,0.0
5293,0.0,0.0,0.0,0.0
5294,0.0,0.0,0.0,0.0
5295,0.0,0.0,0.0,0.0
5296,0.0,0.0,0.0,0.0
5297,0.0,0.0,0.0,0.0
5298,0.0,0.0,0.0,0.0
5299,0.0,0.0,0.0,0.0
5300,0.0,0.0,0.0,0.0
5301,0.0,0.0,0.0,0.0
5302,0.0,0.0,0.0,0.0
5303,0.0,0.0,0.0,0.0
5304,0.0,0.0,0.0,0.0
5305,0.0,0.0,0.0,0.0
5306,0.0,0.0,0.0,0.0
5307,0.0,0.0,0.0,0.0
5308,0.0,0.0,0.0,0.0
5309,0.0,0.0,0.0,0.0
5310,0.0,0.0,0.0,0.0
5311,0.0,0.0,0.0,0.0
5312,0.0,0.0,0.0,0.0
5313,0.0,0.0,0.0,0.0
5314,0.0,0.0,0.0,0.0
5315,0.0,0.0,0.0,0.0
5316,0.0,0.0,0.0,0.0
5317,0.0,0.0,0.0,0.0
5318,0.0,0.0,0.0,0.0
5319,0.0,0.0,0.0,0.0
5320,0.0,0.0,0.0,0.0
5321,0.0,0.0,0.0,0.0
5322,0.0,0.0,0.0,0.0
5323,0.0,0.0,0.0,0.0
5324,0.0,0.0,0.0,0.0
5325,0.0,0.0,0.0,0.0
5326,0.0,0.0,0.0,0.0
5327,0.0,0.0,0.0,0.0
5328,0.0,0.0,0.0,0.0
5329,0.0,0.0,0.0,0.0
5330,0.0,0.0,0.0,0.0
5331,0.0,0.0,0.0,0.0
5332,0.0,0.0,0.0,0.0
5333,0.0,0.0,0.0,0.0
5334,0.0,0.0,0.0,0.0
5335,0.0,0.0,0.0,0.0
5336,0.0,0.0,0.0,0.0
5337,0.0,0.0,0.0,0.0
5338,0.0,0.0,0.0,0.0
5339,0.0,0.0,0.0,0.0
5340,0.0,0.0,0.0,0.0
5341,0.0,0.0,0.0,0.0
5342,0.0,0.0,0.0,0.0
5343,0.0,0.0,0.0,0.0
5344,0.0,0.0,0.0,0.0
5345,0.0,0.0,0.0,0.0
5346,0.0,0.0,0.0,0.0
5347,0.0,0.0,0.0,0.0
5348,0.0,0.0,0.0,0.0
5349,0.0,0.0,0.0,0.0
5350,0.0,0.0,0.0,0.0
5351,0.0,0.0,0.0,0.0
5352,0.0,0.0,0.0,0.0
5353,0.0,0.0,0.0,0.0
5354,0.0,0.0,0.0,0.0
5355,0.0,0.0,0.0,0.0
5356,0.0,0.0,0.0,0.0
5357,0.0,0.0,0.0,0.0
5358,0.0,0.0,0.0,0.0
5359,0.0,0.0,0.0,0.0
5360,0.0,0.0,0.0,0.0
5361,0.0,0.0,0.0,0.0
5362,0.0,0.0,0.0,0.0
5363,0.0,0.0,0.0,0.0
5364,0.0,0.0,0.0,0.0
5365,0.0,0.0,0.0,0.0
5366,0.0,0.0,0.0,0.0
5367,0.0,0.0,0.0,0.0
5368,0.0,0.0,0.0,0.0
5369,0.0,0.0,0.0,0.0
5370,0.0,0.0,0.0,0.0
5371,0.0,0.0,0.0,0.0
5372,0.0,0.0,0.0,0.0
5373,0.0,0.0,0.0,0.0
5374,0.0,0.0,0.0,0.0
5375,0.0,0.0,0.0,0.0
5376,0.0,0.0,0.0,0.0
5377,0.0,0.0,0.0,0.0
5378,0.0,0.0,0.0,0.0
5379,0.0,0.0,0.0,0.0
5380,0.0,0.0,0.0,0.0
5381,0.0,0.0,0.0,0.0
5382,0.0,0.0,0.0,0.0
5383,0.0,0.0,0.0,0.0
5384,0.0,0.0,0.0,0.0
5385,0.0,0.0,0.0,0.0
5386,0.0,0.0,0.0,0.0
5387,0.0,0.0,0.0,0.0
5388,0.0,0.0,0.0,0.0
5389,0.0,0.0,0.0,0.0
5390,0.0,0.0,0.0,0.0
5391,0.0,0.0,0.0,0.0
5392,0.0,0.0,0.0,0.0
5393,0.0,0.0,0.0,0.0
5394,0.0,0.0,0.0,0.0
5395,0.0,0.0,0.0,0.0
5396,0.0,0.0,0.0,0.0
5397,0.0,0.0,0.0,0.0
5398,0.0,0.0,0.0,0.0
5399,0.0,0.0,0.0,0.0
5400,0.0,0.0,0.0,0.0
5401,0.0,0.0,0.0,0.0
5402,0.0,0.0,0.0,0.0
5403,0.0,0.0,0.0,0.0
5404,0.0,0.0,0.0,0.0
5405,0.0,0.0,0.0,0.0
5406,0.0,0.0,0.0,0.0
5407,0.0,0.0,0.0,0.0
5408,0.0,0.0,0.0,0.0
5409,0.0,0.0,0.0,0.0
5410,0.0,0.0,0.0,0.0
5411,0.0,0.0,0.0,0.0
5412,0.0,0.0,0.0,0.0
5413,0.0,0.0,0.0,0.0
5414,0.0,0.0,0.0,0.0
5415,0.0,0.0,0.0,0.0
5416,0.0,0.0,0.0,0.0
5417,0.0,0.0,0.0,0.0
5418,0.0,0.0,0.0,0.0
5419,0.0,0.0,0.0,0.0
5420,0.0,0.0,0.0,0.0
5421,0.0,0.0,0.0,0.0
5422,0.0,0.0,0.0,0.0
5423,0.0,0.0,0.0,0.0
5424,0.0,0.0,0.0,0.0
5425,0.0,0.0,0.0,0.0
5426,0.0,0.0,0.0,0.0
5427,0.0,0.0,0.0,0.0
5428,0.0,0.0,0.0,0.0
5429,0.0,0.0,0.0,0.0
5430,0.0,0.0,0.0,0.0
5431,0.0,0.0,0.0,0.0
5432,0.0,0.0,0.0,0.0
5433,0.0,0.0,0.0,0.0
5434,0.0,0.0,0.0,0.0
5435,0.0,0.0,0.0,0.0
5436,0.0,0.0,0.0,0.0
5437,0.0,0.0,0.0,0.0
5438,0.0,0.0,0.0,0.0
5439,0.0,0.0,0.0,0.0
5440,0.0,0.0,0.0,0.0
5441,0.0,0.0,0.0,0.0
5442,0.0,0.0,0.0,0.0
5443,0.0,0.0,0.0,0.0
5444,0.0,0.0,0.0,0.0
5445,0.0,0.0,0.0,0.0
5446,0.0,0.0,0.0,0.0
5447,0.0,0.0,0.0,0.0
5448,0.0,0.0,0.0,0.0
5449,0.0,0.0,0.0,0.0
5450,0.0,0.0,0.0,0.0
5451,0.0,0.0,0.0,0.0
5452,0.0,0.0,0.0,0.0
5453,0.0,0.0,0.0,0.0
5454,0.0,0.0,0.0,0.0
5455,0.0,0.0,0.0,0.0
5456,0.0,0.0,0.0,0.0
5457,0.0,0.0,0.0,0.0
5458,0.0,0.0,0.0,0.0
5459,0.0,0.0,0.0,0.0
5460,0.0,0.0,0.0,0.0
5461,0.0,0.0,0.0,0.0
5462,0.0,0.0,0.0,0.0
5463,0.0,0.0,0.0,0.0
5464,0.0,0.0,0.0,0.0
5465,0.0,0.0,0.0,0.0
5466,0.0,0.0,0.0,0.0
5467,0.0,0.0,0.0,0.0
5468,0.0,0.0,0.0,0.0
5469,0.0,0.0,0.0,0.0
5470,0.0,0.0,0.0,0.0
5471,0.0,0.0,0.0,0.0
5472,0.0,0.0,0.0,0.0
5473,0.0,0.0,0.0,0.0
5474,0.0,0.0,0.0,0.0
5475,0.0,0.0,0.0,0.0
5476,0.0,0.0,0.0,0.0
5477,0.0,0.0,0.0,0.0
5478,0.0,0.0,0.0,0.0
5479,0.0,0.0,0.0,0.0
5480,0.0,0.0,0.0,0.0
5481,0.0,0.0,0.0,0.0
5482,0.0,0.0,0.0,0.0
5483,0.0,0.0,0.0,0.0
5484,0.0,0.0,0.0,0.0
5485,0.0,0.0,0.0,0.0
5486,0.0,0.0,0.0,0.0
5487,0.0,0.0,0.0,0.0
5488,0.0,0.0,0.0,0.0
5489,0.0,0.0,0.0,0.0
5490,0.0,0.0,0.0,0.0
5491,0.0,0.0,0.0,0.0
5492,0.0,0.0,0.0,0.0
5493,0.0,0.0,0.0,0.0
5494,0.0,0.0,0.0,0.0
5495,0.0,0.0,0.0,0.0
5496,0.0,0.0,0.0,0.0
5497,0.0,0.0,0.0,0.0
5498,0.0,0.0,0.0,0.0
5499,0.0,0.0,0.0,0.0
5500,0.0,0.0,0.0,0.0
5501,0.0,0.0,0.0,0.0
5502,0.0,0.0,0.0,0.0
5503,0.0,0.0,0.0,0.0
5504,0.0,0.0,0.0,0.0
5505,0.0,0.0,0.0,0.0
5506,0.0,0.0,0.0,0.0
5507,0.0,0.0,0.0,0.0
5508,0.0,0.0,0.0,0.0
5509,0.0,0.0,0.0,0.0
5510,0.0,0.0,0.0,0.0
5511,0.0,0.0,0.0,0.0
5512,0.0,0.0,0.0,0.0
5513,0.0,0.0,0.0,0.0
5514,0.0,0.0,0.0,0.0
5515,0.0,0.0,0.0,0.0
5516,0.0,0.0,0.0,0.0
5517,0.0,0.0,0.0,0.0
5518,0.0,0.0,0.0,0.0
5519,0.0,0.0,0.0,0.0
5520,0.0,0.0,0.0,0.0
5521,0.0,0.0,0.0,0.0
5522,0.0,0.0,0.0,0.0
5523,0.0,0.0,0.0,0.0
5524,0.0,0.0,0.0,0.0
5525,0.0,0.0,0.0,0.0
5526,0.0,0.0,0.0,0.0
5527,0.0,0.0,0.0,0.0
5528,0.0,0.0,0.0,0.0
5529,0.0,0.0,0.0,0.0
5530,0.0,0.0,0.0,0.0
5531,0.0,0.0,0.0,0.0
5532,0.0,0.0,0.0,0.0
5533,0.0,0.0,0.0,0.0
5534,0.0,0.0,0.0,0.0
5535,0.0,0.0,0.0,0.0
5536,0.0,0.0,0.0,0.0
5537,0.0,0.0,0.0,0.0
5538,0.0,0.0,0.0,0.0
5539,0.0,0.0,0.0,0.0
5540,0.0,0.0,0.0,0.0
5541,0.0,0.0,0.0,0.0
5542,0.0,0.0,0.0,0.0
5543,0.0,0.0,0.0,0.0
5544,0.0,0.0,0.0,0.0
5545,0.0,0.0,0.0,0.0
5546,0.0,0.0,0.0,0.0
5547,0.0,0.0,0.0,0.0
5548,0.0,0.0,0.0,0.0
5549,0.0,0.0,0.0,0.0
5550,0.0,0.0,0.0,0.0
5551,0.0,0.0,0.0,0.0
5552,0.0,0.0,0.0,0.0
5553,0.0,0.0,0.0,0.0
5554,0.0,0.0,0.0,0.0
5555,0.0,0.0,0.0,0.0
5556,0.0,0.0,0.0,0.0
5557,0.0,0.0,0.0,0.0
5558,0.0,0.0,0.0,0.0
5559,0.0,0.0,0.0,0.0
5560,0.0,0.0,0.0,0.0
5561,0.0,0.0,0.0,0.0
5562,0.0,0.0,0.0,0.0
5563,0.0,0.0,0.0,0.0
5564,0.0,0.0,0.0,0.0
5565,0.0,0.0,0.0,0.0
5566,0.0,0.0,0.0,0.0
5567,0.0,0.0,0.0,0.0
5568,0.0,0.0,0.0,0.0
5569,0.0,0.0,0.0,0.0
5570,0.0,0.0,0.0,0.0
5571,0.0,0.0,0.0,0.0
5572,0.0,0.0,0.0,0.0
5573,0.0,0.0,0.0,0.0
5574,0.0,0.0,0.0,0.0
5575,0.0,0.0,0.0,0.0
5576,0.0,0.0,0.0,0.0
5577,0.0,0.0,0.0,0.0
5578,0.0,0.0,0.0,0.0
5579,0.0,0.0,0.0,0.0
5580,0.0,0.0,0.0,0.0
5581,0.0,0.0,0.0,0.0
5582,0.0,0.0,0.0,0.0
5583,0.0,0.0,0.0,0.0
5584,0.0,0.0,0.0,0.0
5585,0.0,0.0,0.0,0.0
5586,0.0,0.0,0.0,0.0
5587,0.0,0.0,0.0,0.0
5588,0.0,0.0,0.0,0.0
5589,0.0,0.0,0.0,0.0
5590,0.0,0.0,0.0,0.0
5591,0.0,0.0,0.0,0.0
5592,0.0,0.0,0.0,0.0
5593,0.0,0.0,0.0,0.0
5594,0.0,0.0,0.0,0.0
5595,0.0,0.0,0.0,0.0
5596,0.0,0.0,0.0,0.0
5597,0.0,0.0,0.0,0.0
5598,0.0,0.0,0.0,0.0
5599,0.0,0.0,0.0,0.0
5600,0.0,0.0,0.0,0.0
5601,0.0,0.0,0.0,0.0
5602,0.0,0.0,0.0,0.0
5603,0.0,0.0,0.0,0.0
5604,0.0,0.0,0.0,0.0
5605,0.0,0.0,0.0,0.0
5606,0.0,0.0,0.0,0.0
5607,0.0,0.0,0.0,0.0
5608,0.0,0.0,0.0,0.0
5609,0.0,0.0,0.0,0.0
5610,0.0,0.0,0.0,0.0
5611,0.0,0.0,0.0,0.0
5612,0.0,0.0,0.0,0.0
5613,0.0,0.0,0.0,0.0
5614,0.0,0.0,0.0,0.0
5615,0.0,0.0,0.0,0.0
5616,0.0,0.0,0.0,0.0
5617,0.0,0.0,0.0,0.0
5618,0.0,0.0,0.0,0.0
5619,0.0,0.0,0.0,0.0
5620,0.0,0.0,0.0,0.0
5621,0.0,0.0,0.0,0.0
5622,0.0,0.0,0.0,0.0
5623,0.0,0.0,0.0,0.0
5624,0.0,0.0,0.0,0.0
5625,0.0,0.0,0.0,0.0
5626,0.0,0.0,0.0,0.0
5627,0.0,0.0,0.0,0.0
5628,0.0,0.0,0.0,0.0
5629,0.0,0.0,0.0,0.0
5630,0.0,0.0,0.0,0.0
5631,0.0,0.0,0.0,0.0
5632,0.0,0.0,0.0,0.0
5633,0.0,0.0,0.0,0.0
5634,0.0,0.0,0.0,0.0
5635,0.0,0.0,0.0,0.0
5636,0.0,0.0,0.0,0.0
5637,0.0,0.0,0.0,0.0
5638,0.0,0.0,0.0,0.0
5639,0.0,0.0,0.0,0.0
5640,0.0,0.0,0.0,0.0
5641,0.0,0.0,0.0,0.0
5642,0.0,0.0,0.0,0.0
5643,0.0,0.0,0.0,0.0
5644,0.0,0.0,0.0,0.0
5645,0.0,0.0,0.0,0.0
5646,0.0,0.0,0.0,0.0
5647,0.0,0.0,0.0,0.0
5648,0.0,0.0,0.0,0.0
5649,0.0,0.0,0.0,0.0
5650,0.0,0.0,0.0,0.0
5651,0.0,0.0,0.0,0.0
5652,0.0,0.0,0.0,0.0
5653,0.0,0.0,0.0,0.0
5654,0.0,0.0,0.0,0.0
5655,0.0,0.0,0.0,0.0
5656,0.0,0.0,0.0,0.0
5657,0.0,0.0,0.0,0.0
5658,0.0,0.0,0.0,0.0
5659,0.0,0.0,0.0,0.0
5660,0.0,0.0,0.0,0.0
5661,0.0,0.0,0.0,0.0
5662,0.0,0.0,0.0,0.0
5663,0.0,0.0,0.0,0.0
5664,0.0,0.0,0.0,0.0
5665,0.0,0.0,0.0,0.0
5666,0.0,0.0,0.0,0.0
5667,0.0,0.0,0.0,0.0
5668,0.0,0.0,0.0,0.0
5669,0.0,0.0,0.0,0.0
5670,0.0,0.0,0.0,0.0
5671,0.0,0.0,0.0,0.0
5672,0.0,0.0,0.0,0.0
5673,0.0,0.0,0.0,0.0
5674,0.0,0.0,0.0,0.0
5675,0.0,0.0,0.0,0.0
5676,0.0,0.0,0.0,0.0
5677,0.0,0.0,0.0,0.0
5678,0.0,0.0,0.0,0.0
5679,0.0,0.0,0.0,0.0
5680,0.0,0.0,0.0,0.0
5681,0.0,0.0,0.0,0.0
5682,0.0,0.0,0.0,0.0
5683,0.0,0.0,0.0,0.0
5684,0.0,0.0,0.0,0.0
5685,0.0,0.0,0.0,0.0
5686,0.0,0.0,0.0,0.0
5687,0.0,0.0,0.0,0.0
5688,0.0,0.0,0.0,0.0
5689,0.0,0.0,0.0,0.0
5690,0.0,0.0,0.0,0.0
5691,0.0,0.0,0.0,0.0
5692,0.0,0.0,0.0,0.0
5693,0.0,0.0,0.0,0.0
5694,0.0,0.0,0.0,0.0
5695,0.0,0.0,0.0,0.0
5696,0.0,0.0,0.0,0.0
5697,0.0,0.0,0.0,0.0
5698,0.0,0.0,0.0,0.0
5699,0.0,0.0,0.0,0.0
5700,0.0,0.0,0.0,0.0
5701,0.0,0.0,0.0,0.0
5702,0.0,0.0,0.0,0.0
5703,0.0,0.0,0.0,0.0
5704,0.0,0.0,0.0,0.0
5705,0.0,0.0,0.0,0.0
5706,0.0,0.0,0.0,0.0
5707,0.0,0.0,0.0,0.0
5708,0.0,0.0,0.0,0.0
5709,0.0,0.0,0.0,0.0
5710,0.0,0.0,0.0,0.0
5711,0.0,0.0,0.0,0.0
5712,0.0,0.0,0.0,0.0
5713,0.0,0.0,0.0,0.0
5714,0.0,0.0,0.0,0.0
5715,0.0,0.0,0.0,0.0
5716,0.0,0.0,0.0,0.0
5717,0.0,0.0,0.0,0.0
5718,0.0,0.0,0.0,0.0
5719,0.0,0.0,0.0,0.0
5720,0.0,0.0,0.0,0.0
5721,0.0,0.0,0.0,0.0
5722,0.0,0.0,0.0,0.0
5723,0.0,0.0,0.0,0.0
5724,0.0,0.0,0.0,0.0
5725,0.0,0.0,0.0,0.0
5726,0.0,0.0,0.0,0.0
5727,0.0,0.0,0.0,0.0
5728,0.0,0.0,0.0,0.0
5729,0.0,0.0,0.0,0.0
5730,0.0,0.0,0.0,0.0
5731,0.0,0.0,0.0,0.0
5732,0.0,0.0,0.0,0.0
5733,0.0,0.0,0.0,0.0
5734,0.0,0.0,0.0,0.0
5735,0.0,0.0,0.0,0.0
5736,0.0,0.0,0.0,0.0
5737,0.0,0.0,0.0,0.0
5738,0.0,0.0,0.0,0.0
5739,0.0,0.0,0.0,0.0
5740,0.0,0.0,0.0,0.0
5741,0.0,0.0,0.0,0.0
5742,0.0,0.0,0.0,0.0
5743,0.0,0.0,0.0,0.0
5744,0.0,0.0,0.0,0.0
5745,0.0,0.0,0.0,0.0
5746,0.0,0.0,0.0,0.0
5747,0.0,0.0,0.0,0.0
5748,0.0,0.0,0.0,0.0
5749,0.0,0.0,0.0,0.0
5750,0.0,0.0,0.0,0.0
5751,0.0,0.0,0.0,0.0
5752,0.0,0.0,0.0,0.0
5753,0.0,0.0,0.0,0.0
5754,0.0,0.0,0.0,0.0
5755,0.0,0.0,0.0,0.0
5756,0.0,0.0,0.0,0.0
5757,0.0,0.0,0.0,0.0
5758,0.0,0.0,0.0,0.0
5759,0.0,0.0,0.0,0.0
5760,0.0,0.0,0.0,0.0
5761,0.0,0.0,0.0,0.0
5762,0.0,0.0,0.0,0.0
5763,0.0,0.0,0.0,0.0
5764,0.0,0.0,0.0,0.0
5765,0.0,0.0,0.0,0.0
5766,0.0,0.0,0.0,0.0
5767,0.0,0.0,0.0,0.0
5768,0.0,0.0,0.0,0.0
5769,0.0,0.0,0.0,0.0
5770,0.0,0.0,0.0,0.0
5771,0.0,0.0,0.0,0.0
5772,0.0,0.0,0.0,0.0
5773,0.0,0.0,0.0,0.0
5774,0.0,0.0,0.0,0.0
5775,0.0,0.0,0.0,0.0
5776,0.0,0.0,0.0,0.0
5777,0.0,0.0,0.0,0.0
5778,0.0,0.0,0.0,0.0
5779,0.0,0.0,0.0,0.0
5780,0.0,0.0,0.0,0.0
5781,0.0,0.0,0.0,0.0
5782,0.0,0.0,0.0,0.0
5783,0.0,0.0,0.0,0.0
5784,0.0,0.0,0.0,0.0
5785,0.0,0.0,0.0,0.0
5786,0.0,0.0,0.0,0.0
5787,0.0,0.0,0.0,0.0
5788,0.0,0.0,0.0,0.0
5789,0.0,0.0,0.0,0.0
5790,0.0,0.0,0.0,0.0
5791,0.0,0.0,0.0,0.0
5792,0.0,0.0,0.0,0.0
5793,0.0,0.0,0.0,0.0
5794,0.0,0.0,0.0,0.0
5795,0.0,0.0,0.0,0.0
5796,0.0,0.0,0.0,0.0
5797,0.0,0.0,0.0,0.0
5798,0.0,0.0,0.0,0.0
5799,0.0,0.0,0.0,0.0
5800,0.0,0.0,0.0,0.0
5801,0.0,0.0,0.0,0.0
5802,0.0,0.0,0.0,0.0
5803,0.0,0.0,0.0,0.0
5804,0.0,0.0,0.0,0.0
5805,0.0,0.0,0.0,0.0
5806,0.0,0.0,0.0,0.0
5807,0.0,0.0,0.0,0.0
5808,0.0,0.0,0.0,0.0
5809,0.0,0.0,0.0,0.0
5810,0.0,0.0,0.0,0.0
5811,0.0,0.0,0.0,0.0
5812,0.0,0.0,0.0,0.0
5813,0.0,0.0,0.0,0.0
5814,0.0,0.0,0.0,0.0
5815,0.0,0.0,0.0,0.0
5816,0.0,0.0,0.0,0.0
5817,0.0,0.0,0.0,0.0
5818,0.0,0.0,0.0,0.0
5819,0.0,0.0,0.0,0.0
5820,0.0,0.0,0.0,0.0
5821,0.0,0.0,0.0,0.0
5822,0.0,0.0,0.0,0.0
5823,0.0,0.0,0.0,0.0
5824,0.0,0.0,0.0,0.0
5825,0.0,0.0,0.0,0.0
5826,0.0,0.0,0.0,0.0
5827,0.0,0.0,0.0,0.0
5828,0.0,0.0,0.0,0.0
5829,0.0,0.0,0.0,0.0
5830,0.0,0.0,0.0,0.0
5831,0.0,0.0,0.0,0.0
5832,0.0,0.0,0.0,0.0
5833,0.0,0.0,0.0,0.0
5834,0.0,0.0,0.0,0.0
5835,0.0,0.0,0.0,0.0
5836,0.0,0.0,0.0,0.0
5837,0.0,0.0,0.0,0.0
5838,0.0,0.0,0.0,0.0
5839,0.0,0.0,0.0,0.0
5840,0.0,0.0,0.0,0.0
5841,0.0,0.0,0.0,0.0
5842,0.0,0.0,0.0,0.0
5843,0.0,0.0,0.0,0.0
5844,0.0,0.0,0.0,0.0
5845,0.0,0.0,0.0,0.0
5846,0.0,0.0,0.0,0.0
5847,0.0,0.0,0.0,0.0
5848,0.0,0.0,0.0,0.0
5849,0.0,0.0,0.0,0.0
5850,0.0,0.0,0.0,0.0
5851,0.0,0.0,0.0,0.0
5852,0.0,0.0,0.0,0.0
5853,0.0,0.0,0.0,0.0
5854,0.0,0.0,0.0,0.0
5855,0.0,0.0,0.0,0.0
5856,0.0,0.0,0.0,0.0
5857,0.0,0.0,0.0,0.0
5858,0.0,0.0,0.0,0.0
5859,0.0,0.0,0.0,0.0
5860,0.0,0.0,0.0,0.0
5861,0.0,0.0,0.0,0.0
5862,0.0,0.0,0.0,0.0
5863,0.0,0.0,0.0,0.0
5864,0.0,0.0,0.0,0.0
5865,0.0,0.0,0.0,0.0
5866,0.0,0.0,0.0,0.0
5867,0.0,0.0,0.0,0.0
5868,0.0,0.0,0.0,0.0
5869,0.0,0.0,0.0,0.0
5870,0.0,0.0,0.0,0.0
5871,0.0,0.0,0.0,0.0
5872,0.0,0.0,0.0,0.0
5873,0.0,0.0,0.0,0.0
5874,0.0,0.0,0.0,0.0
5875,0.0,0.0,0.0,0.0
5876,0.0,0.0,0.0,0.0
5877,0.0,0.0,0.0,0.0
5878,0.0,0.0,0.0,0.0
5879,0.0,0.0,0.0,0.0
5880,0.0,0.0,0.0,0.0
5881,0.0,0.0,0.0,0.0
5882,0.0,0.0,0.0,0.0
5883,0.0,0.0,0.0,0.0
5884,0.0,0.0,0.0,0.0
5885,0.0,0.0,0.0,0.0
5886,0.0,0.0,0.0,0.0
5887,0.0,0.0,0.0,0.0
5888,0.0,0.0,0.0,0.0
5889,0.0,0.0,0.0,0.0
5890,0.0,0.0,0.0,0.0
5891,0.0,0.0,0.0,0.0
5892,0.0,0.0,0.0,0.0
5893,0.0,0.0,0.0,0.0
5894,0.0,0.0,0.0,0.0
5895,0.0,0.0,0.0,0.0
5896,0.0,0.0,0.0,0.0
5897,0.0,0.0,0.0,0.0
5898,0.0,0.0,0.0,0.0
5899,0.0,0.0,0.0,0.0
5900,0.0,0.0,0.0,0.0
5901,0.0,0.0,0.0,0.0
5902,0.0,0.0,0.0,0.0
5903,0.0,0.0,0.0,0.0
5904,0.0,0.0,0.0,0.0
5905,0.0,0.0,0.0,0.0
5906,0.0,0.0,0.0,0.0
5907,0.0,0.0,0.0,0.0
5908,0.0,0.0,0.0,0.0
5909,0.0,0.0,0.0,0.0
5910,0.0,0.0,0.0,0.0
5911,0.0,0.0,0.0,0.0
5912,0.0,0.0,0.0,0.0
5913,0.0,0.0,0.0,0.0
5914,0.0,0.0,0.0,0.0
5915,0.0,0.0,0.0,0.0
5916,0.0,0.0,0.0,0.0
5917,0.0,0.0,0.0,0.0
5918,0.0,0.0,0.0,0.0
5919,0.0,0.0,0.0,0.0
5920,0.0,0.0,0.0,0.0
5921,0.0,0.0,0.0,0.0
5922,0.0,0.0,0.0,0.0
5923,0.0,0.0,0.0,0.0
5924,0.0,0.0,0.0,0.0
5925,0.0,0.0,0.0,0.0
5926,0.0,0.0,0.0,0.0
5927,0.0,0.0,0.0,0.0
5928,0.0,0.0,0.0,0.0
5929,0.0,0.0,0.0,0.0
5930,0.0,0.0,0.0,0.0
5931,0.0,0.0,0.0,0.0
5932,0.0,0.0,0.0,0.0
5933,0.0,0.0,0.0,0.0
5934,0.0,0.0,0.0,0.0
5935,0.0,0.0,0.0,0.0
5936,0.0,0.0,0.0,0.0
5937,0.0,0.0,0.0,0.0
5938,0.0,0.0,0.0,0.0
5939,0.0,0.0,0.0,0.0
5940,0.0,0.0,0.0,0.0
5941,0.0,0.0,0.0,0.0
5942,0.0,0.0,0.0,0.0
5943,0.0,0.0,0.0,0.0
5944,0.0,0.0,0.0,0.0
5945,0.0,0.0,0.0,0.0
5946,0.0,0.0,0.0,0.0
5947,0.0,0.0,0.0,0.0
5948,0.0,0.0,0.0,0.0
5949,0.0,0.0,0.0,0.0
5950,0.0,0.0,0.0,0.0
5951,0.0,0.0,0.0,0.0
5952,0.0,0.0,0.0,0.0
5953,0.0,0.0,0.0,0.0
5954,0.0,0.0,0.0,0.0
5955,0.0,0.0,0.0,0.0
5956,0.0,0.0,0.0,0.0
5957,0.0,0.0,0.0,0.0
5958,0.0,0.0,0.0,0.0
5959,0.0,0.0,0.0,0.0
5960,0.0,0.0,0.0,0.0
5961,0.0,0.0,0.0,0.0
5962,0.0,0.0,0.0,0.0
5963,0.0,0.0,0.0,0.0
5964,0.0,0.0,0.0,0.0
5965,0.0,0.0,0.0,0.0
5966,0.0,0.0,0.0,0.0
5967,0.0,0.0,0.0,0.0
5968,0.0,0.0,0.0,0.0
5969,0.0,0.0,0.0,0.0
5970,0.0,0.0,0.0,0.0
5971,0.0,0.0,0.0,0.0
5972,0.0,0.0,0.0,0.0
5973,0.0,0.0,0.0,0.0
5974,0.0,0.0,0.0,0.0
5975,0.0,0.0,0.0,0.0
5976,0.0,0.0,0.0,0.0
5977,0.0,0.0,0.0,0.0
5978,0.0,0.0,0.0,0.0
5979,0.0,0.0,0.0,0.0
5980,0.0,0.0,0.0,0.0
5981,0.0,0.0,0.0,0.0
5982,0.0,0.0,0.0,0.0
5983,0.0,0.0,0.0,0.0
5984,0.0,0.0,0.0,0.0
5985,0.0,0.0,0.0,0.0
5986,0.0,0.0,0.0,0.0
5987,0.0,0.0,0.0,0.0
5988,0.0,0.0,0.0,0.0
5989,0.0,0.0,0.0,0.0
5990,0.0,0.0,0.0,0.0
5991,0.0,0.0,0.0,0.0
5992,0.0,0.0,0.0,0.0
5993,0.0,0.0,0.0,0.0
5994,0.0,0.0,0.0,0.0
5995,0.0,0.0,0.0,0.0
5996,0.0,0.0,0.0,0.0
5997,0.0,0.0,0.0,0.0
5998,0.0,0.0,0.0,0.0
5999,0.0,0.0,0.0,0.0
6000,0.0,0.0,0.0,0.0
6001,0.0,0.0,0.0,0.0
6002,0.0,0.0,0.0,0.0
6003,0.0,0.0,0.0,0.0
6004,0.0,0.0,0.0,0.0
6005,0.0,0.0,0.0,0.0
6006,0.0,0.0,0.0,0.0
6007,0.0,0.0,0.0,0.0
6008,0.0,0.0,0.0,0.0
6009,0.0,0.0,0.0,0.0
6010,0.0,0.0,0.0,0.0
6011,0.0,0.0,0.0,0.0
6012,0.0,0.0,0.0,0.0
6013,0.0,0.0,0.0,0.0
6014,0.0,0.0,0.0,0.0
6015,0.0,0.0,0.0,0.0
6016,0.0,0.0,0.0,0.0
6017,0.0,0.0,0.0,0.0
6018,0.0,0.0,0.0,0.0
6019,0.0,0.0,0.0,0.0
6020,0.0,0.0,0.0,0.0
6021,0.0,0.0,0.0,0.0
6022,0.0,0.0,0.0,0.0
6023,0.0,0.0,0.0,0.0
6024,0.0,0.0,0.0,0.0
6025,0.0,0.0,0.0,0.0
6026,0.0,0.0,0.0,0.0
6027,0.0,0.0,0.0,0.0
6028,0.0,0.0,0.0,0.0
6029,0.0,0.0,0.0,0.0
6030,0.0,0.0,0.0,0.0
6031,0.0,0.0,0.0,0.0
6032,0.0,0.0,0.0,0.0
6033,0.0,0.0,0.0,0.0
6034,0.0,0.0,0.0,0.0
6035,0.0,0.0,0.0,0.0
6036,0.0,0.0,0.0,0.0
6037,0.0,0.0,0.0,0.0
6038,0.0,0.0,0.0,0.0
6039,0.0,0.0,0.0,0.0
6040,0.0,0.0,0.0,0.0
6041,0.0,0.0,0.0,0.0
6042,0.0,0.0,0.0,0.0
6043,0.0,0.0,0.0,0.0
6044,0.0,0.0,0.0,0.0
6045,0.0,0.0,0.0,0.0
6046,0.0,0.0,0.0,0.0
6047,0.0,0.0,0.0,0.0
6048,0.0,0.0,0.0,0.0
6049,0.0,0.0,0.0,0.0
6050,0.0,0.0,0.0,0.0
6051,0.0,0.0,0.0,0.0
6052,0.0,0.0,0.0,0.0
6053,0.0,0.0,0.0,0.0
6054,0.0,0.0,0.0,0.0
6055,0.0,0.0,0.0,0.0
6056,0.0,0.0,0.0,0.0
6057,0.0,0.0,0.0,0.0
6058,0.0,0.0,0.0,0.0
6059,0.0,0.0,0.0,0.0
6060,0.0,0.0,0.0,0.0
6061,0.0,0.0,0.0,0.0
6062,0.0,0.0,0.0,0.0
6063,0.0,0.0,0.0,0.0
6064,0.0,0.0,0.0,0.0
6065,0.0,0.0,0.0,0.0
6066,0.0,0.0,0.0,0.0
6067,0.0,0.0,0.0,0.0
6068,0.0,0.0,0.0,0.0
6069,0.0,0.0,0.0,0.0
6070,0.0,0.0,0.0,0.0
6071,0.0,0.0,0.0,0.0
6072,0.0,0.0,0.0,0.0
6073,0.0,0.0,0.0,0.0
6074,0.0,0.0,0.0,0.0
6075,0.0,0.0,0.0,0.0
6076,0.0,0.0,0.0,0.0
6077,0.0,0.0,0.0,0.0
6078,0.0,0.0,0.0,0.0
6079,0.0,0.0,0.0,0.0
6080,0.0,0.0,0.0,0.0
6081,0.0,0.0,0.0,0.0
6082,0.0,0.0,0.0,0.0
6083,0.0,0.0,0.0,0.0
6084,0.0,0.0,0.0,0.0
6085,0.0,0.0,0.0,0.0
6086,0.0,0.0,0.0,0.0
6087,0.0,0.0,0.0,0.0
6088,0.0,0.0,0.0,0.0
6089,0.0,0.0,0.0,0.0
6090,0.0,0.0,0.0,0.0
6091,0.0,0.0,0.0,0.0
6092,0.0,0.0,0.0,0.0
6093,0.0,0.0,0.0,0.0
6094,0.0,0.0,0.0,0.0
6095,0.0,0.0,0.0,0.0
6096,0.0,0.0,0.0,0.0
6097,0.0,0.0,0.0,0.0
6098,0.0,0.0,0.0,0.0
6099,0.0,0.0,0.0,0.0
6100,0.0,0.0,0.0,0.0
6101,0.0,0.0,0.0,0.0
6102,0.0,0.0,0.0,0.0
6103,0.0,0.0,0.0,0.0
6104,0.0,0.0,0.0,0.0
6105,0.0,0.0,0.0,0.0
6106,0.0,0.0,0.0,0.0
6107,0.0,0.0,0.0,0.0
6108,0.0,0.0,0.0,0.0
6109,0.0,0.0,0.0,0.0
6110,0.0,0.0,0.0,0.0
6111,0.0,0.0,0.0,0.0
6112,0.0,0.0,0.0,0.0
6113,0.0,0.0,0.0,0.0
6114,0.0,0.0,0.0,0.0
6115,0.0,0.0,0.0,0.0
6116,0.0,0.0,0.0,0.0
6117,0.0,0.0,0.0,0.0
6118,0.0,0.0,0.0,0.0
6119,0.0,0.0,0.0,0.0
6120,0.0,0.0,0.0,0.0
6121,0.0,0.0,0.0,0.0
6122,0.0,0.0,0.0,0.0
6123,0.0,0.0,0.0,0.0
6124,0.0,0.0,0.0,0.0
6125,0.0,0.0,0.0,0.0
6126,0.0,0.0,0.0,0.0
6127,0.0,0.0,0.0,0.0
6128,0.0,0.0,0.0,0.0
6129,0.0,0.0,0.0,0.0
6130,0.0,0.0,0.0,0.0
6131,0.0,0.0,0.0,0.0
6132,0.0,0.0,0.0,0.0
6133,0.0,0.0,0.0,0.0
6134,0.0,0.0,0.0,0.0
6135,0.0,0.0,0.0,0.0
6136,0.0,0.0,0.0,0.0
6137,0.0,0.0,0.0,0.0
6138,0.0,0.0,0.0,0.0
6139,0.0,0.0,0.0,0.0
6140,0.0,0.0,0.0,0.0
6141,0.0,0.0,0.0,0.0
6142,0.0,0.0,0.0,0.0
6143,0.0,0.0,0.0,0.0
6144,0.0,0.0,0.0,0.0
6145,0.0,0.0,0.0,0.0
6146,0.0,0.0,0.0,0.0
6147,0.0,0.0,0.0,0.0
6148,0.0,0.0,0.0,0.0
6149,0.0,0.0,0.0,0.0
6150,0.0,0.0,0.0,0.0
6151,0.0,0.0,0.0,0.0
6152,0.0,0.0,0.0,0.0
6153,0.0,0.0,0.0,0.0
6154,0.0,0.0,0.0,0.0
6155,0.0,0.0,0.0,0.0
6156,0.0,0.0,0.0,0.0
6157,0.0,0.0,0.0,0.0
6158,0.0,0.0,0.0,0.0
6159,0.0,0.0,0.0,0.0
6160,0.0,0.0,0.0,0.0
6161,0.0,0.0,0.0,0.0
6162,0.0,0.0,0.0,0.0
6163,0.0,0.0,0.0,0.0
6164,0.0,0.0,0.0,0.0
6165,0.0,0.0,0.0,0.0
6166,0.0,0.0,0.0,0.0
6167,0.0,0.0,0.0,0.0
6168,0.0,0.0,0.0,0.0
6169,0.0,0.0,0.0,0.0
6170,0.0,0.0,0.0,0.0
6171,0.0,0.0,0.0,0.0
6172,0.0,0.0,0.0,0.0
6173,0.0,0.0,0.0,0.0
6174,0.0,0.0,0.0,0.0
6175,0.0,0.0,0.0,0.0
6176,0.0,0.0,0.0,0.0
6177,0.0,0.0,0.0,0.0
6178,0.0,0.0,0.0,0.0
6179,0.0,0.0,0.0,0.0
6180,0.0,0.0,0.0,0.0
6181,0.0,0.0,0.0,0.0
6182,0.0,0.0,0.0,0.0
6183,0.0,0.0,0.0,0.0
6184,0.0,0.0,0.0,0.0
6185,0.0,0.0,0.0,0.0
6186,0.0,0.0,0.0,0.0
6187,0.0,0.0,0.0,0.0
6188,0.0,0.0,0.0,0.0
6189,0.0,0.0,0.0,0.0
6190,0.0,0.0,0.0,0.0
6191,0.0,0.0,0.0,0.0
6192,0.0,0.0,0.0,0.0
6193,0.0,0.0,0.0,0.0
6194,0.0,0.0,0.0,0.0
6195,0.0,0.0,0.0,0.0
6196,0.0,0.0,0.0,0.0
6197,0.0,0.0,0.0,0.0
6198,0.0,0.0,0.0,0.0
6199,0.0,0.0,0.0,0.0
6200,0.0,0.0,0.0,0.0
6201,0.0,0.0,0.0,0.0
6202,0.0,0.0,0.0,0.0
6203,0.0,0.0,0.0,0.0
6204,0.0,0.0,0.0,0.0
6205,0.0,0.0,0.0,0.0
6206,0.0,0.0,0.0,0.0
6207,0.0,0.0,0.0,0.0
6208,0.0,0.0,0.0,0.0
6209,0.0,0.0,0.0,0.0
6210,0.0,0.0,0.0,0.0
6211,0.0,0.0,0.0,0.0
6212,0.0,0.0,0.0,0.0
6213,0.0,0.0,0.0,0.0
6214,0.0,0.0,0.0,0.0
6215,0.0,0.0,0.0,0.0
6216,0.0,0.0,0.0,0.0
6217,0.0,0.0,0.0,0.0
6218,0.0,0.0,0.0,0.0
6219,0.0,0.0,0.0,0.0
6220,0.0,0.0,0.0,0.0
6221,0.0,0.0,0.0,0.0
6222,0.0,0.0,0.0,0.0
6223,0.0,0.0,0.0,0.0
6224,0.0,0.0,0.0,0.0
6225,0.0,0.0,0.0,0.0
6226,0.0,0.0,0.0,0.0
6227,0.0,0.0,0.0,0.0
6228,0.0,0.0,0.0,0.0
6229,0.0,0.0,0.0,0.0
6230,0.0,0.0,0.0,0.0
6231,0.0,0.0,0.0,0.0
6232,0.0,0.0,0.0,0.0
6233,0.0,0.0,0.0,0.0
6234,0.0,0.0,0.0,0.0
6235,0.0,0.0,0.0,0.0
6236,0.0,0.0,0.0,0.0
6237,0.0,0.0,0.0,0.0
6238,0.0,0.0,0.0,0.0
6239,0.0,0.0,0.0,0.0
6240,0.0,0.0,0.0,0.0
6241,0.0,0.0,0.0,0.0
6242,0.0,0.0,0.0,0.0
6243,0.0,0.0,0.0,0.0
6244,0.0,0.0,0.0,0.0
6245,0.0,0.0,0.0,0.0
6246,0.0,0.0,0.0,0.0
6247,0.0,0.0,0.0,0.0
6248,0.0,0.0,0.0,0.0
6249,0.0,0.0,0.0,0.0
6250,0.0,0.0,0.0,0.0
6251,0.0,0.0,0.0,0.0
6252,0.0,0.0,0.0,0.0
6253,0.0,0.0,0.0,0.0
6254,0.0,0.0,0.0,0.0
6255,0.0,0.0,0.0,0.0
6256,0.0,0.0,0.0,0.0
6257,0.0,0.0,0.0,0.0
6258,0.0,0.0,0.0,0.0
6259,0.0,0.0,0.0,0.0
6260,0.0,0.0,0.0,0.0
6261,0.0,0.0,0.0,0.0
6262,0.0,0.0,0.0,0.0
6263,0.0,0.0,0.0,0.0
6264,0.0,0.0,0.0,0.0
6265,0.0,0.0,0.0,0.0
6266,0.0,0.0,0.0,0.0
6267,0.0,0.0,0.0,0.0
6268,0.0,0.0,0.0,0.0
6269,0.0,0.0,0.0,0.0
6270,0.0,0.0,0.0,0.0
6271,0.0,0.0,0.0,0.0
6272,0.0,0.0,0.0,0.0
6273,0.0,0.0,0.0,0.0
6274,0.0,0.0,0.0,0.0
6275,0.0,0.0,0.0,0.0
6276,0.0,0.0,0.0,0.0
6277,0.0,0.0,0.0,0.0
6278,0.0,0.0,0.0,0.0
6279,0.0,0.0,0.0,0.0
6280,0.0,0.0,0.0,0.0
6281,0.0,0.0,0.0,0.0
6282,0.0,0.0,0.0,0.0
6283,0.0,0.0,0.0,0.0
6284,0.0,0.0,0.0,0.0
6285,0.0,0.0,0.0,0.0
6286,0.0,0.0,0.0,0.0
6287,0.0,0.0,0.0,0.0
6288,0.0,0.0,0.0,0.0
6289,0.0,0.0,0.0,0.0
6290,0.0,0.0,0.0,0.0
6291,0.0,0.0,0.0,0.0
6292,0.0,0.0,0.0,0.0
6293,0.0,0.0,0.0,0.0
6294,0.0,0.0,0.0,0.0
6295,0.0,0.0,0.0,0.0
6296,0.0,0.0,0.0,0.0
6297,0.0,0.0,0.0,0.0
6298,0.0,0.0,0.0,0.0
6299,0.0,0.0,0.0,0.0
6300,0.0,0.0,0.0,0.0
6301,0.0,0.0,0.0,0.0
6302,0.0,0.0,0.0,0.0
6303,0.0,0.0,0.0,0.0
6304,0.0,0.0,0.0,0.0
6305,0.0,0.0,0.0,0.0
6306,0.0,0.0,0.0,0.0
6307,0.0,0.0,0.0,0.0
6308,0.0,0.0,0.0,0.0
6309,0.0,0.0,0.0,0.0
6310,0.0,0.0,0.0,0.0
6311,0.0,0.0,0.0,0.0
6312,0.0,0.0,0.0,0.0
6313,0.0,0.0,0.0,0.0
6314,0.0,0.0,0.0,0.0
6315,0.0,0.0,0.0,0.0
6316,0.0,0.0,0.0,0.0
6317,0.0,0.0,0.0,0.0
6318,0.0,0.0,0.0,0.0
6319,0.0,0.0,0.0,0.0
6320,0.0,0.0,0.0,0.0
6321,0.0,0.0,0.0,0.0
6322,0.0,0.0,0.0,0.0
6323,0.0,0.0,0.0,0.0
6324,0.0,0.0,0.0,0.0
6325,0.0,0.0,0.0,0.0
6326,0.0,0.0,0.0,0.0
6327,0.0,0.0,0.0,0.0
6328,0.0,0.0,0.0,0.0
6329,0.0,0.0,0.0,0.0
6330,0.0,0.0,0.0,0.0
6331,0.0,0.0,0.0,0.0
6332,0.0,0.0,0.0,0.0
6333,0.0,0.0,0.0,0.0
6334,0.0,0.0,0.0,0.0
6335,0.0,0.0,0.0,0.0
6336,0.0,0.0,0.0,0.0
6337,0.0,0.0,0.0,0.0
6338,0.0,0.0,0.0,0.0
6339,0.0,0.0,0.0,0.0
6340,0.0,0.0,0.0,0.0
6341,0.0,0.0,0.0,0.0
6342,0.0,0.0,0.0,0.0
6343,0.0,0.0,0.0,0.0
6344,0.0,0.0,0.0,0.0
6345,0.0,0.0,0.0,0.0
6346,0.0,0.0,0.0,0.0
6347,0.0,0.0,0.0,0.0
6348,0.0,0.0,0.0,0.0
6349,0.0,0.0,0.0,0.0
6350,0.0,0.0,0.0,0.0
6351,0.0,0.0,0.0,0.0
6352,0.0,0.0,0.0,0.0
6353,0.0,0.0,0.0,0.0
6354,0.0,0.0,0.0,0.0
6355,0.0,0.0,0.0,0.0
6356,0.0,0.0,0.0,0.0
6357,0.0,0.0,0.0,0.0
6358,0.0,0.0,0.0,0.0
6359,0.0,0.0,0.0,0.0
6360,0.0,0.0,0.0,0.0
6361,0.0,0.0,0.0,0.0
6362,0.0,0.0,0.0,0.0
6363,0.0,0.0,0.0,0.0
6364,0.0,0.0,0.0,0.0
6365,0.0,0.0,0.0,0.0
6366,0.0,0.0,0.0,0.0
6367,0.0,0.0,0.0,0.0
6368,0.0,0.0,0.0,0.0
6369,0.0,0.0,0.0,0.0
6370,0.0,0.0,0.0,0.0
6371,0.0,0.0,0.0,0.0
6372,0.0,0.0,0.0,0.0
6373,0.0,0.0,0.0,0.0
6374,0.0,0.0,0.0,0.0
6375,0.0,0.0,0.0,0.0
6376,0.0,0.0,0.0,0.0
6377,0.0,0.0,0.0,0.0
6378,0.0,0.0,0.0,0.0
6379,0.0,0.0,0.0,0.0
6380,0.0,0.0,0.0,0.0
6381,0.0,0.0,0.0,0.0
6382,0.0,0.0,0.0,0.0
6383,0.0,0.0,0.0,0.0
6384,0.0,0.0,0.0,0.0
6385,0.0,0.0,0.0,0.0
6386,0.0,0.0,0.0,0.0
6387,0.0,0.0,0.0,0.0
6388,0.0,0.0,0.0,0.0
6389,0.0,0.0,0.0,0.0
6390,0.0,0.0,0.0,0.0
6391,0.0,0.0,0.0,0.0
6392,0.0,0.0,0.0,0.0
6393,0.0,0.0,0.0,0.0
6394,0.0,0.0,0.0,0.0
6395,0.0,0.0,0.0,0.0
6396,0.0,0.0,0.0,0.0
6397,0.0,0.0,0.0,0.0
6398,0.0,0.0,0.0,0.0
6399,0.0,0.0,0.0,0.0
6400,0.0,0.0,0.0,0.0
6401,0.0,0.0,0.0,0.0
6402,0.0,0.0,0.0,0.0
6403,0.0,0.0,0.0,0.0
6404,0.0,0.0,0.0,0.0
6405,0.0,0.0,0.0,0.0
6406,0.0,0.0,0.0,0.0
6407,0.0,0.0,0.0,0.0
6408,0.0,0.0,0.0,0.0
6409,0.0,0.0,0.0,0.0
6410,0.0,0.0,0.0,0.0
6411,0.0,0.0,0.0,0.0
6412,0.0,0.0,0.0,0.0
6413,0.0,0.0,0.0,0.0
6414,0.0,0.0,0.0,0.0
6415,0.0,0.0,0.0,0.0
6416,0.0,0.0,0.0,0.0
6417,0.0,0.0,0.0,0.0
6418,0.0,0.0,0.0,0.0
6419,0.0,0.0,0.0,0.0
6420,0.0,0.0,0.0,0.0
6421,0.0,0.0,0.0,0.0
6422,0.0,0.0,0.0,0.0
6423,0.0,0.0,0.0,0.0
6424,0.0,0.0,0.0,0.0
6425,0.0,0.0,0.0,0.0
6426,0.0,0.0,0.0,0.0
6427,0.0,0.0,0.0,0.0
6428,0.0,0.0,0.0,0.0
6429,0.0,0.0,0.0,0.0
6430,0.0,0.0,0.0,0.0
6431,0.0,0.0,0.0,0.0
6432,0.0,0.0,0.0,0.0
6433,0.0,0.0,0.0,0.0
6434,0.0,0.0,0.0,0.0
6435,0.0,0.0,0.0,0.0
6436,0.0,0.0,0.0,0.0
6437,0.0,0.0,0.0,0.0
6438,0.0,0.0,0.0,0.0
6439,0.0,0.0,0.0,0.0
6440,0.0,0.0,0.0,0.0
6441,0.0,0.0,0.0,0.0
6442,0.0,0.0,0.0,0.0
6443,0.0,0.0,0.0,0.0
6444,0.0,0.0,0.0,0.0
6445,0.0,0.0,0.0,0.0
6446,0.0,0.0,0.0,0.0
6447,0.0,0.0,0.0,0.0
6448,0.0,0.0,0.0,0.0
6449,0.0,0.0,0.0,0.0
6450,0.0,0.0,0.0,0.0
6451,0.0,0.0,0.0,0.0
6452,0.0,0.0,0.0,0.0
6453,0.0,0.0,0.0,0.0
6454,0.0,0.0,0.0,0.0
6455,0.0,0.0,0.0,0.0
6456,0.0,0.0,0.0,0.0
6457,0.0,0.0,0.0,0.0
6458,0.0,0.0,0.0,0.0
6459,0.0,0.0,0.0,0.0
6460,0.0,0.0,0.0,0.0
6461,0.0,0.0,0.0,0.0
6462,0.0,0.0,0.0,0.0
6463,0.0,0.0,0.0,0.0
6464,0.0,0.0,0.0,0.0
6465,0.0,0.0,0.0,0.0
6466,0.0,0.0,0.0,0.0
6467,0.0,0.0,0.0,0.0
6468,0.0,0.0,0.0,0.0
6469,0.0,0.0,0.0,0.0
6470,0.0,0.0,0.0,0.0
6471,0.0,0.0,0.0,0.0
6472,0.0,0.0,0.0,0.0
6473,0.0,0.0,0.0,0.0
6474,0.0,0.0,0.0,0.0
6475,0.0,0.0,0.0,0.0
6476,0.0,0.0,0.0,0.0
6477,0.0,0.0,0.0,0.0
6478,0.0,0.0,0.0,0.0
6479,0.0,0.0,0.0,0.0
6480,0.0,0.0,0.0,0.0
6481,0.0,0.0,0.0,0.0
6482,0.0,0.0,0.0,0.0
6483,0.0,0.0,0.0,0.0
6484,0.0,0.0,0.0,0.0
6485,0.0,0.0,0.0,0.0
6486,0.0,0.0,0.0,0.0
6487,0.0,0.0,0.0,0.0
6488,0.0,0.0,0.0,0.0
6489,0.0,0.0,0.0,0.0
6490,0.0,0.0,0.0,0.0
6491,0.0,0.0,0.0,0.0
6492,0.0,0.0,0.0,0.0
6493,0.0,0.0,0.0,0.0
6494,0.0,0.0,0.0,0.0
6495,0.0,0.0,0.0,0.0
6496,0.0,0.0,0.0,0.0
6497,0.0,0.0,0.0,0.0
6498,0.0,0.0,0.0,0.0
6499,0.0,0.0,0.0,0.0
6500,0.0,0.0,0.0,0.0
6501,0.0,0.0,0.0,0.0
6502,0.0,0.0,0.0,0.0
6503,0.0,0.0,0.0,0.0
6504,0.0,0.0,0.0,0.0
6505,0.0,0.0,0.0,0.0
6506,0.0,0.0,0.0,0.0
6507,0.0,0.0,0.0,0.0
6508,0.0,0.0,0.0,0.0
6509,0.0,0.0,0.0,0.0
6510,0.0,0.0,0.0,0.0
6511,0.0,0.0,0.0,0.0
6512,0.0,0.0,0.0,0.0
6513,0.0,0.0,0.0,0.0
6514,0.0,0.0,0.0,0.0
6515,0.0,0.0,0.0,0.0
6516,0.0,0.0,0.0,0.0
6517,0.0,0.0,0.0,0.0
6518,0.0,0.0,0.0,0.0
6519,0.0,0.0,0.0,0.0
6520,0.0,0.0,0.0,0.0
6521,0.0,0.0,0.0,0.0
6522,0.0,0.0,0.0,0.0
6523,0.0,0.0,0.0,0.0
6524,0.0,0.0,0.0,0.0
6525,0.0,0.0,0.0,0.0
6526,0.0,0.0,0.0,0.0
6527,0.0,0.0,0.0,0.0
6528,0.0,0.0,0.0,0.0
6529,0.0,0.0,0.0,0.0
6530,0.0,0.0,0.0,0.0
6531,0.0,0.0,0.0,0.0
6532,0.0,0.0,0.0,0.0
6533,0.0,0.0,0.0,0.0
6534,0.0,0.0,0.0,0.0
6535,0.0,0.0,0.0,0.0
6536,0.0,0.0,0.0,0.0
6537,0.0,0.0,0.0,0.0
6538,0.0,0.0,0.0,0.0
6539,0.0,0.0,0.0,0.0
6540,0.0,0.0,0.0,0.0
6541,0.0,0.0,0.0,0.0
6542,0.0,0.0,0.0,0.0
6543,0.0,0.0,0.0,0.0
6544,0.0,0.0,0.0,0.0
6545,0.0,0.0,0.0,0.0
6546,0.0,0.0,0.0,0.0
6547,0.0,0.0,0.0,0.0
6548,0.0,0.0,0.0,0.0
6549,0.0,0.0,0.0,0.0
6550,0.0,0.0,0.0,0.0
6551,0.0,0.0,0.0,0.0
6552,0.0,0.0,0.0,0.0
6553,0.0,0.0,0.0,0.0
6554,0.0,0.0,0.0,0.0
6555,0.0,0.0,0.0,0.0
6556,0.0,0.0,0.0,0.0
6557,0.0,0.0,0.0,0.0
6558,0.0,0.0,0.0,0.0
6559,0.0,0.0,0.0,0.0
6560,0.0,0.0,0.0,0.0
6561,0.0,0.0,0.0,0.0
6562,0.0,0.0,0.0,0.0
6563,0.0,0.0,0.0,0.0
6564,0.0,0.0,0.0,0.0
6565,0.0,0.0,0.0,0.0
6566,0.0,0.0,0.0,0.0
6567,0.0,0.0,0.0,0.0
6568,0.0,0.0,0.0,0.0
6569,0.0,0.0,0.0,0.0
6570,0.0,0.0,0.0,0.0
6571,0.0,0.0,0.0,0.0
6572,0.0,0.0,0.0,0.0
6573,0.0,0.0,0.0,0.0
6574,0.0,0.0,0.0,0.0
6575,0.0,0.0,0.0,0.0
6576,0.0,0.0,0.0,0.0
6577,0.0,0.0,0.0,0.0
6578,0.0,0.0,0.0,0.0
6579,0.0,0.0,0.0,0.0
6580,0.0,0.0,0.0,0.0
6581,0.0,0.0,0.0,0.0
6582,0.0,0.0,0.0,0.0
6583,0.0,0.0,0.0,0.0
6584,0.0,0.0,0.0,0.0
6585,0.0,0.0,0.0,0.0
6586,0.0,0.0,0.0,0.0
6587,0.0,0.0,0.0,0.0
6588,0.0,0.0,0.0,0.0
6589,0.0,0.0,0.0,0.0
6590,0.0,0.0,0.0,0.0
6591,0.0,0.0,0.0,0.0
6592,0.0,0.0,0.0,0.0
6593,0.0,0.0,0.0,0.0
6594,0.0,0.0,0.0,0.0
6595,0.0,0.0,0.0,0.0
6596,0.0,0.0,0.0,0.0
6597,0.0,0.0,0.0,0.0
6598,0.0,0.0,0.0,0.0
6599,0.0,0.0,0.0,0.0
6600,0.0,0.0,0.0,0.0
6601,0.0,0.0,0.0,0.0
6602,0.0,0.0,0.0,0.0
6603,0.0,0.0,0.0,0.0
6604,0.0,0.0,0.0,0.0
6605,0.0,0.0,0.0,0.0
6606,0.0,0.0,0.0,0.0
6607,0.0,0.0,0.0,0.0
6608,0.0,0.0,0.0,0.0
6609,0.0,0.0,0.0,0.0
6610,0.0,0.0,0.0,0.0
6611,0.0,0.0,0.0,0.0
6612,0.0,0.0,0.0,0.0
6613,0.0,0.0,0.0,0.0
6614,0.0,0.0,0.0,0.0
6615,0.0,0.0,0.0,0.0
6616,0.0,0.0,0.0,0.0
6617,0.0,0.0,0.0,0.0
6618,0.0,0.0,0.0,0.0
6619,0.0,0.0,0.0,0.0
6620,0.0,0.0,0.0,0.0
6621,0.0,0.0,0.0,0.0
6622,0.0,0.0,0.0,0.0
6623,0.0,0.0,0.0,0.0
6624,0.0,0.0,0.0,0.0
6625,0.0,0.0,0.0,0.0
6626,0.0,0.0,0.0,0.0
6627,0.0,0.0,0.0,0.0
6628,0.0,0.0,0.0,0.0
6629,0.0,0.0,0.0,0.0
6630,0.0,0.0,0.0,0.0
6631,0.0,0.0,0.0,0.0
6632,0.0,0.0,0.0,0.0
6633,0.0,0.0,0.0,0.0
6634,0.0,0.0,0.0,0.0
6635,0.0,0.0,0.0,0.0
6636,0.0,0.0,0.0,0.0
6637,0.0,0.0,0.0,0.0
6638,0.0,0.0,0.0,0.0
6639,0.0,0.0,0.0,0.0
6640,0.0,0.0,0.0,0.0
6641,0.0,0.0,0.0,0.0
6642,0.0,0.0,0.0,0.0
6643,0.0,0.0,0.0,0.0
6644,0.0,0.0,0.0,0.0
6645,0.0,0.0,0.0,0.0
6646,0.0,0.0,0.0,0.0
6647,0.0,0.0,0.0,0.0
6648,0.0,0.0,0.0,0.0
6649,0.0,0.0,0.0,0.0
6650,0.0,0.0,0.0,0.0
6651,0.0,0.0,0.0,0.0
6652,0.0,0.0,0.0,0.0
6653,0.0,0.0,0.0,0.0
6654,0.0,0.0,0.0,0.0
6655,0.0,0.0,0.0,0.0
6656,0.0,0.0,0.0,0.0
6657,0.0,0.0,0.0,0.0
6658,0.0,0.0,0.0,0.0
6659,0.0,0.0,0.0,0.0
6660,0.0,0.0,0.0,0.0
6661,0.0,0.0,0.0,0.0
6662,0.0,0.0,0.0,0.0
6663,0.0,0.0,0.0,0.0
6664,0.0,0.0,0.0,0.0
6665,0.0,0.0,0.0,0.0
6666,0.0,0.0,0.0,0.0
6667,0.0,0.0,0.0,0.0
6668,0.0,0.0,0.0,0.0
6669,0.0,0.0,0.0,0.0
6670,0.0,0.0,0.0,0.0
6671,0.0,0.0,0.0,0.0
6672,0.0,0.0,0.0,0.0
6673,0.0,0.0,0.0,0.0
6674,0.0,0.0,0.0,0.0
6675,0.0,0.0,0.0,0.0
6676,0.0,0.0,0.0,0.0
6677,0.0,0.0,0.0,0.0
6678,0.0,0.0,0.0,0.0
6679,0.0,0.0,0.0,0.0
6680,0.0,0.0,0.0,0.0
6681,0.0,0.0,0.0,0.0
6682,0.0,0.0,0.0,0.0
6683,0.0,0.0,0.0,0.0
6684,0.0,0.0,0.0,0.0
6685,0.0,0.0,0.0,0.0
6686,0.0,0.0,0.0,0.0
6687,0.0,0.0,0.0,0.0
6688,0.0,0.0,0.0,0.0
6689,0.0,0.0,0.0,0.0
6690,0.0,0.0,0.0,0.0
6691,0.0,0.0,0.0,0.0
6692,0.0,0.0,0.0,0.0
6693,0.0,0.0,0.0,0.0
6694,0.0,0.0,0.0,0.0
6695,0.0,0.0,0.0,0.0
6696,0.0,0.0,0.0,0.0
6697,0.0,0.0,0.0,0.0
6698,0.0,0.0,0.0,0.0
6699,0.0,0.0,0.0,0.0
6700,0.0,0.0,0.0,0.0
6701,0.0,0.0,0.0,0.0
6702,0.0,0.0,0.0,0.0
6703,0.0,0.0,0.0,0.0
6704,0.0,0.0,0.0,0.0
6705,0.0,0.0,0.0,0.0
6706,0.0,0.0,0.0,0.0
6707,0.0,0.0,0.0,0.0
6708,0.0,0.0,0.0,0.0
6709,0.0,0.0,0.0,0.0
6710,0.0,0.0,0.0,0.0
6711,0.0,0.0,0.0,0.0
6712,0.0,0.0,0.0,0.0
6713,0.0,0.0,0.0,0.0
6714,0.0,0.0,0.0,0.0
6715,0.0,0.0,0.0,0.0
6716,0.0,0.0,0.0,0.0
6717,0.0,0.0,0.0,0.0
6718,0.0,0.0,0.0,0.0
6719,0.0,0.0,0.0,0.0
6720,0.0,0.0,0.0,0.0
6721,0.0,0.0,0.0,0.0
6722,0.0,0.0,0.0,0.0
6723,0.0,0.0,0.0,0.0
6724,0.0,0.0,0.0,0.0
6725,0.0,0.0,0.0,0.0
6726,0.0,0.0,0.0,0.0
6727,0.0,0.0,0.0,0.0
6728,0.0,0.0,0.0,0.0
6729,0.0,0.0,0.0,0.0
6730,0.0,0.0,0.0,0.0
6731,0.0,0.0,0.0,0.0
6732,0.0,0.0,0.0,0.0
6733,0.0,0.0,0.0,0.0
6734,0.0,0.0,0.0,0.0
6735,0.0,0.0,0.0,0.0
6736,0.0,0.0,0.0,0.0
6737,0.0,0.0,0.0,0.0
6738,0.0,0.0,0.0,0.0
6739,0.0,0.0,0.0,0.0
6740,0.0,0.0,0.0,0.0
6741,0.0,0.0,0.0,0.0
6742,0.0,0.0,0.0,0.0
6743,0.0,0.0,0.0,0.0
6744,0.0,0.0,0.0,0.0
6745,0.0,0.0,0.0,0.0
6746,0.0,0.0,0.0,0.0
6747,0.0,0.0,0.0,0.0
6748,0.0,0.0,0.0,0.0
6749,0.0,0.0,0.0,0.0
6750,0.0,0.0,0.0,0.0
6751,0.0,0.0,0.0,0.0
6752,0.0,0.0,0.0,0.0
6753,0.0,0.0,0.0,0.0
6754,0.0,0.0,0.0,0.0
6755,0.0,0.0,0.0,0.0
6756,0.0,0.0,0.0,0.0
6757,0.0,0.0,0.0,0.0
6758,0.0,0.0,0.0,0.0
6759,0.0,0.0,0.0,0.0
6760,0.0,0.0,0.0,0.0
6761,0.0,0.0,0.0,0.0
6762,0.0,0.0,0.0,0.0
6763,0.0,0.0,0.0,0.0
6764,0.0,0.0,0.0,0.0
6765,0.0,0.0,0.0,0.0
6766,0.0,0.0,0.0,0.0
6767,0.0,0.0,0.0,0.0
6768,0.0,0.0,0.0,0.0
6769,0.0,0.0,0.0,0.0
6770,0.0,0.0,0.0,0.0
6771,0.0,0.0,0.0,0.0
6772,0.0,0.0,0.0,0.0
6773,0.0,0.0,0.0,0.0
6774,0.0,0.0,0.0,0.0
6775,0.0,0.0,0.0,0.0
6776,0.0,0.0,0.0,0.0
6777,0.0,0.0,0.0,0.0
6778,0.0,0.0,0.0,0.0
6779,0.0,0.0,0.0,0.0
6780,0.0,0.0,0.0,0.0
6781,0.0,0.0,0.0,0.0
6782,0.0,0.0,0.0,0.0
6783,0.0,0.0,0.0,0.0
6784,0.0,0.0,0.0,0.0
6785,0.0,0.0,0.0,0.0
6786,0.0,0.0,0.0,0.0
6787,0.0,0.0,0.0,0.0
6788,0.0,0.0,0.0,0.0
6789,0.0,0.0,0.0,0.0
6790,0.0,0.0,0.0,0.0
6791,0.0,0.0,0.0,0.0
6792,0.0,0.0,0.0,0.0
6793,0.0,0.0,0.0,0.0
6794,0.0,0.0,0.0,0.0
6795,0.0,0.0,0.0,0.0
6796,0.0,0.0,0.0,0.0
6797,0.0,0.0,0.0,0.0
6798,0.0,0.0,0.0,0.0
6799,0.0,0.0,0.0,0.0
6800,0.0,0.0,0.0,0.0
6801,0.0,0.0,0.0,0.0
6802,0.0,0.0,0.0,0.0
6803,0.0,0.0,0.0,0.0
6804,0.0,0.0,0.0,0.0
6805,0.0,0.0,0.0,0.0
6806,0.0,0.0,0.0,0.0
6807,0.0,0.0,0.0,0.0
6808,0.0,0.0,0.0,0.0
6809,0.0,0.0,0.0,0.0
6810,0.0,0.0,0.0,0.0
6811,0.0,0.0,0.0,0.0
6812,0.0,0.0,0.0,0.0
6813,0.0,0.0,0.0,0.0
6814,0.0,0.0,0.0,0.0
6815,0.0,0.0,0.0,0.0
6816,0.0,0.0,0.0,0.0
6817,0.0,0.0,0.0,0.0
6818,0.0,0.0,0.0,0.0
6819,0.0,0.0,0.0,0.0
6820,0.0,0.0,0.0,0.0
6821,0.0,0.0,0.0,0.0
6822,0.0,0.0,0.0,0.0
6823,0.0,0.0,0.0,0.0
6824,0.0,0.0,0.0,0.0
6825,0.0,0.0,0.0,0.0
6826,0.0,0.0,0.0,0.0
6827,0.0,0.0,0.0,0.0
6828,0.0,0.0,0.0,0.0
6829,0.0,0.0,0.0,0.0
6830,0.0,0.0,0.0,0.0
6831,0.0,0.0,0.0,0.0
6832,0.0,0.0,0.0,0.0
6833,0.0,0.0,0.0,0.0
6834,0.0,0.0,0.0,0.0
6835,0.0,0.0,0.0,0.0
6836,0.0,0.0,0.0,0.0
6837,0.0,0.0,0.0,0.0
6838,0.0,0.0,0.0,0.0
6839,0.0,0.0,0.0,0.0
6840,0.0,0.0,0.0,0.0
6841,0.0,0.0,0.0,0.0
6842,0.0,0.0,0.0,0.0
6843,0.0,0.0,0.0,0.0
6844,0.0,0.0,0.0,0.0
6845,0.0,0.0,0.0,0.0
6846,0.0,0.0,0.0,0.0
6847,0.0,0.0,0.0,0.0
6848,0.0,0.0,0.0,0.0
6849,0.0,0.0,0.0,0.0
6850,0.0,0.0,0.0,0.0
6851,0.0,0.0,0.0,0.0
6852,0.0,0.0,0.0,0.0
6853,0.0,0.0,0.0,0.0
6854,0.0,0.0,0.0,0.0
6855,0.0,0.0,0.0,0.0
6856,0.0,0.0,0.0,0.0
6857,0.0,0.0,0.0,0.0
6858,0.0,0.0,0.0,0.0
6859,0.0,0.0,0.0,0.0
6860,0.0,0.0,0.0,0.0
6861,0.0,0.0,0.0,0.0
6862,0.0,0.0,0.0,0.0
6863,0.0,0.0,0.0,0.0
6864,0.0,0.0,0.0,0.0
6865,0.0,0.0,0.0,0.0
6866,0.0,0.0,0.0,0.0
6867,0.0,0.0,0.0,0.0
6868,0.0,0.0,0.0,0.0
6869,0.0,0.0,0.0,0.0
6870,0.0,0.0,0.0,0.0
6871,0.0,0.0,0.0,0.0
6872,0.0,0.0,0.0,0.0
6873,0.0,0.0,0.0,0.0
6874,0.0,0.0,0.0,0.0
6875,0.0,0.0,0.0,0.0
6876,0.0,0.0,0.0,0.0
6877,0.0,0.0,0.0,0.0
6878,0.0,0.0,0.0,0.0
6879,0.0,0.0,0.0,0.0
6880,0.0,0.0,0.0,0.0
6881,0.0,0.0,0.0,0.0
6882,0.0,0.0,0.0,0.0
6883,0.0,0.0,0.0,0.0
6884,0.0,0.0,0.0,0.0
6885,0.0,0.0,0.0,0.0
6886,0.0,0.0,0.0,0.0
6887,0.0,0.0,0.0,0.0
6888,0.0,0.0,0.0,0.0
6889,0.0,0.0,0.0,0.0
6890,0.0,0.0,0.0,0.0
6891,0.0,0.0,0.0,0.0
6892,0.0,0.0,0.0,0.0
6893,0.0,0.0,0.0,0.0
6894,0.0,0.0,0.0,0.0
6895,0.0,0.0,0.0,0.0
6896,0.0,0.0,0.0,0.0
6897,0.0,0.0,0.0,0.0
6898,0.0,0.0,0.0,0.0
6899,0.0,0.0,0.0,0.0
6900,0.0,0.0,0.0,0.0
6901,0.0,0.0,0.0,0.0
6902,0.0,0.0,0.0,0.0
6903,0.0,0.0,0.0,0.0
6904,0.0,0.0,0.0,0.0
6905,0.0,0.0,0.0,0.0
6906,0.0,0.0,0.0,0.0
6907,0.0,0.0,0.0,0.0
6908,0.0,0.0,0.0,0.0
6909,0.0,0.0,0.0,0.0
6910,0.0,0.0,0.0,0.0
6911,0.0,0.0,0.0,0.0
6912,0.0,0.0,0.0,0.0
6913,0.0,0.0,0.0,0.0
6914,0.0,0.0,0.0,0.0
6915,0.0,0.0,0.0,0.0
6916,0.0,0.0,0.0,0.0
6917,0.0,0.0,0.0,0.0
6918,0.0,0.0,0.0,0.0
6919,0.0,0.0,0.0,0.0
6920,0.0,0.0,0.0,0.0
6921,0.0,0.0,0.0,0.0
6922,0.0,0.0,0.0,0.0
6923,0.0,0.0,0.0,0.0
6924,0.0,0.0,0.0,0.0
6925,0.0,0.0,0.0,0.0
6926,0.0,0.0,0.0,0.0
6927,0.0,0.0,0.0,0.0
6928,0.0,0.0,0.0,0.0
6929,0.0,0.0,0.0,0.0
6930,0.0,0.0,0.0,0.0
6931,0.0,0.0,0.0,0.0
6932,0.0,0.0,0.0,0.0
6933,0.0,0.0,0.0,0.0
6934,0.0,0.0,0.0,0.0
6935,0.0,0.0,0.0,0.0
6936,0.0,0.0,0.0,0.0
6937,0.0,0.0,0.0,0.0
6938,0.0,0.0,0.0,0.0
6939,0.0,0.0,0.0,0.0
6940,0.0,0.0,0.0,0.0
6941,0.0,0.0,0.0,0.0
6942,0.0,0.0,0.0,0.0
6943,0.0,0.0,0.0,0.0
6944,0.0,0.0,0.0,0.0
6945,0.0,0.0,0.0,0.0
6946,0.0,0.0,0.0,0.0
6947,0.0,0.0,0.0,0.0
6948,0.0,0.0,0.0,0.0
6949,0.0,0.0,0.0,0.0
6950,0.0,0.0,0.0,0.0
6951,0.0,0.0,0.0,0.0
6952,0.0,0.0,0.0,0.0
6953,0.0,0.0,0.0,0.0
6954,0.0,0.0,0.0,0.0
6955,0.0,0.0,0.0,0.0
6956,0.0,0.0,0.0,0.0
6957,0.0,0.0,0.0,0.0
6958,0.0,0.0,0.0,0.0
6959,0.0,0.0,0.0,0.0
6960,0.0,0.0,0.0,0.0
6961,0.0,0.0,0.0,0.0
6962,0.0,0.0,0.0,0.0
6963,0.0,0.0,0.0,0.0
6964,0.0,0.0,0.0,0.0
6965,0.0,0.0,0.0,0.0
6966,0.0,0.0,0.0,0.0
6967,0.0,0.0,0.0,0.0
6968,0.0,0.0,0.0,0.0
6969,0.0,0.0,0.0,0.0
6970,0.0,0.0,0.0,0.0
6971,0.0,0.0,0.0,0.0
6972,0.0,0.0,0.0,0.0
6973,0.0,0.0,0.0,0.0
6974,0.0,0.0,0.0,0.0
6975,0.0,0.0,0.0,0.0
6976,0.0,0.0,0.0,0.0
6977,0.0,0.0,0.0,0.0
6978,0.0,0.0,0.0,0.0
6979,0.0,0.0,0.0,0.0
6980,0.0,0.0,0.0,0.0
6981,0.0,0.0,0.0,0.0
6982,0.0,0.0,0.0,0.0
6983,0.0,0.0,0.0,0.0
6984,0.0,0.0,0.0,0.0
6985,0.0,0.0,0.0,0.0
6986,0.0,0.0,0.0,0.0
6987,0.0,0.0,0.0,0.0
6988,0.0,0.0,0.0,0.0
6989,0.0,0.0,0.0,0.0
6990,0.0,0.0,0.0,0.0
6991,0.0,0.0,0.0,0.0
6992,0.0,0.0,0.0,0.0
6993,0.0,0.0,0.0,0.0
6994,0.0,0.0,0.0,0.0
6995,0.0,0.0,0.0,0.0
6996,0.0,0.0,0.0,0.0
6997,0.0,0.0,0.0,0.0
6998,0.0,0.0,0.0,0.0
6999,0.0,0.0,0.0,0.0
7000,0.0,0.0,0.0,0.0
7001,0.0,0.0,0.0,0.0
7002,0.0,0.0,0.0,0.0
7003,0.0,0.0,0.0,0.0
7004,0.0,0.0,0.0,0.0
7005,0.0,0.0,0.0,0.0
7006,0.0,0.0,0.0,0.0
7007,0.0,0.0,0.0,0.0
7008,0.0,0.0,0.0,0.0
7009,0.0,0.0,0.0,0.0
7010,0.0,0.0,0.0,0.0
7011,0.0,0.0,0.0,0.0
7012,0.0,0.0,0.0,0.0
7013,0.0,0.0,0.0,0.0
7014,0.0,0.0,0.0,0.0
7015,0.0,0.0,0.0,0.0
7016,0.0,0.0,0.0,0.0
7017,0.0,0.0,0.0,0.0
7018,0.0,0.0,0.0,0.0
7019,0.0,0.0,0.0,0.0
7020,0.0,0.0,0.0,0.0
7021,0.0,0.0,0.0,0.0
7022,0.0,0.0,0.0,0.0
7023,0.0,0.0,0.0,0.0
7024,0.0,0.0,0.0,0.0
7025,0.0,0.0,0.0,0.0
7026,0.0,0.0,0.0,0.0
7027,0.0,0.0,0.0,0.0
7028,0.0,0.0,0.0,0.0
7029,0.0,0.0,0.0,0.0
7030,0.0,0.0,0.0,0.0
7031,0.0,0.0,0.0,0.0
7032,0.0,0.0,0.0,0.0
7033,0.0,0.0,0.0,0.0
7034,0.0,0.0,0.0,0.0
7035,0.0,0.0,0.0,0.0
7036,0.0,0.0,0.0,0.0
7037,0.0,0.0,0.0,0.0
7038,0.0,0.0,0.0,0.0
7039,0.0,0.0,0.0,0.0
7040,0.0,0.0,0.0,0.0
7041,0.0,0.0,0.0,0.0
7042,0.0,0.0,0.0,0.0
7043,0.0,0.0,0.0,0.0
7044,0.0,0.0,0.0,0.0
7045,0.0,0.0,0.0,0.0
7046,0.0,0.0,0.0,0.0
7047,0.0,0.0,0.0,0.0
7048,0.0,0.0,0.0,0.0
7049,0.0,0.0,0.0,0.0
7050,0.0,0.0,0.0,0.0
7051,0.0,0.0,0.0,0.0
7052,0.0,0.0,0.0,0.0
7053,0.0,0.0,0.0,0.0
7054,0.0,0.0,0.0,0.0
7055,0.0,0.0,0.0,0.0
7056,0.0,0.0,0.0,0.0
7057,0.0,0.0,0.0,0.0
7058,0.0,0.0,0.0,0.0
7059,0.0,0.0,0.0,0.0
7060,0.0,0.0,0.0,0.0
7061,0.0,0.0,0.0,0.0
7062,0.0,0.0,0.0,0.0
7063,0.0,0.0,0.0,0.0
7064,0.0,0.0,0.0,0.0
7065,0.0,0.0,0.0,0.0
7066,0.0,0.0,0.0,0.0
7067,0.0,0.0,0.0,0.0
7068,0.0,0.0,0.0,0.0
7069,0.0,0.0,0.0,0.0
7070,0.0,0.0,0.0,0.0
7071,0.0,0.0,0.0,0.0
7072,0.0,0.0,0.0,0.0
7073,0.0,0.0,0.0,0.0
7074,0.0,0.0,0.0,0.0
7075,0.0,0.0,0.0,0.0
7076,0.0,0.0,0.0,0.0
7077,0.0,0.0,0.0,0.0
7078,0.0,0.0,0.0,0.0
7079,0.0,0.0,0.0,0.0
7080,0.0,0.0,0.0,0.0
7081,0.0,0.0,0.0,0.0
7082,0.0,0.0,0.0,0.0
7083,0.0,0.0,0.0,0.0
7084,0.0,0.0,0.0,0.0
7085,0.0,0.0,0.0,0.0
7086,0.0,0.0,0.0,0.0
7087,0.0,0.0,0.0,0.0
7088,0.0,0.0,0.0,0.0
7089,0.0,0.0,0.0,0.0
7090,0.0,0.0,0.0,0.0
7091,0.0,0.0,0.0,0.0
7092,0.0,0.0,0.0,0.0
7093,0.0,0.0,0.0,0.0
7094,0.0,0.0,0.0,0.0
7095,0.0,0.0,0.0,0.0
7096,0.0,0.0,0.0,0.0
7097,0.0,0.0,0.0,0.0
7098,0.0,0.0,0.0,0.0
7099,0.0,0.0,0.0,0.0
7100,0.0,0.0,0.0,0.0
7101,0.0,0.0,0.0,0.0
7102,0.0,0.0,0.0,0.0
7103,0.0,0.0,0.0,0.0
7104,0.0,0.0,0.0,0.0
7105,0.0,0.0,0.0,0.0
7106,0.0,0.0,0.0,0.0
7107,0.0,0.0,0.0,0.0
7108,0.0,0.0,0.0,0.0
7109,0.0,0.0,0.0,0.0
7110,0.0,0.0,0.0,0.0
7111,0.0,0.0,0.0,0.0
7112,0.0,0.0,0.0,0.0
7113,0.0,0.0,0.0,0.0
7114,0.0,0.0,0.0,0.0
7115,0.0,0.0,0.0,0.0
7116,0.0,0.0,0.0,0.0
7117,0.0,0.0,0.0,0.0
7118,0.0,0.0,0.0,0.0
7119,0.0,0.0,0.0,0.0
7120,0.0,0.0,0.0,0.0
7121,0.0,0.0,0.0,0.0
7122,0.0,0.0,0.0,0.0
7123,0.0,0.0,0.0,0.0
7124,0.0,0.0,0.0,0.0
7125,0.0,0.0,0.0,0.0
7126,0.0,0.0,0.0,0.0
7127,0.0,0.0,0.0,0.0
7128,0.0,0.0,0.0,0.0
7129,0.0,0.0,0.0,0.0
7130,0.0,0.0,0.0,0.0
7131,0.0,0.0,0.0,0.0
7132,0.0,0.0,0.0,0.0
7133,0.0,0.0,0.0,0.0
7134,0.0,0.0,0.0,0.0
7135,0.0,0.0,0.0,0.0
7136,0.0,0.0,0.0,0.0
7137,0.0,0.0,0.0,0.0
7138,0.0,0.0,0.0,0.0
7139,0.0,0.0,0.0,0.0
7140,0.0,0.0,0.0,0.0
7141,0.0,0.0,0.0,0.0
7142,0.0,0.0,0.0,0.0
7143,0.0,0.0,0.0,0.0
7144,0.0,0.0,0.0,0.0
7145,0.0,0.0,0.0,0.0
7146,0.0,0.0,0.0,0.0
7147,0.0,0.0,0.0,0.0
7148,0.0,0.0,0.0,0.0
7149,0.0,0.0,0.0,0.0
7150,0.0,0.0,0.0,0.0
7151,0.0,0.0,0.0,0.0
7152,0.0,0.0,0.0,0.0
7153,0.0,0.0,0.0,0.0
7154,0.0,0.0,0.0,0.0
7155,0.0,0.0,0.0,0.0
7156,0.0,0.0,0.0,0.0
7157,0.0,0.0,0.0,0.0
7158,0.0,0.0,0.0,0.0
7159,0.0,0.0,0.0,0.0
7160,0.0,0.0,0.0,0.0
7161,0.0,0.0,0.0,0.0
7162,0.0,0.0,0.0,0.0
7163,0.0,0.0,0.0,0.0
7164,0.0,0.0,0.0,0.0
7165,0.0,0.0,0.0,0.0
7166,0.0,0.0,0.0,0.0
7167,0.0,0.0,0.0,0.0
7168,0.0,0.0,0.0,0.0
7169,0.0,0.0,0.0,0.0
7170,0.0,0.0,0.0,0.0
7171,0.0,0.0,0.0,0.0
7172,0.0,0.0,0.0,0.0
7173,0.0,0.0,0.0,0.0
7174,0.0,0.0,0.0,0.0
7175,0.0,0.0,0.0,0.0
7176,0.0,0.0,0.0,0.0
7177,0.0,0.0,0.0,0.0
7178,0.0,0.0,0.0,0.0
7179,0.0,0.0,0.0,0.0
7180,0.0,0.0,0.0,0.0
7181,0.0,0.0,0.0,0.0
7182,0.0,0.0,0.0,0.0
7183,0.0,0.0,0.0,0.0
7184,0.0,0.0,0.0,0.0
7185,0.0,0.0,0.0,0.0
7186,0.0,0.0,0.0,0.0
7187,0.0,0.0,0.0,0.0
7188,0.0,0.0,0.0,0.0
7189,0.0,0.0,0.0,0.0
7190,0.0,0.0,0.0,0.0
7191,0.0,0.0,0.0,0.0
7192,0.0,0.0,0.0,0.0
7193,0.0,0.0,0.0,0.0
7194,0.0,0.0,0.0,0.0
7195,0.0,0.0,0.0,0.0
7196,0.0,0.0,0.0,0.0
7197,0.0,0.0,0.0,0.0
7198,0.0,0.0,0.0,0.0
7199,0.0,0.0,0.0,0.0
7200,0.0,0.0,0.0,0.0
7201,0.0,0.0,0.0,0.0
7202,0.0,0.0,0.0,0.0
7203,0.0,0.0,0.0,0.0
7204,0.0,0.0,0.0,0.0
7205,0.0,0.0,0.0,0.0
7206,0.0,0.0,0.0,0.0
7207,0.0,0.0,0.0,0.0
7208,0.0,0.0,0.0,0.0
7209,0.0,0.0,0.0,0.0
7210,0.0,0.0,0.0,0.0
7211,0.0,0.0,0.0,0.0
7212,0.0,0.0,0.0,0.0
7213,0.0,0.0,0.0,0.0
7214,0.0,0.0,0.0,0.0
7215,0.0,0.0,0.0,0.0
7216,0.0,0.0,0.0,0.0
7217,0.0,0.0,0.0,0.0
7218,0.0,0.0,0.0,0.0
7219,0.0,0.0,0.0,0.0
7220,0.0,0.0,0.0,0.0
7221,0.0,0.0,0.0,0.0
7222,0.0,0.0,0.0,0.0
7223,0.0,0.0,0.0,0.0
7224,0.0,0.0,0.0,0.0
7225,0.0,0.0,0.0,0.0
7226,0.0,0.0,0.0,0.0
7227,0.0,0.0,0.0,0.0
7228,0.0,0.0,0.0,0.0
7229,0.0,0.0,0.0,0.0
7230,0.0,0.0,0.0,0.0
7231,0.0,0.0,0.0,0.0
7232,0.0,0.0,0.0,0.0
7233,0.0,0.0,0.0,0.0
7234,0.0,0.0,0.0,0.0
7235,0.0,0.0,0.0,0.0
7236,0.0,0.0,0.0,0.0
7237,0.0,0.0,0.0,0.0
7238,0.0,0.0,0.0,0.0
7239,0.0,0.0,0.0,0.0
7240,0.0,0.0,0.0,0.0
7241,0.0,0.0,0.0,0.0
7242,0.0,0.0,0.0,0.0
7243,0.0,0.0,0.0,0.0
7244,0.0,0.0,0.0,0.0
7245,0.0,0.0,0.0,0.0
7246,0.0,0.0,0.0,0.0
7247,0.0,0.0,0.0,0.0
7248,0.0,0.0,0.0,0.0
7249,0.0,0.0,0.0,0.0
7250,0.0,0.0,0.0,0.0
7251,0.0,0.0,0.0,0.0
7252,0.0,0.0,0.0,0.0
7253,0.0,0.0,0.0,0.0
7254,0.0,0.0,0.0,0.0
7255,0.0,0.0,0.0,0.0
7256,0.0,0.0,0.0,0.0
7257,0.0,0.0,0.0,0.0
7258,0.0,0.0,0.0,0.0
7259,0.0,0.0,0.0,0.0
7260,0.0,0.0,0.0,0.0
7261,0.0,0.0,0.0,0.0
7262,0.0,0.0,0.0,0.0
7263,0.0,0.0,0.0,0.0
7264,0.0,0.0,0.0,0.0
7265,0.0,0.0,0.0,0.0
7266,0.0,0.0,0.0,0.0
7267,0.0,0.0,0.0,0.0
7268,0.0,0.0,0.0,0.0
7269,0.0,0.0,0.0,0.0
7270,0.0,0.0,0.0,0.0
7271,0.0,0.0,0.0,0.0
7272,0.0,0.0,0.0,0.0
7273,0.0,0.0,0.0,0.0
7274,0.0,0.0,0.0,0.0
7275,0.0,0.0,0.0,0.0
7276,0.0,0.0,0.0,0.0
7277,0.0,0.0,0.0,0.0
7278,0.0,0.0,0.0,0.0
7279,0.0,0.0,0.0,0.0
7280,0.0,0.0,0.0,0.0
7281,0.0,0.0,0.0,0.0
7282,0.0,0.0,0.0,0.0
7283,0.0,0.0,0.0,0.0
7284,0.0,0.0,0.0,0.0
7285,0.0,0.0,0.0,0.0
7286,0.0,0.0,0.0,0.0
7287,0.0,0.0,0.0,0.0
7288,0.0,0.0,0.0,0.0
7289,0.0,0.0,0.0,0.0
7290,0.0,0.0,0.0,0.0
7291,0.0,0.0,0.0,0.0
7292,0.0,0.0,0.0,0.0
7293,0.0,0.0,0.0,0.0
7294,0.0,0.0,0.0,0.0
7295,0.0,0.0,0.0,0.0
7296,0.0,0.0,0.0,0.0
7297,0.0,0.0,0.0,0.0
7298,0.0,0.0,0.0,0.0
7299,0.0,0.0,0.0,0.0
7300,0.0,0.0,0.0,0.0
7301,0.0,0.0,0.0,0.0
7302,0.0,0.0,0.0,0.0
7303,0.0,0.0,0.0,0.0
7304,0.0,0.0,0.0,0.0
7305,0.0,0.0,0.0,0.0
7306,0.0,0.0,0.0,0.0
7307,0.0,0.0,0.0,0.0
7308,0.0,0.0,0.0,0.0
7309,0.0,0.0,0.0,0.0
7310,0.0,0.0,0.0,0.0
7311,0.0,0.0,0.0,0.0
7312,0.0,0.0,0.0,0.0
7313,0.0,0.0,0.0,0.0
7314,0.0,0.0,0.0,0.0
7315,0.0,0.0,0.0,0.0
7316,0.0,0.0,0.0,0.0
7317,0.0,0.0,0.0,0.0
7318,0.0,0.0,0.0,0.0
7319,0.0,0.0,0.0,0.0
7320,0.0,0.0,0.0,0.0
7321,0.0,0.0,0.0,0.0
7322,0.0,0.0,0.0,0.0
7323,0.0,0.0,0.0,0.0
7324,0.0,0.0,0.0,0.0
7325,0.0,0.0,0.0,0.0
7326,0.0,0.0,0.0,0.0
7327,0.0,0.0,0.0,0.0
7328,0.0,0.0,0.0,0.0
7329,0.0,0.0,0.0,0.0
7330,0.0,0.0,0.0,0.0
7331,0.0,0.0,0.0,0.0
7332,0.0,0.0,0.0,0.0
7333,0.0,0.0,0.0,0.0
7334,0.0,0.0,0.0,0.0
7335,0.0,0.0,0.0,0.0
7336,0.0,0.0,0.0,0.0
7337,0.0,0.0,0.0,0.0
7338,0.0,0.0,0.0,0.0
7339,0.0,0.0,0.0,0.0
7340,0.0,0.0,0.0,0.0
7341,0.0,0.0,0.0,0.0
7342,0.0,0.0,0.0,0.0
7343,0.0,0.0,0.0,0.0
7344,0.0,0.0,0.0,0.0
7345,0.0,0.0,0.0,0.0
7346,0.0,0.0,0.0,0.0
7347,0.0,0.0,0.0,0.0
7348,0.0,0.0,0.0,0.0
7349,0.0,0.0,0.0,0.0
7350,0.0,0.0,0.0,0.0
7351,0.0,0.0,0.0,0.0
7352,0.0,0.0,0.0,0.0
7353,0.0,0.0,0.0,0.0
7354,0.0,0.0,0.0,0.0
7355,0.0,0.0,0.0,0.0
7356,0.0,0.0,0.0,0.0
7357,0.0,0.0,0.0,0.0
7358,0.0,0.0,0.0,0.0
7359,0.0,0.0,0.0,0.0
7360,0.0,0.0,0.0,0.0
7361,0.0,0.0,0.0,0.0
7362,0.0,0.0,0.0,0.0
7363,0.0,0.0,0.0,0.0
7364,0.0,0.0,0.0,0.0
7365,0.0,0.0,0.0,0.0
7366,0.0,0.0,0.0,0.0
7367,0.0,0.0,0.0,0.0
7368,0.0,0.0,0.0,0.0
7369,0.0,0.0,0.0,0.0
7370,0.0,0.0,0.0,0.0
7371,0.0,0.0,0.0,0.0
7372,0.0,0.0,0.0,0.0
7373,0.0,0.0,0.0,0.0
7374,0.0,0.0,0.0,0.0
7375,0.0,0.0,0.0,0.0
7376,0.0,0.0,0.0,0.0
7377,0.0,0.0,0.0,0.0
7378,0.0,0.0,0.0,0.0
7379,0.0,0.0,0.0,0.0
7380,0.0,0.0,0.0,0.0
7381,0.0,0.0,0.0,0.0
7382,0.0,0.0,0.0,0.0
7383,0.0,0.0,0.0,0.0
7384,0.0,0.0,0.0,0.0
7385,0.0,0.0,0.0,0.0
7386,0.0,0.0,0.0,0.0
7387,0.0,0.0,0.0,0.0
7388,0.0,0.0,0.0,0.0
7389,0.0,0.0,0.0,0.0
7390,0.0,0.0,0.0,0.0
7391,0.0,0.0,0.0,0.0
7392,0.0,0.0,0.0,0.0
7393,0.0,0.0,0.0,0.0
7394,0.0,0.0,0.0,0.0
7395,0.0,0.0,0.0,0.0
7396,0.0,0.0,0.0,0.0
7397,0.0,0.0,0.0,0.0
7398,0.0,0.0,0.0,0.0
7399,0.0,0.0,0.0,0.0
7400,0.0,0.0,0.0,0.0
7401,0.0,0.0,0.0,0.0
7402,0.0,0.0,0.0,0.0
7403,0.0,0.0,0.0,0.0
7404,0.0,0.0,0.0,0.0
7405,0.0,0.0,0.0,0.0
7406,0.0,0.0,0.0,0.0
7407,0.0,0.0,0.0,0.0
7408,0.0,0.0,0.0,0.0
7409,0.0,0.0,0.0,0.0
7410,0.0,0.0,0.0,0.0
7411,0.0,0.0,0.0,0.0
7412,0.0,0.0,0.0,0.0
7413,0.0,0.0,0.0,0.0
7414,0.0,0.0,0.0,0.0
7415,0.0,0.0,0.0,0.0
7416,0.0,0.0,0.0,0.0
7417,0.0,0.0,0.0,0.0
7418,0.0,0.0,0.0,0.0
7419,0.0,0.0,0.0,0.0
7420,0.0,0.0,0.0,0.0
7421,0.0,0.0,0.0,0.0
7422,0.0,0.0,0.0,0.0
7423,0.0,0.0,0.0,0.0
7424,0.0,0.0,0.0,0.0
7425,0.0,0.0,0.0,0.0
7426,0.0,0.0,0.0,0.0
7427,0.0,0.0,0.0,0.0
7428,0.0,0.0,0.0,0.0
7429,0.0,0.0,0.0,0.0
7430,0.0,0.0,0.0,0.0
7431,0.0,0.0,0.0,0.0
7432,0.0,0.0,0.0,0.0
7433,0.0,0.0,0.0,0.0
7434,0.0,0.0,0.0,0.0
7435,0.0,0.0,0.0,0.0
7436,0.0,0.0,0.0,0.0
7437,0.0,0.0,0.0,0.0
7438,0.0,0.0,0.0,0.0
7439,0.0,0.0,0.0,0.0
7440,0.0,0.0,0.0,0.0
7441,0.0,0.0,0.0,0.0
7442,0.0,0.0,0.0,0.0
7443,0.0,0.0,0.0,0.0
7444,0.0,0.0,0.0,0.0
7445,0.0,0.0,0.0,0.0
7446,0.0,0.0,0.0,0.0
7447,0.0,0.0,0.0,0.0
7448,0.0,0.0,0.0,0.0
7449,0.0,0.0,0.0,0.0
7450,0.0,0.0,0.0,0.0
7451,0.0,0.0,0.0,0.0
7452,0.0,0.0,0.0,0.0
7453,0.0,0.0,0.0,0.0
7454,0.0,0.0,0.0,0.0
7455,0.0,0.0,0.0,0.0
7456,0.0,0.0,0.0,0.0
7457,0.0,0.0,0.0,0.0
7458,0.0,0.0,0.0,0.0
7459,0.0,0.0,0.0,0.0
7460,0.0,0.0,0.0,0.0
7461,0.0,0.0,0.0,0.0
7462,0.0,0.0,0.0,0.0
7463,0.0,0.0,0.0,0.0
7464,0.0,0.0,0.0,0.0
7465,0.0,0.0,0.0,0.0
7466,0.0,0.0,0.0,0.0
7467,0.0,0.0,0.0,0.0
7468,0.0,0.0,0.0,0.0
7469,0.0,0.0,0.0,0.0
7470,0.0,0.0,0.0,0.0
7471,0.0,0.0,0.0,0.0
7472,0.0,0.0,0.0,0.0
7473,0.0,0.0,0.0,0.0
7474,0.0,0.0,0.0,0.0
7475,0.0,0.0,0.0,0.0
7476,0.0,0.0,0.0,0.0
7477,0.0,0.0,0.0,0.0
7478,0.0,0.0,0.0,0.0
7479,0.0,0.0,0.0,0.0
7480,0.0,0.0,0.0,0.0
7481,0.0,0.0,0.0,0.0
7482,0.0,0.0,0.0,0.0
7483,0.0,0.0,0.0,0.0
7484,0.0,0.0,0.0,0.0
7485,0.0,0.0,0.0,0.0
7486,0.0,0.0,0.0,0.0
7487,0.0,0.0,0.0,0.0
7488,0.0,0.0,0.0,0.0
7489,0.0,0.0,0.0,0.0
7490,0.0,0.0,0.0,0.0
7491,0.0,0.0,0.0,0.0
7492,0.0,0.0,0.0,0.0
7493,0.0,0.0,0.0,0.0
7494,0.0,0.0,0.0,0.0
7495,0.0,0.0,0.0,0.0
7496,0.0,0.0,0.0,0.0
7497,0.0,0.0,0.0,0.0
7498,0.0,0.0,0.0,0.0
7499,0.0,0.0,0.0,0.0
7500,0.0,0.0,0.0,0.0
7501,0.0,0.0,0.0,0.0
7502,0.0,0.0,0.0,0.0
7503,0.0,0.0,0.0,0.0
7504,0.0,0.0,0.0,0.0
7505,0.0,0.0,0.0,0.0
7506,0.0,0.0,0.0,0.0
7507,0.0,0.0,0.0,0.0
7508,0.0,0.0,0.0,0.0
7509,0.0,0.0,0.0,0.0
7510,0.0,0.0,0.0,0.0
7511,0.0,0.0,0.0,0.0
7512,0.0,0.0,0.0,0.0
7513,0.0,0.0,0.0,0.0
7514,0.0,0.0,0.0,0.0
7515,0.0,0.0,0.0,0.0
7516,0.0,0.0,0.0,0.0
7517,0.0,0.0,0.0,0.0
7518,0.0,0.0,0.0,0.0
7519,0.0,0.0,0.0,0.0
7520,0.0,0.0,0.0,0.0
7521,0.0,0.0,0.0,0.0
7522,0.0,0.0,0.0,0.0
7523,0.0,0.0,0.0,0.0
7524,0.0,0.0,0.0,0.0
7525,0.0,0.0,0.0,0.0
7526,0.0,0.0,0.0,0.0
7527,0.0,0.0,0.0,0.0
7528,0.0,0.0,0.0,0.0
7529,0.0,0.0,0.0,0.0
7530,0.0,0.0,0.0,0.0
7531,0.0,0.0,0.0,0.0
7532,0.0,0.0,0.0,0.0
7533,0.0,0.0,0.0,0.0
7534,0.0,0.0,0.0,0.0
7535,0.0,0.0,0.0,0.0
7536,0.0,0.0,0.0,0.0
7537,0.0,0.0,0.0,0.0
7538,0.0,0.0,0.0,0.0
7539,0.0,0.0,0.0,0.0
7540,0.0,0.0,0.0,0.0
7541,0.0,0.0,0.0,0.0
7542,0.0,0.0,0.0,0.0
7543,0.0,0.0,0.0,0.0
7544,0.0,0.0,0.0,0.0
7545,0.0,0.0,0.0,0.0
7546,0.0,0.0,0.0,0.0
7547,0.0,0.0,0.0,0.0
7548,0.0,0.0,0.0,0.0
7549,0.0,0.0,0.0,0.0
7550,0.0,0.0,0.0,0.0
7551,0.0,0.0,0.0,0.0
7552,0.0,0.0,0.0,0.0
7553,0.0,0.0,0.0,0.0
7554,0.0,0.0,0.0,0.0
7555,0.0,0.0,0.0,0.0
7556,0.0,0.0,0.0,0.0
7557,0.0,0.0,0.0,0.0
7558,0.0,0.0,0.0,0.0
7559,0.0,0.0,0.0,0.0
7560,0.0,0.0,0.0,0.0
7561,0.0,0.0,0.0,0.0
7562,0.0,0.0,0.0,0.0
7563,0.0,0.0,0.0,0.0
7564,0.0,0.0,0.0,0.0
7565,0.0,0.0,0.0,0.0
7566,0.0,0.0,0.0,0.0
7567,0.0,0.0,0.0,0.0
7568,0.0,0.0,0.0,0.0
7569,0.0,0.0,0.0,0.0
7570,0.0,0.0,0.0,0.0
7571,0.0,0.0,0.0,0.0
7572,0.0,0.0,0.0,0.0
7573,0.0,0.0,0.0,0.0
7574,0.0,0.0,0.0,0.0
7575,0.0,0.0,0.0,0.0
7576,0.0,0.0,0.0,0.0
7577,0.0,0.0,0.0,0.0
7578,0.0,0.0,0.0,0.0
7579,0.0,0.0,0.0,0.0
7580,0.0,0.0,0.0,0.0
7581,0.0,0.0,0.0,0.0
7582,0.0,0.0,0.0,0.0
7583,0.0,0.0,0.0,0.0
7584,0.0,0.0,0.0,0.0
7585,0.0,0.0,0.0,0.0
7586,0.0,0.0,0.0,0.0
7587,0.0,0.0,0.0,0.0
7588,0.0,0.0,0.0,0.0
7589,0.0,0.0,0.0,0.0
7590,0.0,0.0,0.0,0.0
7591,0.0,0.0,0.0,0.0
7592,0.0,0.0,0.0,0.0
7593,0.0,0.0,0.0,0.0
7594,0.0,0.0,0.0,0.0
7595,0.0,0.0,0.0,0.0
7596,0.0,0.0,0.0,0.0
7597,0.0,0.0,0.0,0.0
7598,0.0,0.0,0.0,0.0
7599,0.0,0.0,0.0,0.0
7600,0.0,0.0,0.0,0.0
7601,0.0,0.0,0.0,0.0
7602,0.0,0.0,0.0,0.0
7603,0.0,0.0,0.0,0.0
7604,0.0,0.0,0.0,0.0
7605,0.0,0.0,0.0,0.0
7606,0.0,0.0,0.0,0.0
7607,0.0,0.0,0.0,0.0
7608,0.0,0.0,0.0,0.0
7609,0.0,0.0,0.0,0.0
7610,0.0,0.0,0.0,0.0
7611,0.0,0.0,0.0,0.0
7612,0.0,0.0,0.0,0.0
7613,0.0,0.0,0.0,0.0
7614,0.0,0.0,0.0,0.0
7615,0.0,0.0,0.0,0.0
7616,0.0,0.0,0.0,0.0
7617,0.0,0.0,0.0,0.0
7618,0.0,0.0,0.0,0.0
7619,0.0,0.0,0.0,0.0
7620,0.0,0.0,0.0,0.0
7621,0.0,0.0,0.0,0.0
7622,0.0,0.0,0.0,0.0
7623,0.0,0.0,0.0,0.0
7624,0.0,0.0,0.0,0.0
7625,0.0,0.0,0.0,0.0
7626,0.0,0.0,0.0,0.0
7627,0.0,0.0,0.0,0.0
7628,0.0,0.0,0.0,0.0
7629,0.0,0.0,0.0,0.0
7630,0.0,0.0,0.0,0.0
7631,0.0,0.0,0.0,0.0
7632,0.0,0.0,0.0,0.0
7633,0.0,0.0,0.0,0.0
7634,0.0,0.0,0.0,0.0
7635,0.0,0.0,0.0,0.0
7636,0.0,0.0,0.0,0.0
7637,0.0,0.0,0.0,0.0
7638,0.0,0.0,0.0,0.0
7639,0.0,0.0,0.0,0.0
7640,0.0,0.0,0.0,0.0
7641,0.0,0.0,0.0,0.0
7642,0.0,0.0,0.0,0.0
7643,0.0,0.0,0.0,0.0
7644,0.0,0.0,0.0,0.0
7645,0.0,0.0,0.0,0.0
7646,0.0,0.0,0.0,0.0
7647,0.0,0.0,0.0,0.0
7648,0.0,0.0,0.0,0.0
7649,0.0,0.0,0.0,0.0
7650,0.0,0.0,0.0,0.0
7651,0.0,0.0,0.0,0.0
7652,0.0,0.0,0.0,0.0
7653,0.0,0.0,0.0,0.0
7654,0.0,0.0,0.0,0.0
7655,0.0,0.0,0.0,0.0
7656,0.0,0.0,0.0,0.0
7657,0.0,0.0,0.0,0.0
7658,0.0,0.0,0.0,0.0
7659,0.0,0.0,0.0,0.0
7660,0.0,0.0,0.0,0.0
7661,0.0,0.0,0.0,0.0
7662,0.0,0.0,0.0,0.0
7663,0.0,0.0,0.0,0.0
7664,0.0,0.0,0.0,0.0
7665,0.0,0.0,0.0,0.0
7666,0.0,0.0,0.0,0.0
7667,0.0,0.0,0.0,0.0
7668,0.0,0.0,0.0,0.0
7669,0.0,0.0,0.0,0.0
7670,0.0,0.0,0.0,0.0
7671,0.0,0.0,0.0,0.0
7672,0.0,0.0,0.0,0.0
7673,0.0,0.0,0.0,0.0
7674,0.0,0.0,0.0,0.0
7675,0.0,0.0,0.0,0.0
7676,0.0,0.0,0.0,0.0
7677,0.0,0.0,0.0,0.0
7678,0.0,0.0,0.0,0.0
7679,0.0,0.0,0.0,0.0
7680,0.0,0.0,0.0,0.0
7681,0.0,0.0,0.0,0.0
7682,0.0,0.0,0.0,0.0
7683,0.0,0.0,0.0,0.0
7684,0.0,0.0,0.0,0.0
7685,0.0,0.0,0.0,0.0
7686,0.0,0.0,0.0,0.0
7687,0.0,0.0,0.0,0.0
7688,0.0,0.0,0.0,0.0
7689,0.0,0.0,0.0,0.0
7690,0.0,0.0,0.0,0.0
7691,0.0,0.0,0.0,0.0
7692,0.0,0.0,0.0,0.0
7693,0.0,0.0,0.0,0.0
7694,0.0,0.0,0.0,0.0
7695,0.0,0.0,0.0,0.0
7696,0.0,0.0,0.0,0.0
7697,0.0,0.0,0.0,0.0
7698,0.0,0.0,0.0,0.0
7699,0.0,0.0,0.0,0.0
7700,0.0,0.0,0.0,0.0
7701,0.0,0.0,0.0,0.0
7702,0.0,0.0,0.0,0.0
7703,0.0,0.0,0.0,0.0
7704,0.0,0.0,0.0,0.0
7705,0.0,0.0,0.0,0.0
7706,0.0,0.0,0.0,0.0
7707,0.0,0.0,0.0,0.0
7708,0.0,0.0,0.0,0.0
7709,0.0,0.0,0.0,0.0
7710,0.0,0.0,0.0,0.0
7711,0.0,0.0,0.0,0.0
7712,0.0,0.0,0.0,0.0
7713,0.0,0.0,0.0,0.0
7714,0.0,0.0,0.0,0.0
7715,0.0,0.0,0.0,0.0
7716,0.0,0.0,0.0,0.0
7717,0.0,0.0,0.0,0.0
7718,0.0,0.0,0.0,0.0
7719,0.0,0.0,0.0,0.0
7720,0.0,0.0,0.0,0.0
7721,0.0,0.0,0.0,0.0
7722,0.0,0.0,0.0,0.0
7723,0.0,0.0,0.0,0.0
7724,0.0,0.0,0.0,0.0
7725,0.0,0.0,0.0,0.0
7726,0.0,0.0,0.0,0.0
7727,0.0,0.0,0.0,0.0
7728,0.0,0.0,0.0,0.0
7729,0.0,0.0,0.0,0.0
7730,0.0,0.0,0.0,0.0
7731,0.0,0.0,0.0,0.0
7732,0.0,0.0,0.0,0.0
7733,0.0,0.0,0.0,0.0
7734,0.0,0.0,0.0,0.0
7735,0.0,0.0,0.0,0.0
7736,0.0,0.0,0.0,0.0
7737,0.0,0.0,0.0,0.0
7738,0.0,0.0,0.0,0.0
7739,0.0,0.0,0.0,0.0
7740,0.0,0.0,0.0,0.0
7741,0.0,0.0,0.0,0.0
7742,0.0,0.0,0.0,0.0
7743,0.0,0.0,0.0,0.0
7744,0.0,0.0,0.0,0.0
7745,0.0,0.0,0.0,0.0
7746,0.0,0.0,0.0,0.0
7747,0.0,0.0,0.0,0.0
7748,0.0,0.0,0.0,0.0
7749,0.0,0.0,0.0,0.0
7750,0.0,0.0,0.0,0.0
7751,0.0,0.0,0.0,0.0
7752,0.0,0.0,0.0,0.0
7753,0.0,0.0,0.0,0.0
7754,0.0,0.0,0.0,0.0
7755,0.0,0.0,0.0,0.0
7756,0.0,0.0,0.0,0.0
7757,0.0,0.0,0.0,0.0
7758,0.0,0.0,0.0,0.0
7759,0.0,0.0,0.0,0.0
7760,0.0,0.0,0.0,0.0
7761,0.0,0.0,0.0,0.0
7762,0.0,0.0,0.0,0.0
7763,0.0,0.0,0.0,0.0
7764,0.0,0.0,0.0,0.0
7765,0.0,0.0,0.0,0.0
7766,0.0,0.0,0.0,0.0
7767,0.0,0.0,0.0,0.0
7768,0.0,0.0,0.0,0.0
7769,0.0,0.0,0.0,0.0
7770,0.0,0.0,0.0,0.0
7771,0.0,0.0,0.0,0.0
7772,0.0,0.0,0.0,0.0
7773,0.0,0.0,0.0,0.0
7774,0.0,0.0,0.0,0.0
7775,0.0,0.0,0.0,0.0
7776,0.0,0.0,0.0,0.0
7777,0.0,0.0,0.0,0.0
7778,0.0,0.0,0.0,0.0
7779,0.0,0.0,0.0,0.0
7780,0.0,0.0,0.0,0.0
7781,0.0,0.0,0.0,0.0
7782,0.0,0.0,0.0,0.0
7783,0.0,0.0,0.0,0.0
7784,0.0,0.0,0.0,0.0
7785,0.0,0.0,0.0,0.0
7786,0.0,0.0,0.0,0.0
7787,0.0,0.0,0.0,0.0
7788,0.0,0.0,0.0,0.0
7789,0.0,0.0,0.0,0.0
7790,0.0,0.0,0.0,0.0
7791,0.0,0.0,0.0,0.0
7792,0.0,0.0,0.0,0.0
7793,0.0,0.0,0.0,0.0
7794,0.0,0.0,0.0,0.0
7795,0.0,0.0,0.0,0.0
7796,0.0,0.0,0.0,0.0
7797,0.0,0.0,0.0,0.0
7798,0.0,0.0,0.0,0.0
7799,0.0,0.0,0.0,0.0
7800,0.0,0.0,0.0,0.0
7801,0.0,0.0,0.0,0.0
7802,0.0,0.0,0.0,0.0
7803,0.0,0.0,0.0,0.0
7804,0.0,0.0,0.0,0.0
7805,0.0,0.0,0.0,0.0
7806,0.0,0.0,0.0,0.0
7807,0.0,0.0,0.0,0.0
7808,0.0,0.0,0.0,0.0
7809,0.0,0.0,0.0,0.0
7810,0.0,0.0,0.0,0.0
7811,0.0,0.0,0.0,0.0
7812,0.0,0.0,0.0,0.0
7813,0.0,0.0,0.0,0.0
7814,0.0,0.0,0.0,0.0
7815,0.0,0.0,0.0,0.0
7816,0.0,0.0,0.0,0.0
7817,0.0,0.0,0.0,0.0
7818,0.0,0.0,0.0,0.0
7819,0.0,0.0,0.0,0.0
7820,0.0,0.0,0.0,0.0
7821,0.0,0.0,0.0,0.0
7822,0.0,0.0,0.0,0.0
7823,0.0,0.0,0.0,0.0
7824,0.0,0.0,0.0,0.0
7825,0.0,0.0,0.0,0.0
7826,0.0,0.0,0.0,0.0
7827,0.0,0.0,0.0,0.0
7828,0.0,0.0,0.0,0.0
7829,0.0,0.0,0.0,0.0
7830,0.0,0.0,0.0,0.0
7831,0.0,0.0,0.0,0.0
7832,0.0,0.0,0.0,0.0
7833,0.0,0.0,0.0,0.0
7834,0.0,0.0,0.0,0.0
7835,0.0,0.0,0.0,0.0
7836,0.0,0.0,0.0,0.0
7837,0.0,0.0,0.0,0.0
7838,0.0,0.0,0.0,0.0
7839,0.0,0.0,0.0,0.0
7840,0.0,0.0,0.0,0.0
7841,0.0,0.0,0.0,0.0
7842,0.0,0.0,0.0,0.0
7843,0.0,0.0,0.0,0.0
7844,0.0,0.0,0.0,0.0
7845,0.0,0.0,0.0,0.0
7846,0.0,0.0,0.0,0.0
7847,0.0,0.0,0.0,0.0
7848,0.0,0.0,0.0,0.0
7849,0.0,0.0,0.0,0.0
7850,0.0,0.0,0.0,0.0
7851,0.0,0.0,0.0,0.0
7852,0.0,0.0,0.0,0.0
7853,0.0,0.0,0.0,0.0
7854,0.0,0.0,0.0,0.0
7855,0.0,0.0,0.0,0.0
7856,0.0,0.0,0.0,0.0
7857,0.0,0.0,0.0,0.0
7858,0.0,0.0,0.0,0.0
7859,0.0,0.0,0.0,0.0
7860,0.0,0.0,0.0,0.0
7861,0.0,0.0,0.0,0.0
7862,0.0,0.0,0.0,0.0
7863,0.0,0.0,0.0,0.0
7864,0.0,0.0,0.0,0.0
7865,0.0,0.0,0.0,0.0
7866,0.0,0.0,0.0,0.0
7867,0.0,0.0,0.0,0.0
7868,0.0,0.0,0.0,0.0
7869,0.0,0.0,0.0,0.0
7870,0.0,0.0,0.0,0.0
7871,0.0,0.0,0.0,0.0
7872,0.0,0.0,0.0,0.0
7873,0.0,0.0,0.0,0.0
7874,0.0,0.0,0.0,0.0
7875,0.0,0.0,0.0,0.0
7876,0.0,0.0,0.0,0.0
7877,0.0,0.0,0.0,0.0
7878,0.0,0.0,0.0,0.0
7879,0.0,0.0,0.0,0.0
7880,0.0,0.0,0.0,0.0
7881,0.0,0.0,0.0,0.0
7882,0.0,0.0,0.0,0.0
7883,0.0,0.0,0.0,0.0
7884,0.0,0.0,0.0,0.0
7885,0.0,0.0,0.0,0.0
7886,0.0,0.0,0.0,0.0
7887,0.0,0.0,0.0,0.0
7888,0.0,0.0,0.0,0.0
7889,0.0,0.0,0.0,0.0
7890,0.0,0.0,0.0,0.0
7891,0.0,0.0,0.0,0.0
7892,0.0,0.0,0.0,0.0
7893,0.0,0.0,0.0,0.0
7894,0.0,0.0,0.0,0.0
7895,0.0,0.0,0.0,0.0
7896,0.0,0.0,0.0,0.0
7897,0.0,0.0,0.0,0.0
7898,0.0,0.0,0.0,0.0
7899,0.0,0.0,0.0,0.0
7900,0.0,0.0,0.0,0.0
7901,0.0,0.0,0.0,0.0
7902,0.0,0.0,0.0,0.0
7903,0.0,0.0,0.0,0.0
7904,0.0,0.0,0.0,0.0
7905,0.0,0.0,0.0,0.0
7906,0.0,0.0,0.0,0.0
7907,0.0,0.0,0.0,0.0
7908,0.0,0.0,0.0,0.0
7909,0.0,0.0,0.0,0.0
7910,0.0,0.0,0.0,0.0
7911,0.0,0.0,0.0,0.0
7912,0.0,0.0,0.0,0.0
7913,0.0,0.0,0.0,0.0
7914,0.0,0.0,0.0,0.0
7915,0.0,0.0,0.0,0.0
7916,0.0,0.0,0.0,0.0
7917,0.0,0.0,0.0,0.0
7918,0.0,0.0,0.0,0.0
7919,0.0,0.0,0.0,0.0
7920,0.0,0.0,0.0,0.0
7921,0.0,0.0,0.0,0.0
7922,0.0,0.0,0.0,0.0
7923,0.0,0.0,0.0,0.0
7924,0.0,0.0,0.0,0.0
7925,0.0,0.0,0.0,0.0
7926,0.0,0.0,0.0,0.0
7927,0.0,0.0,0.0,0.0
7928,0.0,0.0,0.0,0.0
7929,0.0,0.0,0.0,0.0
7930,0.0,0.0,0.0,0.0
7931,0.0,0.0,0.0,0.0
7932,0.0,0.0,0.0,0.0
7933,0.0,0.0,0.0,0.0
7934,0.0,0.0,0.0,0.0
7935,0.0,0.0,0.0,0.0
7936,0.0,0.0,0.0,0.0
7937,0.0,0.0,0.0,0.0
7938,0.0,0.0,0.0,0.0
7939,0.0,0.0,0.0,0.0
7940,0.0,0.0,0.0,0.0
7941,0.0,0.0,0.0,0.0
7942,0.0,0.0,0.0,0.0
7943,0.0,0.0,0.0,0.0
7944,0.0,0.0,0.0,0.0
7945,0.0,0.0,0.0,0.0
7946,0.0,0.0,0.0,0.0
7947,0.0,0.0,0.0,0.0
7948,0.0,0.0,0.0,0.0
7949,0.0,0.0,0.0,0.0
7950,0.0,0.0,0.0,0.0
7951,0.0,0.0,0.0,0.0
7952,0.0,0.0,0.0,0.0
7953,0.0,0.0,0.0,0.0
7954,0.0,0.0,0.0,0.0
7955,0.0,0.0,0.0,0.0
7956,0.0,0.0,0.0,0.0
7957,0.0,0.0,0.0,0.0
7958,0.0,0.0,0.0,0.0
7959,0.0,0.0,0.0,0.0
7960,0.0,0.0,0.0,0.0
7961,0.0,0.0,0.0,0.0
7962,0.0,0.0,0.0,0.0
7963,0.0,0.0,0.0,0.0
7964,0.0,0.0,0.0,0.0
7965,0.0,0.0,0.0,0.0
7966,0.0,0.0,0.0,0.0
7967,0.0,0.0,0.0,0.0
7968,0.0,0.0,0.0,0.0
7969,0.0,0.0,0.0,0.0
7970,0.0,0.0,0.0,0.0
7971,0.0,0.0,0.0,0.0
7972,0.0,0.0,0.0,0.0
7973,0.0,0.0,0.0,0.0
7974,0.0,0.0,0.0,0.0
7975,0.0,0.0,0.0,0.0
7976,0.0,0.0,0.0,0.0
7977,0.0,0.0,0.0,0.0
7978,0.0,0.0,0.0,0.0
7979,0.0,0.0,0.0,0.0
7980,0.0,0.0,0.0,0.0
7981,0.0,0.0,0.0,0.0
7982,0.0,0.0,0.0,0.0
7983,0.0,0.0,0.0,0.0
7984,0.0,0.0,0.0,0.0
7985,0.0,0.0,0.0,0.0
7986,0.0,0.0,0.0,0.0
7987,0.0,0.0,0.0,0.0
7988,0.0,0.0,0.0,0.0
7989,0.0,0.0,0.0,0.0
7990,0.0,0.0,0.0,0.0
7991,0.0,0.0,0.0,0.0
7992,0.0,0.0,0.0,0.0
7993,0.0,0.0,0.0,0.0
7994,0.0,0.0,0.0,0.0
7995,0.0,0.0,0.0,0.0
7996,0.0,0.0,0.0,0.0
7997,0.0,0.0,0.0,0.0
7998,0.0,0.0,0.0,0.0
7999,0.0,0.0,0.0,0.0
8000,0.0,0.0,0.0,0.0
8001,0.0,0.0,0.0,0.0
8002,0.0,0.0,0.0,0.0
8003,0.0,0.0,0.0,0.0
8004,0.0,0.0,0.0,0.0
8005,0.0,0.0,0.0,0.0
8006,0.0,0.0,0.0,0.0
8007,0.0,0.0,0.0,0.0
8008,0.0,0.0,0.0,0.0
8009,0.0,0.0,0.0,0.0
8010,0.0,0.0,0.0,0.0
8011,0.0,0.0,0.0,0.0
8012,0.0,0.0,0.0,0.0
8013,0.0,0.0,0.0,0.0
8014,0.0,0.0,0.0,0.0
8015,0.0,0.0,0.0,0.0
8016,0.0,0.0,0.0,0.0
8017,0.0,0.0,0.0,0.0
8018,0.0,0.0,0.0,0.0
8019,0.0,0.0,0.0,0.0
8020,0.0,0.0,0.0,0.0
8021,0.0,0.0,0.0,0.0
8022,0.0,0.0,0.0,0.0
8023,0.0,0.0,0.0,0.0
8024,0.0,0.0,0.0,0.0
8025,0.0,0.0,0.0,0.0
8026,0.0,0.0,0.0,0.0
8027,0.0,0.0,0.0,0.0
8028,0.0,0.0,0.0,0.0
8029,0.0,0.0,0.0,0.0
8030,0.0,0.0,0.0,0.0
8031,0.0,0.0,0.0,0.0
8032,0.0,0.0,0.0,0.0
8033,0.0,0.0,0.0,0.0
8034,0.0,0.0,0.0,0.0
8035,0.0,0.0,0.0,0.0
8036,0.0,0.0,0.0,0.0
8037,0.0,0.0,0.0,0.0
8038,0.0,0.0,0.0,0.0
8039,0.0,0.0,0.0,0.0
8040,0.0,0.0,0.0,0.0
8041,0.0,0.0,0.0,0.0
8042,0.0,0.0,0.0,0.0
8043,0.0,0.0,0.0,0.0
8044,0.0,0.0,0.0,0.0
8045,0.0,0.0,0.0,0.0
8046,0.0,0.0,0.0,0.0
8047,0.0,0.0,0.0,0.0
8048,0.0,0.0,0.0,0.0
8049,0.0,0.0,0.0,0.0
8050,0.0,0.0,0.0,0.0
8051,0.0,0.0,0.0,0.0
8052,0.0,0.0,0.0,0.0
8053,0.0,0.0,0.0,0.0
8054,0.0,0.0,0.0,0.0
8055,0.0,0.0,0.0,0.0
8056,0.0,0.0,0.0,0.0
8057,0.0,0.0,0.0,0.0
8058,0.0,0.0,0.0,0.0
8059,0.0,0.0,0.0,0.0
8060,0.0,0.0,0.0,0.0
8061,0.0,0.0,0.0,0.0
8062,0.0,0.0,0.0,0.0
8063,0.0,0.0,0.0,0.0
8064,0.0,0.0,0.0,0.0
8065,0.0,0.0,0.0,0.0
8066,0.0,0.0,0.0,0.0
8067,0.0,0.0,0.0,0.0
8068,0.0,0.0,0.0,0.0
8069,0.0,0.0,0.0,0.0
8070,0.0,0.0,0.0,0.0
8071,0.0,0.0,0.0,0.0
8072,0.0,0.0,0.0,0.0
8073,0.0,0.0,0.0,0.0
8074,0.0,0.0,0.0,0.0
8075,0.0,0.0,0.0,0.0
8076,0.0,0.0,0.0,0.0
8077,0.0,0.0,0.0,0.0
8078,0.0,0.0,0.0,0.0
8079,0.0,0.0,0.0,0.0
8080,0.0,0.0,0.0,0.0
8081,0.0,0.0,0.0,0.0
8082,0.0,0.0,0.0,0.0
8083,0.0,0.0,0.0,0.0
8084,0.0,0.0,0.0,0.0
8085,0.0,0.0,0.0,0.0
8086,0.0,0.0,0.0,0.0
8087,0.0,0.0,0.0,0.0
8088,0.0,0.0,0.0,0.0
8089,0.0,0.0,0.0,0.0
8090,0.0,0.0,0.0,0.0
8091,0.0,0.0,0.0,0.0
8092,0.0,0.0,0.0,0.0
8093,0.0,0.0,0.0,0.0
8094,0.0,0.0,0.0,0.0
8095,0.0,0.0,0.0,0.0
8096,0.0,0.0,0.0,0.0
8097,0.0,0.0,0.0,0.0
8098,0.0,0.0,0.0,0.0
8099,0.0,0.0,0.0,0.0
8100,0.0,0.0,0.0,0.0
8101,0.0,0.0,0.0,0.0
8102,0.0,0.0,0.0,0.0
8103,0.0,0.0,0.0,0.0
8104,0.0,0.0,0.0,0.0
8105,0.0,0.0,0.0,0.0
8106,0.0,0.0,0.0,0.0
8107,0.0,0.0,0.0,0.0
8108,0.0,0.0,0.0,0.0
8109,0.0,0.0,0.0,0.0
8110,0.0,0.0,0.0,0.0
8111,0.0,0.0,0.0,0.0
8112,0.0,0.0,0.0,0.0
8113,0.0,0.0,0.0,0.0
8114,0.0,0.0,0.0,0.0
8115,0.0,0.0,0.0,0.0
8116,0.0,0.0,0.0,0.0
8117,0.0,0.0,0.0,0.0
8118,0.0,0.0,0.0,0.0
8119,0.0,0.0,0.0,0.0
8120,0.0,0.0,0.0,0.0
8121,0.0,0.0,0.0,0.0
8122,0.0,0.0,0.0,0.0
8123,0.0,0.0,0.0,0.0
8124,0.0,0.0,0.0,0.0
8125,0.0,0.0,0.0,0.0
8126,0.0,0.0,0.0,0.0
8127,0.0,0.0,0.0,0.0
8128,0.0,0.0,0.0,0.0
8129,0.0,0.0,0.0,0.0
8130,0.0,0.0,0.0,0.0
8131,0.0,0.0,0.0,0.0
8132,0.0,0.0,0.0,0.0
8133,0.0,0.0,0.0,0.0
8134,0.0,0.0,0.0,0.0
8135,0.0,0.0,0.0,0.0
8136,0.0,0.0,0.0,0.0
8137,0.0,0.0,0.0,0.0
8138,0.0,0.0,0.0,0.0
8139,0.0,0.0,0.0,0.0
8140,0.0,0.0,0.0,0.0
8141,0.0,0.0,0.0,0.0
8142,0.0,0.0,0.0,0.0
8143,0.0,0.0,0.0,0.0
8144,0.0,0.0,0.0,0.0
8145,0.0,0.0,0.0,0.0
8146,0.0,0.0,0.0,0.0
8147,0.0,0.0,0.0,0.0
8148,0.0,0.0,0.0,0.0
8149,0.0,0.0,0.0,0.0
8150,0.0,0.0,0.0,0.0
8151,0.0,0.0,0.0,0.0
8152,0.0,0.0,0.0,0.0
8153,0.0,0.0,0.0,0.0
8154,0.0,0.0,0.0,0.0
8155,0.0,0.0,0.0,0.0
8156,0.0,0.0,0.0,0.0
8157,0.0,0.0,0.0,0.0
8158,0.0,0.0,0.0,0.0
8159,0.0,0.0,0.0,0.0
8160,0.0,0.0,0.0,0.0
8161,0.0,0.0,0.0,0.0
8162,0.0,0.0,0.0,0.0
8163,0.0,0.0,0.0,0.0
8164,0.0,0.0,0.0,0.0
8165,0.0,0.0,0.0,0.0
8166,0.0,0.0,0.0,0.0
8167,0.0,0.0,0.0,0.0
8168,0.0,0.0,0.0,0.0
8169,0.0,0.0,0.0,0.0
8170,0.0,0.0,0.0,0.0
8171,0.0,0.0,0.0,0.0
8172,0.0,0.0,0.0,0.0
8173,0.0,0.0,0.0,0.0
8174,0.0,0.0,0.0,0.0
8175,0.0,0.0,0.0,0.0
8176,0.0,0.0,0.0,0.0
8177,0.0,0.0,0.0,0.0
8178,0.0,0.0,0.0,0.0
8179,0.0,0.0,0.0,0.0
8180,0.0,0.0,0.0,0.0
8181,0.0,0.0,0.0,0.0
8182,0.0,0.0,0.0,0.0
8183,0.0,0.0,0.0,0.0
8184,0.0,0.0,0.0,0.0
8185,0.0,0.0,0.0,0.0
8186,0.0,0.0,0.0,0.0
8187,0.0,0.0,0.0,0.0
8188,0.0,0.0,0.0,0.0
8189,0.0,0.0,0.0,0.0
8190,0.0,0.0,0.0,0.0
8191,0.0,0.0,0.0,0.0
8192,0.0,0.0,0.0,0.0
8193,0.0,0.0,0.0,0.0
8194,0.0,0.0,0.0,0.0
8195,0.0,0.0,0.0,0.0
8196,0.0,0.0,0.0,0.0
8197,0.0,0.0,0.0,0.0
8198,0.0,0.0,0.0,0.0
8199,0.0,0.0,0.0,0.0
8200,0.0,0.0,0.0,0.0
8201,0.0,0.0,0.0,0.0
8202,0.0,0.0,0.0,0.0
8203,0.0,0.0,0.0,0.0
8204,0.0,0.0,0.0,0.0
8205,0.0,0.0,0.0,0.0
8206,0.0,0.0,0.0,0.0
8207,0.0,0.0,0.0,0.0
8208,0.0,0.0,0.0,0.0
8209,0.0,0.0,0.0,0.0
8210,0.0,0.0,0.0,0.0
8211,0.0,0.0,0.0,0.0
8212,0.0,0.0,0.0,0.0
8213,0.0,0.0,0.0,0.0
8214,0.0,0.0,0.0,0.0
8215,0.0,0.0,0.0,0.0
8216,0.0,0.0,0.0,0.0
8217,0.0,0.0,0.0,0.0
8218,0.0,0.0,0.0,0.0
8219,0.0,0.0,0.0,0.0
8220,0.0,0.0,0.0,0.0
8221,0.0,0.0,0.0,0.0
8222,0.0,0.0,0.0,0.0
8223,0.0,0.0,0.0,0.0
8224,0.0,0.0,0.0,0.0
8225,0.0,0.0,0.0,0.0
8226,0.0,0.0,0.0,0.0
8227,0.0,0.0,0.0,0.0
8228,0.0,0.0,0.0,0.0
8229,0.0,0.0,0.0,0.0
8230,0.0,0.0,0.0,0.0
8231,0.0,0.0,0.0,0.0
8232,0.0,0.0,0.0,0.0
8233,0.0,0.0,0.0,0.0
8234,0.0,0.0,0.0,0.0
8235,0.0,0.0,0.0,0.0
8236,0.0,0.0,0.0,0.0
8237,0.0,0.0,0.0,0.0
8238,0.0,0.0,0.0,0.0
8239,0.0,0.0,0.0,0.0
8240,0.0,0.0,0.0,0.0
8241,0.0,0.0,0.0,0.0
8242,0.0,0.0,0.0,0.0
8243,0.0,0.0,0.0,0.0
8244,0.0,0.0,0.0,0.0
8245,0.0,0.0,0.0,0.0
8246,0.0,0.0,0.0,0.0
8247,0.0,0.0,0.0,0.0
8248,0.0,0.0,0.0,0.0
8249,0.0,0.0,0.0,0.0
8250,0.0,0.0,0.0,0.0
8251,0.0,0.0,0.0,0.0
8252,0.0,0.0,0.0,0.0
8253,0.0,0.0,0.0,0.0
8254,0.0,0.0,0.0,0.0
8255,0.0,0.0,0.0,0.0
8256,0.0,0.0,0.0,0.0
8257,0.0,0.0,0.0,0.0
8258,0.0,0.0,0.0,0.0
8259,0.0,0.0,0.0,0.0
8260,0.0,0.0,0.0,0.0
8261,0.0,0.0,0.0,0.0
8262,0.0,0.0,0.0,0.0
8263,0.0,0.0,0.0,0.0
8264,0.0,0.0,0.0,0.0
8265,0.0,0.0,0.0,0.0
8266,0.0,0.0,0.0,0.0
8267,0.0,0.0,0.0,0.0
8268,0.0,0.0,0.0,0.0
8269,0.0,0.0,0.0,0.0
8270,0.0,0.0,0.0,0.0
8271,0.0,0.0,0.0,0.0
8272,0.0,0.0,0.0,0.0
8273,0.0,0.0,0.0,0.0
8274,0.0,0.0,0.0,0.0
8275,0.0,0.0,0.0,0.0
8276,0.0,0.0,0.0,0.0
8277,0.0,0.0,0.0,0.0
8278,0.0,0.0,0.0,0.0
8279,0.0,0.0,0.0,0.0
8280,0.0,0.0,0.0,0.0
8281,0.0,0.0,0.0,0.0
8282,0.0,0.0,0.0,0.0
8283,0.0,0.0,0.0,0.0
8284,0.0,0.0,0.0,0.0
8285,0.0,0.0,0.0,0.0
8286,0.0,0.0,0.0,0.0
8287,0.0,0.0,0.0,0.0
8288,0.0,0.0,0.0,0.0
8289,0.0,0.0,0.0,0.0
8290,0.0,0.0,0.0,0.0
8291,0.0,0.0,0.0,0.0
8292,0.0,0.0,0.0,0.0
8293,0.0,0.0,0.0,0.0
8294,0.0,0.0,0.0,0.0
8295,0.0,0.0,0.0,0.0
8296,0.0,0.0,0.0,0.0
8297,0.0,0.0,0.0,0.0
8298,0.0,0.0,0.0,0.0
8299,0.0,0.0,0.0,0.0
8300,0.0,0.0,0.0,0.0
8301,0.0,0.0,0.0,0.0
8302,0.0,0.0,0.0,0.0
8303,0.0,0.0,0.0,0.0
8304,0.0,0.0,0.0,0.0
8305,0.0,0.0,0.0,0.0
8306,0.0,0.0,0.0,0.0
8307,0.0,0.0,0.0,0.0
8308,0.0,0.0,0.0,0.0
8309,0.0,0.0,0.0,0.0
8310,0.0,0.0,0.0,0.0
8311,0.0,0.0,0.0,0.0
8312,0.0,0.0,0.0,0.0
8313,0.0,0.0,0.0,0.0
8314,0.0,0.0,0.0,0.0
8315,0.0,0.0,0.0,0.0
8316,0.0,0.0,0.0,0.0
8317,0.0,0.0,0.0,0.0
8318,0.0,0.0,0.0,0.0
8319,0.0,0.0,0.0,0.0
8320,0.0,0.0,0.0,0.0
8321,0.0,0.0,0.0,0.0
8322,0.0,0.0,0.0,0.0
8323,0.0,0.0,0.0,0.0
8324,0.0,0.0,0.0,0.0
8325,0.0,0.0,0.0,0.0
8326,0.0,0.0,0.0,0.0
8327,0.0,0.0,0.0,0.0
8328,0.0,0.0,0.0,0.0
8329,0.0,0.0,0.0,0.0
8330,0.0,0.0,0.0,0.0
8331,0.0,0.0,0.0,0.0
8332,0.0,0.0,0.0,0.0
8333,0.0,0.0,0.0,0.0
8334,0.0,0.0,0.0,0.0
8335,0.0,0.0,0.0,0.0
8336,0.0,0.0,0.0,0.0
8337,0.0,0.0,0.0,0.0
8338,0.0,0.0,0.0,0.0
8339,0.0,0.0,0.0,0.0
8340,0.0,0.0,0.0,0.0
8341,0.0,0.0,0.0,0.0
8342,0.0,0.0,0.0,0.0
8343,0.0,0.0,0.0,0.0
8344,0.0,0.0,0.0,0.0
8345,0.0,0.0,0.0,0.0
8346,0.0,0.0,0.0,0.0
8347,0.0,0.0,0.0,0.0
8348,0.0,0.0,0.0,0.0
8349,0.0,0.0,0.0,0.0
8350,0.0,0.0,0.0,0.0
8351,0.0,0.0,0.0,0.0
8352,0.0,0.0,0.0,0.0
8353,0.0,0.0,0.0,0.0
8354,0.0,0.0,0.0,0.0
8355,0.0,0.0,0.0,0.0
8356,0.0,0.0,0.0,0.0
8357,0.0,0.0,0.0,0.0
8358,0.0,0.0,0.0,0.0
8359,0.0,0.0,0.0,0.0
8360,0.0,0.0,0.0,0.0
8361,0.0,0.0,0.0,0.0
8362,0.0,0.0,0.0,0.0
8363,0.0,0.0,0.0,0.0
8364,0.0,0.0,0.0,0.0
8365,0.0,0.0,0.0,0.0
8366,0.0,0.0,0.0,0.0
8367,0.0,0.0,0.0,0.0
8368,0.0,0.0,0.0,0.0
8369,0.0,0.0,0.0,0.0
8370,0.0,0.0,0.0,0.0
8371,0.0,0.0,0.0,0.0
8372,0.0,0.0,0.0,0.0
8373,0.0,0.0,0.0,0.0
8374,0.0,0.0,0.0,0.0
8375,0.0,0.0,0.0,0.0
8376,0.0,0.0,0.0,0.0
8377,0.0,0.0,0.0,0.0
8378,0.0,0.0,0.0,0.0
8379,0.0,0.0,0.0,0.0
8380,0.0,0.0,0.0,0.0
8381,0.0,0.0,0.0,0.0
8382,0.0,0.0,0.0,0.0
8383,0.0,0.0,0.0,0.0
8384,0.0,0.0,0.0,0.0
8385,0.0,0.0,0.0,0.0
8386,0.0,0.0,0.0,0.0
8387,0.0,0.0,0.0,0.0
8388,0.0,0.0,0.0,0.0
8389,0.0,0.0,0.0,0.0
8390,0.0,0.0,0.0,0.0
8391,0.0,0.0,0.0,0.0
8392,0.0,0.0,0.0,0.0
8393,0.0,0.0,0.0,0.0
8394,0.0,0.0,0.0,0.0
8395,0.0,0.0,0.0,0.0
8396,0.0,0.0,0.0,0.0
8397,0.0,0.0,0.0,0.0
8398,0.0,0.0,0.0,0.0
8399,0.0,0.0,0.0,0.0
8400,0.0,0.0,0.0,0.0
8401,0.0,0.0,0.0,0.0
8402,0.0,0.0,0.0,0.0
8403,0.0,0.0,0.0,0.0
8404,0.0,0.0,0.0,0.0
8405,0.0,0.0,0.0,0.0
8406,0.0,0.0,0.0,0.0
8407,0.0,0.0,0.0,0.0
8408,0.0,0.0,0.0,0.0
8409,0.0,0.0,0.0,0.0
8410,0.0,0.0,0.0,0.0
8411,0.0,0.0,0.0,0.0
8412,0.0,0.0,0.0,0.0
8413,0.0,0.0,0.0,0.0
8414,0.0,0.0,0.0,0.0
8415,0.0,0.0,0.0,0.0
8416,0.0,0.0,0.0,0.0
8417,0.0,0.0,0.0,0.0
8418,0.0,0.0,0.0,0.0
8419,0.0,0.0,0.0,0.0
8420,0.0,0.0,0.0,0.0
8421,0.0,0.0,0.0,0.0
8422,0.0,0.0,0.0,0.0
8423,0.0,0.0,0.0,0.0
8424,0.0,0.0,0.0,0.0
8425,0.0,0.0,0.0,0.0
8426,0.0,0.0,0.0,0.0
8427,0.0,0.0,0.0,0.0
8428,0.0,0.0,0.0,0.0
8429,0.0,0.0,0.0,0.0
8430,0.0,0.0,0.0,0.0
8431,0.0,0.0,0.0,0.0
8432,0.0,0.0,0.0,0.0
8433,0.0,0.0,0.0,0.0
8434,0.0,0.0,0.0,0.0
8435,0.0,0.0,0.0,0.0
8436,0.0,0.0,0.0,0.0
8437,0.0,0.0,0.0,0.0
8438,0.0,0.0,0.0,0.0
8439,0.0,0.0,0.0,0.0
8440,0.0,0.0,0.0,0.0
8441,0.0,0.0,0.0,0.0
8442,0.0,0.0,0.0,0.0
8443,0.0,0.0,0.0,0.0
8444,0.0,0.0,0.0,0.0
8445,0.0,0.0,0.0,0.0
8446,0.0,0.0,0.0,0.0
8447,0.0,0.0,0.0,0.0
8448,0.0,0.0,0.0,0.0
8449,0.0,0.0,0.0,0.0
8450,0.0,0.0,0.0,0.0
8451,0.0,0.0,0.0,0.0
8452,0.0,0.0,0.0,0.0
8453,0.0,0.0,0.0,0.0
8454,0.0,0.0,0.0,0.0
8455,0.0,0.0,0.0,0.0
8456,0.0,0.0,0.0,0.0
8457,0.0,0.0,0.0,0.0
8458,0.0,0.0,0.0,0.0
8459,0.0,0.0,0.0,0.0
8460,0.0,0.0,0.0,0.0
8461,0.0,0.0,0.0,0.0
8462,0.0,0.0,0.0,0.0
8463,0.0,0.0,0.0,0.0
8464,0.0,0.0,0.0,0.0
8465,0.0,0.0,0.0,0.0
8466,0.0,0.0,0.0,0.0
8467,0.0,0.0,0.0,0.0
8468,0.0,0.0,0.0,0.0
8469,0.0,0.0,0.0,0.0
8470,0.0,0.0,0.0,0.0
8471,0.0,0.0,0.0,0.0
8472,0.0,0.0,0.0,0.0
8473,0.0,0.0,0.0,0.0
8474,0.0,0.0,0.0,0.0
8475,0.0,0.0,0.0,0.0
8476,0.0,0.0,0.0,0.0
8477,0.0,0.0,0.0,0.0
8478,0.0,0.0,0.0,0.0
8479,0.0,0.0,0.0,0.0
8480,0.0,0.0,0.0,0.0
8481,0.0,0.0,0.0,0.0
8482,0.0,0.0,0.0,0.0
8483,0.0,0.0,0.0,0.0
8484,0.0,0.0,0.0,0.0
8485,0.0,0.0,0.0,0.0
8486,0.0,0.0,0.0,0.0
8487,0.0,0.0,0.0,0.0
8488,0.0,0.0,0.0,0.0
8489,0.0,0.0,0.0,0.0
8490,0.0,0.0,0.0,0.0
8491,0.0,0.0,0.0,0.0
8492,0.0,0.0,0.0,0.0
8493,0.0,0.0,0.0,0.0
8494,0.0,0.0,0.0,0.0
8495,0.0,0.0,0.0,0.0
8496,0.0,0.0,0.0,0.0
8497,0.0,0.0,0.0,0.0
8498,0.0,0.0,0.0,0.0
8499,0.0,0.0,0.0,0.0
8500,0.0,0.0,0.0,0.0
8501,0.0,0.0,0.0,0.0
8502,0.0,0.0,0.0,0.0
8503,0.0,0.0,0.0,0.0
8504,0.0,0.0,0.0,0.0
8505,0.0,0.0,0.0,0.0
8506,0.0,0.0,0.0,0.0
8507,0.0,0.0,0.0,0.0
8508,0.0,0.0,0.0,0.0
8509,0.0,0.0,0.0,0.0
8510,0.0,0.0,0.0,0.0
8511,0.0,0.0,0.0,0.0
8512,0.0,0.0,0.0,0.0
8513,0.0,0.0,0.0,0.0
8514,0.0,0.0,0.0,0.0
8515,0.0,0.0,0.0,0.0
8516,0.0,0.0,0.0,0.0
8517,0.0,0.0,0.0,0.0
8518,0.0,0.0,0.0,0.0
8519,0.0,0.0,0.0,0.0
8520,0.0,0.0,0.0,0.0
8521,0.0,0.0,0.0,0.0
8522,0.0,0.0,0.0,0.0
8523,0.0,0.0,0.0,0.0
8524,0.0,0.0,0.0,0.0
8525,0.0,0.0,0.0,0.0
8526,0.0,0.0,0.0,0.0
8527,0.0,0.0,0.0,0.0
8528,0.0,0.0,0.0,0.0
8529,0.0,0.0,0.0,0.0
8530,0.0,0.0,0.0,0.0
8531,0.0,0.0,0.0,0.0
8532,0.0,0.0,0.0,0.0
8533,0.0,0.0,0.0,0.0
8534,0.0,0.0,0.0,0.0
8535,0.0,0.0,0.0,0.0
8536,0.0,0.0,0.0,0.0
8537,0.0,0.0,0.0,0.0
8538,0.0,0.0,0.0,0.0
8539,0.0,0.0,0.0,0.0
8540,0.0,0.0,0.0,0.0
8541,0.0,0.0,0.0,0.0
8542,0.0,0.0,0.0,0.0
8543,0.0,0.0,0.0,0.0
8544,0.0,0.0,0.0,0.0
8545,0.0,0.0,0.0,0.0
8546,0.0,0.0,0.0,0.0
8547,0.0,0.0,0.0,0.0
8548,0.0,0.0,0.0,0.0
8549,0.0,0.0,0.0,0.0
8550,0.0,0.0,0.0,0.0
8551,0.0,0.0,0.0,0.0
8552,0.0,0.0,0.0,0.0
8553,0.0,0.0,0.0,0.0
8554,0.0,0.0,0.0,0.0
8555,0.0,0.0,0.0,0.0
8556,0.0,0.0,0.0,0.0
8557,0.0,0.0,0.0,0.0
8558,0.0,0.0,0.0,0.0
8559,0.0,0.0,0.0,0.0
8560,0.0,0.0,0.0,0.0
8561,0.0,0.0,0.0,0.0
8562,0.0,0.0,0.0,0.0
8563,0.0,0.0,0.0,0.0
8564,0.0,0.0,0.0,0.0
8565,0.0,0.0,0.0,0.0
8566,0.0,0.0,0.0,0.0
8567,0.0,0.0,0.0,0.0
8568,0.0,0.0,0.0,0.0
8569,0.0,0.0,0.0,0.0
8570,0.0,0.0,0.0,0.0
8571,0.0,0.0,0.0,0.0
8572,0.0,0.0,0.0,0.0
8573,0.0,0.0,0.0,0.0
8574,0.0,0.0,0.0,0.0
8575,0.0,0.0,0.0,0.0
8576,0.0,0.0,0.0,0.0
8577,0.0,0.0,0.0,0.0
8578,0.0,0.0,0.0,0.0
8579,0.0,0.0,0.0,0.0
8580,0.0,0.0,0.0,0.0
8581,0.0,0.0,0.0,0.0
8582,0.0,0.0,0.0,0.0
8583,0.0,0.0,0.0,0.0
8584,0.0,0.0,0.0,0.0
8585,0.0,0.0,0.0,0.0
8586,0.0,0.0,0.0,0.0
8587,0.0,0.0,0.0,0.0
8588,0.0,0.0,0.0,0.0
8589,0.0,0.0,0.0,0.0
8590,0.0,0.0,0.0,0.0
8591,0.0,0.0,0.0,0.0
8592,0.0,0.0,0.0,0.0
8593,0.0,0.0,0.0,0.0
8594,0.0,0.0,0.0,0.0
8595,0.0,0.0,0.0,0.0
8596,0.0,0.0,0.0,0.0
8597,0.0,0.0,0.0,0.0
8598,0.0,0.0,0.0,0.0
8599,0.0,0.0,0.0,0.0
8600,0.0,0.0,0.0,0.0
8601,0.0,0.0,0.0,0.0
8602,0.0,0.0,0.0,0.0
8603,0.0,0.0,0.0,0.0
8604,0.0,0.0,0.0,0.0
8605,0.0,0.0,0.0,0.0
8606,0.0,0.0,0.0,0.0
8607,0.0,0.0,0.0,0.0
8608,0.0,0.0,0.0,0.0
8609,0.0,0.0,0.0,0.0
8610,0.0,0.0,0.0,0.0
8611,0.0,0.0,0.0,0.0
8612,0.0,0.0,0.0,0.0
8613,0.0,0.0,0.0,0.0
8614,0.0,0.0,0.0,0.0
8615,0.0,0.0,0.0,0.0
8616,0.0,0.0,0.0,0.0
8617,0.0,0.0,0.0,0.0
8618,0.0,0.0,0.0,0.0
8619,0.0,0.0,0.0,0.0
8620,0.0,0.0,0.0,0.0
8621,0.0,0.0,0.0,0.0
8622,0.0,0.0,0.0,0.0
8623,0.0,0.0,0.0,0.0
8624,0.0,0.0,0.0,0.0
8625,0.0,0.0,0.0,0.0
8626,0.0,0.0,0.0,0.0
8627,0.0,0.0,0.0,0.0
8628,0.0,0.0,0.0,0.0
8629,0.0,0.0,0.0,0.0
8630,0.0,0.0,0.0,0.0
8631,0.0,0.0,0.0,0.0
8632,0.0,0.0,0.0,0.0
8633,0.0,0.0,0.0,0.0
8634,0.0,0.0,0.0,0.0
8635,0.0,0.0,0.0,0.0
8636,0.0,0.0,0.0,0.0
8637,0.0,0.0,0.0,0.0
8638,0.0,0.0,0.0,0.0
8639,0.0,0.0,0.0,0.0
8640,0.0,0.0,0.0,0.0
8641,0.0,0.0,0.0,0.0
8642,0.0,0.0,0.0,0.0
8643,0.0,0.0,0.0,0.0
8644,0.0,0.0,0.0,0.0
8645,0.0,0.0,0.0,0.0
8646,0.0,0.0,0.0,0.0
8647,0.0,0.0,0.0,0.0
8648,0.0,0.0,0.0,0.0
8649,0.0,0.0,0.0,0.0
8650,0.0,0.0,0.0,0.0
8651,0.0,0.0,0.0,0.0
8652,0.0,0.0,0.0,0.0
8653,0.0,0.0,0.0,0.0
8654,0.0,0.0,0.0,0.0
8655,0.0,0.0,0.0,0.0
8656,0.0,0.0,0.0,0.0
8657,0.0,0.0,0.0,0.0
8658,0.0,0.0,0.0,0.0
8659,0.0,0.0,0.0,0.0
8660,0.0,0.0,0.0,0.0
8661,0.0,0.0,0.0,0.0
8662,0.0,0.0,0.0,0.0
8663,0.0,0.0,0.0,0.0
8664,0.0,0.0,0.0,0.0
8665,0.0,0.0,0.0,0.0
8666,0.0,0.0,0.0,0.0
8667,0.0,0.0,0.0,0.0
8668,0.0,0.0,0.0,0.0
8669,0.0,0.0,0.0,0.0
8670,0.0,0.0,0.0,0.0
8671,0.0,0.0,0.0,0.0
8672,0.0,0.0,0.0,0.0
8673,0.0,0.0,0.0,0.0
8674,0.0,0.0,0.0,0.0
8675,0.0,0.0,0.0,0.0
8676,0.0,0.0,0.0,0.0
8677,0.0,0.0,0.0,0.0
8678,0.0,0.0,0.0,0.0
8679,0.0,0.0,0.0,0.0
8680,0.0,0.0,0.0,0.0
8681,0.0,0.0,0.0,0.0
8682,0.0,0.0,0.0,0.0
8683,0.0,0.0,0.0,0.0
8684,0.0,0.0,0.0,0.0
8685,0.0,0.0,0.0,0.0
8686,0.0,0.0,0.0,0.0
8687,0.0,0.0,0.0,0.0
8688,0.0,0.0,0.0,0.0
8689,0.0,0.0,0.0,0.0
8690,0.0,0.0,0.0,0.0
8691,0.0,0.0,0.0,0.0
8692,0.0,0.0,0.0,0.0
8693,0.0,0.0,0.0,0.0
8694,0.0,0.0,0.0,0.0
8695,0.0,0.0,0.0,0.0
8696,0.0,0.0,0.0,0.0
8697,0.0,0.0,0.0,0.0
8698,0.0,0.0,0.0,0.0
8699,0.0,0.0,0.0,0.0
8700,0.0,0.0,0.0,0.0
8701,0.0,0.0,0.0,0.0
8702,0.0,0.0,0.0,0.0
8703,0.0,0.0,0.0,0.0
8704,0.0,0.0,0.0,0.0
8705,0.0,0.0,0.0,0.0
8706,0.0,0.0,0.0,0.0
8707,0.0,0.0,0.0,0.0
8708,0.0,0.0,0.0,0.0
8709,0.0,0.0,0.0,0.0
8710,0.0,0.0,0.0,0.0
8711,0.0,0.0,0.0,0.0
8712,0.0,0.0,0.0,0.0
8713,0.0,0.0,0.0,0.0
8714,0.0,0.0,0.0,0.0
8715,0.0,0.0,0.0,0.0
8716,0.0,0.0,0.0,0.0
8717,0.0,0.0,0.0,0.0
8718,0.0,0.0,0.0,0.0
8719,0.0,0.0,0.0,0.0
8720,0.0,0.0,0.0,0.0
8721,0.0,0.0,0.0,0.0
8722,0.0,0.0,0.0,0.0
8723,0.0,0.0,0.0,0.0
8724,0.0,0.0,0.0,0.0
8725,0.0,0.0,0.0,0.0
8726,0.0,0.0,0.0,0.0
8727,0.0,0.0,0.0,0.0
8728,0.0,0.0,0.0,0.0
8729,0.0,0.0,0.0,0.0
8730,0.0,0.0,0.0,0.0
8731,0.0,0.0,0.0,0.0
8732,0.0,0.0,0.0,0.0
8733,0.0,0.0,0.0,0.0
8734,0.0,0.0,0.0,0.0
8735,0.0,0.0,0.0,0.0
8736,0.0,0.0,0.0,0.0
8737,0.0,0.0,0.0,0.0
8738,0.0,0.0,0.0,0.0
8739,0.0,0.0,0.0,0.0
8740,0.0,0.0,0.0,0.0
8741,0.0,0.0,0.0,0.0
8742,0.0,0.0,0.0,0.0
8743,0.0,0.0,0.0,0.0
8744,0.0,0.0,0.0,0.0
8745,0.0,0.0,0.0,0.0
8746,0.0,0.0,0.0,0.0
8747,0.0,0.0,0.0,0.0
8748,0.0,0.0,0.0,0.0
8749,0.0,0.0,0.0,0.0
8750,0.0,0.0,0.0,0.0
8751,0.0,0.0,0.0,0.0
8752,0.0,0.0,0.0,0.0
8753,0.0,0.0,0.0,0.0
8754,0.0,0.0,0.0,0.0
8755,0.0,0.0,0.0,0.0
8756,0.0,0.0,0.0,0.0
8757,0.0,0.0,0.0,0.0
8758,0.0,0.0,0.0,0.0
8759,0.0,0.0,0.0,0.0
8760,0.0,0.0,0.0,0.0
8761,0.0,0.0,0.0,0.0
8762,0.0,0.0,0.0,0.0
8763,0.0,0.0,0.0,0.0
8764,0.0,0.0,0.0,0.0
8765,0.0,0.0,0.0,0.0
8766,0.0,0.0,0.0,0.0
8767,0.0,0.0,0.0,0.0
8768,0.0,0.0,0.0,0.0
8769,0.0,0.0,0.0,0.0
8770,0.0,0.0,0.0,0.0
8771,0.0,0.0,0.0,0.0
8772,0.0,0.0,0.0,0.0
8773,0.0,0.0,0.0,0.0
8774,0.0,0.0,0.0,0.0
8775,0.0,0.0,0.0,0.0
8776,0.0,0.0,0.0,0.0
8777,0.0,0.0,0.0,0.0
8778,0.0,0.0,0.0,0.0
8779,0.0,0.0,0.0,0.0
8780,0.0,0.0,0.0,0.0
8781,0.0,0.0,0.0,0.0
8782,0.0,0.0,0.0,0.0
8783,0.0,0.0,0.0,0.0
8784,0.0,0.0,0.0,0.0
8785,0.0,0.0,0.0,0.0
8786,0.0,0.0,0.0,0.0
8787,0.0,0.0,0.0,0.0
8788,0.0,0.0,0.0,0.0
8789,0.0,0.0,0.0,0.0
8790,0.0,0.0,0.0,0.0
8791,0.0,0.0,0.0,0.0
8792,0.0,0.0,0.0,0.0
8793,0.0,0.0,0.0,0.0
8794,0.0,0.0,0.0,0.0
8795,0.0,0.0,0.0,0.0
8796,0.0,0.0,0.0,0.0
8797,0.0,0.0,0.0,0.0
8798,0.0,0.0,0.0,0.0
8799,0.0,0.0,0.0,0.0
8800,0.0,0.0,0.0,0.0
8801,0.0,0.0,0.0,0.0
8802,0.0,0.0,0.0,0.0
8803,0.0,0.0,0.0,0.0
8804,0.0,0.0,0.0,0.0
8805,0.0,0.0,0.0,0.0
8806,0.0,0.0,0.0,0.0
8807,0.0,0.0,0.0,0.0
8808,0.0,0.0,0.0,0.0
8809,0.0,0.0,0.0,0.0
8810,0.0,0.0,0.0,0.0
8811,0.0,0.0,0.0,0.0
8812,0.0,0.0,0.0,0.0
8813,0.0,0.0,0.0,0.0
8814,0.0,0.0,0.0,0.0
8815,0.0,0.0,0.0,0.0
8816,0.0,0.0,0.0,0.0
8817,0.0,0.0,0.0,0.0
8818,0.0,0.0,0.0,0.0
8819,0.0,0.0,0.0,0.0
8820,0.0,0.0,0.0,0.0
8821,0.0,0.0,0.0,0.0
8822,0.0,0.0,0.0,0.0
8823,0.0,0.0,0.0,0.0
8824,0.0,0.0,0.0,0.0
8825,0.0,0.0,0.0,0.0
8826,0.0,0.0,0.0,0.0
8827,0.0,0.0,0.0,0.0
8828,0.0,0.0,0.0,0.0
8829,0.0,0.0,0.0,0.0
8830,0.0,0.0,0.0,0.0
8831,0.0,0.0,0.0,0.0
8832,0.0,0.0,0.0,0.0
8833,0.0,0.0,0.0,0.0
8834,0.0,0.0,0.0,0.0
8835,0.0,0.0,0.0,0.0
8836,0.0,0.0,0.0,0.0
8837,0.0,0.0,0.0,0.0
8838,0.0,0.0,0.0,0.0
8839,0.0,0.0,0.0,0.0
8840,0.0,0.0,0.0,0.0
8841,0.0,0.0,0.0,0.0
8842,0.0,0.0,0.0,0.0
8843,0.0,0.0,0.0,0.0
8844,0.0,0.0,0.0,0.0
8845,0.0,0.0,0.0,0.0
8846,0.0,0.0,0.0,0.0
8847,0.0,0.0,0.0,0.0
8848,0.0,0.0,0.0,0.0
8849,0.0,0.0,0.0,0.0
8850,0.0,0.0,0.0,0.0
8851,0.0,0.0,0.0,0.0
8852,0.0,0.0,0.0,0.0
8853,0.0,0.0,0.0,0.0
8854,0.0,0.0,0.0,0.0
8855,0.0,0.0,0.0,0.0
8856,0.0,0.0,0.0,0.0
8857,0.0,0.0,0.0,0.0
8858,0.0,0.0,0.0,0.0
8859,0.0,0.0,0.0,0.0
8860,0.0,0.0,0.0,0.0
8861,0.0,0.0,0.0,0.0
8862,0.0,0.0,0.0,0.0
8863,0.0,0.0,0.0,0.0
8864,0.0,0.0,0.0,0.0
8865,0.0,0.0,0.0,0.0
8866,0.0,0.0,0.0,0.0
8867,0.0,0.0,0.0,0.0
8868,0.0,0.0,0.0,0.0
8869,0.0,0.0,0.0,0.0
8870,0.0,0.0,0.0,0.0
8871,0.0,0.0,0.0,0.0
8872,0.0,0.0,0.0,0.0
8873,0.0,0.0,0.0,0.0
8874,0.0,0.0,0.0,0.0
8875,0.0,0.0,0.0,0.0
8876,0.0,0.0,0.0,0.0
8877,0.0,0.0,0.0,0.0
8878,0.0,0.0,0.0,0.0
8879,0.0,0.0,0.0,0.0
8880,0.0,0.0,0.0,0.0
8881,0.0,0.0,0.0,0.0
8882,0.0,0.0,0.0,0.0
8883,0.0,0.0,0.0,0.0
8884,0.0,0.0,0.0,0.0
8885,0.0,0.0,0.0,0.0
8886,0.0,0.0,0.0,0.0
8887,0.0,0.0,0.0,0.0
8888,0.0,0.0,0.0,0.0
8889,0.0,0.0,0.0,0.0
8890,0.0,0.0,0.0,0.0
8891,0.0,0.0,0.0,0.0
8892,0.0,0.0,0.0,0.0
8893,0.0,0.0,0.0,0.0
8894,0.0,0.0,0.0,0.0
8895,0.0,0.0,0.0,0.0
8896,0.0,0.0,0.0,0.0
8897,0.0,0.0,0.0,0.0
8898,0.0,0.0,0.0,0.0
8899,0.0,0.0,0.0,0.0
8900,0.0,0.0,0.0,0.0
8901,0.0,0.0,0.0,0.0
8902,0.0,0.0,0.0,0.0
8903,0.0,0.0,0.0,0.0
8904,0.0,0.0,0.0,0.0
8905,0.0,0.0,0.0,0.0
8906,0.0,0.0,0.0,0.0
8907,0.0,0.0,0.0,0.0
8908,0.0,0.0,0.0,0.0
8909,0.0,0.0,0.0,0.0
8910,0.0,0.0,0.0,0.0
8911,0.0,0.0,0.0,0.0
8912,0.0,0.0,0.0,0.0
8913,0.0,0.0,0.0,0.0
8914,0.0,0.0,0.0,0.0
8915,0.0,0.0,0.0,0.0
8916,0.0,0.0,0.0,0.0
8917,0.0,0.0,0.0,0.0
8918,0.0,0.0,0.0,0.0
8919,0.0,0.0,0.0,0.0
8920,0.0,0.0,0.0,0.0
8921,0.0,0.0,0.0,0.0
8922,0.0,0.0,0.0,0.0
8923,0.0,0.0,0.0,0.0
8924,0.0,0.0,0.0,0.0
8925,0.0,0.0,0.0,0.0
8926,0.0,0.0,0.0,0.0
8927,0.0,0.0,0.0,0.0
8928,0.0,0.0,0.0,0.0
8929,0.0,0.0,0.0,0.0
8930,0.0,0.0,0.0,0.0
8931,0.0,0.0,0.0,0.0
8932,0.0,0.0,0.0,0.0
8933,0.0,0.0,0.0,0.0
8934,0.0,0.0,0.0,0.0
8935,0.0,0.0,0.0,0.0
8936,0.0,0.0,0.0,0.0
8937,0.0,0.0,0.0,0.0
8938,0.0,0.0,0.0,0.0
8939,0.0,0.0,0.0,0.0
8940,0.0,0.0,0.0,0.0
8941,0.0,0.0,0.0,0.0
8942,0.0,0.0,0.0,0.0
8943,0.0,0.0,0.0,0.0
8944,0.0,0.0,0.0,0.0
8945,0.0,0.0,0.0,0.0
8946,0.0,0.0,0.0,0.0
8947,0.0,0.0,0.0,0.0
8948,0.0,0.0,0.0,0.0
8949,0.0,0.0,0.0,0.0
8950,0.0,0.0,0.0,0.0
8951,0.0,0.0,0.0,0.0
8952,0.0,0.0,0.0,0.0
8953,0.0,0.0,0.0,0.0
8954,0.0,0.0,0.0,0.0
8955,0.0,0.0,0.0,0.0
8956,0.0,0.0,0.0,0.0
8957,0.0,0.0,0.0,0.0
8958,0.0,0.0,0.0,0.0
8959,0.0,0.0,0.0,0.0
8960,0.0,0.0,0.0,0.0
8961,0.0,0.0,0.0,0.0
8962,0.0,0.0,0.0,0.0
8963,0.0,0.0,0.0,0.0
8964,0.0,0.0,0.0,0.0
8965,0.0,0.0,0.0,0.0
8966,0.0,0.0,0.0,0.0
8967,0.0,0.0,0.0,0.0
8968,0.0,0.0,0.0,0.0
8969,0.0,0.0,0.0,0.0
8970,0.0,0.0,0.0,0.0
8971,0.0,0.0,0.0,0.0
8972,0.0,0.0,0.0,0.0
8973,0.0,0.0,0.0,0.0
8974,0.0,0.0,0.0,0.0
8975,0.0,0.0,0.0,0.0
8976,0.0,0.0,0.0,0.0
8977,0.0,0.0,0.0,0.0
8978,0.0,0.0,0.0,0.0
8979,0.0,0.0,0.0,0.0
8980,0.0,0.0,0.0,0.0
8981,0.0,0.0,0.0,0.0
8982,0.0,0.0,0.0,0.0
8983,0.0,0.0,0.0,0.0
8984,0.0,0.0,0.0,0.0
8985,0.0,0.0,0.0,0.0
8986,0.0,0.0,0.0,0.0
8987,0.0,0.0,0.0,0.0
8988,0.0,0.0,0.0,0.0
8989,0.0,0.0,0.0,0.0
8990,0.0,0.0,0.0,0.0
8991,0.0,0.0,0.0,0.0
8992,0.0,0.0,0.0,0.0
8993,0.0,0.0,0.0,0.0
8994,0.0,0.0,0.0,0.0
8995,0.0,0.0,0.0,0.0
8996,0.0,0.0,0.0,0.0
8997,0.0,0.0,0.0,0.0
8998,0.0,0.0,0.0,0.0
8999,0.0,0.0,0.0,0.0
9000,0.0,0.0,0.0,0.0
9001,0.0,0.0,0.0,0.0
9002,0.0,0.0,0.0,0.0
9003,0.0,0.0,0.0,0.0
9004,0.0,0.0,0.0,0.0
9005,0.0,0.0,0.0,0.0
9006,0.0,0.0,0.0,0.0
9007,0.0,0.0,0.0,0.0
9008,0.0,0.0,0.0,0.0
9009,0.0,0.0,0.0,0.0
9010,0.0,0.0,0.0,0.0
9011,0.0,0.0,0.0,0.0
9012,0.0,0.0,0.0,0.0
9013,0.0,0.0,0.0,0.0
9014,0.0,0.0,0.0,0.0
9015,0.0,0.0,0.0,0.0
9016,0.0,0.0,0.0,0.0
9017,0.0,0.0,0.0,0.0
9018,0.0,0.0,0.0,0.0
9019,0.0,0.0,0.0,0.0
9020,0.0,0.0,0.0,0.0
9021,0.0,0.0,0.0,0.0
9022,0.0,0.0,0.0,0.0
9023,0.0,0.0,0.0,0.0
9024,0.0,0.0,0.0,0.0
9025,0.0,0.0,0.0,0.0
9026,0.0,0.0,0.0,0.0
9027,0.0,0.0,0.0,0.0
9028,0.0,0.0,0.0,0.0
9029,0.0,0.0,0.0,0.0
9030,0.0,0.0,0.0,0.0
9031,0.0,0.0,0.0,0.0
9032,0.0,0.0,0.0,0.0
9033,0.0,0.0,0.0,0.0
9034,0.0,0.0,0.0,0.0
9035,0.0,0.0,0.0,0.0
9036,0.0,0.0,0.0,0.0
9037,0.0,0.0,0.0,0.0
9038,0.0,0.0,0.0,0.0
9039,0.0,0.0,0.0,0.0
9040,0.0,0.0,0.0,0.0
9041,0.0,0.0,0.0,0.0
9042,0.0,0.0,0.0,0.0
9043,0.0,0.0,0.0,0.0
9044,0.0,0.0,0.0,0.0
9045,0.0,0.0,0.0,0.0
9046,0.0,0.0,0.0,0.0
9047,0.0,0.0,0.0,0.0
9048,0.0,0.0,0.0,0.0
9049,0.0,0.0,0.0,0.0
9050,0.0,0.0,0.0,0.0
9051,0.0,0.0,0.0,0.0
9052,0.0,0.0,0.0,0.0
9053,0.0,0.0,0.0,0.0
9054,0.0,0.0,0.0,0.0
9055,0.0,0.0,0.0,0.0
9056,0.0,0.0,0.0,0.0
9057,0.0,0.0,0.0,0.0
9058,0.0,0.0,0.0,0.0
9059,0.0,0.0,0.0,0.0
9060,0.0,0.0,0.0,0.0
9061,0.0,0.0,0.0,0.0
9062,0.0,0.0,0.0,0.0
9063,0.0,0.0,0.0,0.0
9064,0.0,0.0,0.0,0.0
9065,0.0,0.0,0.0,0.0
9066,0.0,0.0,0.0,0.0
9067,0.0,0.0,0.0,0.0
9068,0.0,0.0,0.0,0.0
9069,0.0,0.0,0.0,0.0
9070,0.0,0.0,0.0,0.0
9071,0.0,0.0,0.0,0.0
9072,0.0,0.0,0.0,0.0
9073,0.0,0.0,0.0,0.0
9074,0.0,0.0,0.0,0.0
9075,0.0,0.0,0.0,0.0
9076,0.0,0.0,0.0,0.0
9077,0.0,0.0,0.0,0.0
9078,0.0,0.0,0.0,0.0
9079,0.0,0.0,0.0,0.0
9080,0.0,0.0,0.0,0.0
9081,0.0,0.0,0.0,0.0
9082,0.0,0.0,0.0,0.0
9083,0.0,0.0,0.0,0.0
9084,0.0,0.0,0.0,0.0
9085,0.0,0.0,0.0,0.0
9086,0.0,0.0,0.0,0.0
9087,0.0,0.0,0.0,0.0
9088,0.0,0.0,0.0,0.0
9089,0.0,0.0,0.0,0.0
9090,0.0,0.0,0.0,0.0
9091,0.0,0.0,0.0,0.0
9092,0.0,0.0,0.0,0.0
9093,0.0,0.0,0.0,0.0
9094,0.0,0.0,0.0,0.0
9095,0.0,0.0,0.0,0.0
9096,0.0,0.0,0.0,0.0
9097,0.0,0.0,0.0,0.0
9098,0.0,0.0,0.0,0.0
9099,0.0,0.0,0.0,0.0
9100,0.0,0.0,0.0,0.0
9101,0.0,0.0,0.0,0.0
9102,0.0,0.0,0.0,0.0
9103,0.0,0.0,0.0,0.0
9104,0.0,0.0,0.0,0.0
9105,0.0,0.0,0.0,0.0
9106,0.0,0.0,0.0,0.0
9107,0.0,0.0,0.0,0.0
9108,0.0,0.0,0.0,0.0
9109,0.0,0.0,0.0,0.0
9110,0.0,0.0,0.0,0.0
9111,0.0,0.0,0.0,0.0
9112,0.0,0.0,0.0,0.0
9113,0.0,0.0,0.0,0.0
9114,0.0,0.0,0.0,0.0
9115,0.0,0.0,0.0,0.0
9116,0.0,0.0,0.0,0.0
9117,0.0,0.0,0.0,0.0
9118,0.0,0.0,0.0,0.0
9119,0.0,0.0,0.0,0.0
9120,0.0,0.0,0.0,0.0
9121,0.0,0.0,0.0,0.0
9122,0.0,0.0,0.0,0.0
9123,0.0,0.0,0.0,0.0
9124,0.0,0.0,0.0,0.0
9125,0.0,0.0,0.0,0.0
9126,0.0,0.0,0.0,0.0
9127,0.0,0.0,0.0,0.0
9128,0.0,0.0,0.0,0.0
9129,0.0,0.0,0.0,0.0
9130,0.0,0.0,0.0,0.0
9131,0.0,0.0,0.0,0.0
9132,0.0,0.0,0.0,0.0
9133,0.0,0.0,0.0,0.0
9134,0.0,0.0,0.0,0.0
9135,0.0,0.0,0.0,0.0
9136,0.0,0.0,0.0,0.0
9137,0.0,0.0,0.0,0.0
9138,0.0,0.0,0.0,0.0
9139,0.0,0.0,0.0,0.0
9140,0.0,0.0,0.0,0.0
9141,0.0,0.0,0.0,0.0
9142,0.0,0.0,0.0,0.0
9143,0.0,0.0,0.0,0.0
9144,0.0,0.0,0.0,0.0
9145,0.0,0.0,0.0,0.0
9146,0.0,0.0,0.0,0.0
9147,0.0,0.0,0.0,0.0
9148,0.0,0.0,0.0,0.0
9149,0.0,0.0,0.0,0.0
9150,0.0,0.0,0.0,0.0
9151,0.0,0.0,0.0,0.0
9152,0.0,0.0,0.0,0.0
9153,0.0,0.0,0.0,0.0
9154,0.0,0.0,0.0,0.0
9155,0.0,0.0,0.0,0.0
9156,0.0,0.0,0.0,0.0
9157,0.0,0.0,0.0,0.0
9158,0.0,0.0,0.0,0.0
9159,0.0,0.0,0.0,0.0
9160,0.0,0.0,0.0,0.0
9161,0.0,0.0,0.0,0.0
9162,0.0,0.0,0.0,0.0
9163,0.0,0.0,0.0,0.0
9164,0.0,0.0,0.0,0.0
9165,0.0,0.0,0.0,0.0
9166,0.0,0.0,0.0,0.0
9167,0.0,0.0,0.0,0.0
9168,0.0,0.0,0.0,0.0
9169,0.0,0.0,0.0,0.0
9170,0.0,0.0,0.0,0.0
9171,0.0,0.0,0.0,0.0
9172,0.0,0.0,0.0,0.0
9173,0.0,0.0,0.0,0.0
9174,0.0,0.0,0.0,0.0
9175,0.0,0.0,0.0,0.0
9176,0.0,0.0,0.0,0.0
9177,0.0,0.0,0.0,0.0
9178,0.0,0.0,0.0,0.0
9179,0.0,0.0,0.0,0.0
9180,0.0,0.0,0.0,0.0
9181,0.0,0.0,0.0,0.0
9182,0.0,0.0,0.0,0.0
9183,0.0,0.0,0.0,0.0
9184,0.0,0.0,0.0,0.0
9185,0.0,0.0,0.0,0.0
9186,0.0,0.0,0.0,0.0
9187,0.0,0.0,0.0,0.0
9188,0.0,0.0,0.0,0.0
9189,0.0,0.0,0.0,0.0
9190,0.0,0.0,0.0,0.0
9191,0.0,0.0,0.0,0.0
9192,0.0,0.0,0.0,0.0
9193,0.0,0.0,0.0,0.0
9194,0.0,0.0,0.0,0.0
9195,0.0,0.0,0.0,0.0
9196,0.0,0.0,0.0,0.0
9197,0.0,0.0,0.0,0.0
9198,0.0,0.0,0.0,0.0
9199,0.0,0.0,0.0,0.0
9200,0.0,0.0,0.0,0.0
9201,0.0,0.0,0.0,0.0
9202,0.0,0.0,0.0,0.0
9203,0.0,0.0,0.0,0.0
9204,0.0,0.0,0.0,0.0
9205,0.0,0.0,0.0,0.0
9206,0.0,0.0,0.0,0.0
9207,0.0,0.0,0.0,0.0
9208,0.0,0.0,0.0,0.0
9209,0.0,0.0,0.0,0.0
9210,0.0,0.0,0.0,0.0
9211,0.0,0.0,0.0,0.0
9212,0.0,0.0,0.0,0.0
9213,0.0,0.0,0.0,0.0
9214,0.0,0.0,0.0,0.0
9215,0.0,0.0,0.0,0.0
9216,0.0,0.0,0.0,0.0
9217,0.0,0.0,0.0,0.0
9218,0.0,0.0,0.0,0.0
9219,0.0,0.0,0.0,0.0
9220,0.0,0.0,0.0,0.0
9221,0.0,0.0,0.0,0.0
9222,0.0,0.0,0.0,0.0
9223,0.0,0.0,0.0,0.0
9224,0.0,0.0,0.0,0.0
9225,0.0,0.0,0.0,0.0
9226,0.0,0.0,0.0,0.0
9227,0.0,0.0,0.0,0.0
9228,0.0,0.0,0.0,0.0
9229,0.0,0.0,0.0,0.0
9230,0.0,0.0,0.0,0.0
9231,0.0,0.0,0.0,0.0
9232,0.0,0.0,0.0,0.0
9233,0.0,0.0,0.0,0.0
9234,0.0,0.0,0.0,0.0
9235,0.0,0.0,0.0,0.0
9236,0.0,0.0,0.0,0.0
9237,0.0,0.0,0.0,0.0
9238,0.0,0.0,0.0,0.0
9239,0.0,0.0,0.0,0.0
9240,0.0,0.0,0.0,0.0
9241,0.0,0.0,0.0,0.0
9242,0.0,0.0,0.0,0.0
9243,0.0,0.0,0.0,0.0
9244,0.0,0.0,0.0,0.0
9245,0.0,0.0,0.0,0.0
9246,0.0,0.0,0.0,0.0
9247,0.0,0.0,0.0,0.0
9248,0.0,0.0,0.0,0.0
9249,0.0,0.0,0.0,0.0
9250,0.0,0.0,0.0,0.0
9251,0.0,0.0,0.0,0.0
9252,0.0,0.0,0.0,0.0
9253,0.0,0.0,0.0,0.0
9254,0.0,0.0,0.0,0.0
9255,0.0,0.0,0.0,0.0
9256,0.0,0.0,0.0,0.0
9257,0.0,0.0,0.0,0.0
9258,0.0,0.0,0.0,0.0
9259,0.0,0.0,0.0,0.0
9260,0.0,0.0,0.0,0.0
9261,0.0,0.0,0.0,0.0
9262,0.0,0.0,0.0,0.0
9263,0.0,0.0,0.0,0.0
9264,0.0,0.0,0.0,0.0
9265,0.0,0.0,0.0,0.0
9266,0.0,0.0,0.0,0.0
9267,0.0,0.0,0.0,0.0
9268,0.0,0.0,0.0,0.0
9269,0.0,0.0,0.0,0.0
9270,0.0,0.0,0.0,0.0
9271,0.0,0.0,0.0,0.0
9272,0.0,0.0,0.0,0.0
9273,0.0,0.0,0.0,0.0
9274,0.0,0.0,0.0,0.0
9275,0.0,0.0,0.0,0.0
9276,0.0,0.0,0.0,0.0
9277,0.0,0.0,0.0,0.0
9278,0.0,0.0,0.0,0.0
9279,0.0,0.0,0.0,0.0
9280,0.0,0.0,0.0,0.0
9281,0.0,0.0,0.0,0.0
9282,0.0,0.0,0.0,0.0
9283,0.0,0.0,0.0,0.0
9284,0.0,0.0,0.0,0.0
9285,0.0,0.0,0.0,0.0
9286,0.0,0.0,0.0,0.0
9287,0.0,0.0,0.0,0.0
9288,0.0,0.0,0.0,0.0
9289,0.0,0.0,0.0,0.0
9290,0.0,0.0,0.0,0.0
9291,0.0,0.0,0.0,0.0
9292,0.0,0.0,0.0,0.0
9293,0.0,0.0,0.0,0.0
9294,0.0,0.0,0.0,0.0
9295,0.0,0.0,0.0,0.0
9296,0.0,0.0,0.0,0.0
9297,0.0,0.0,0.0,0.0
9298,0.0,0.0,0.0,0.0
9299,0.0,0.0,0.0,0.0
9300,0.0,0.0,0.0,0.0
9301,0.0,0.0,0.0,0.0
9302,0.0,0.0,0.0,0.0
9303,0.0,0.0,0.0,0.0
9304,0.0,0.0,0.0,0.0
9305,0.0,0.0,0.0,0.0
9306,0.0,0.0,0.0,0.0
9307,0.0,0.0,0.0,0.0
9308,0.0,0.0,0.0,0.0
9309,0.0,0.0,0.0,0.0
9310,0.0,0.0,0.0,0.0
9311,0.0,0.0,0.0,0.0
9312,0.0,0.0,0.0,0.0
9313,0.0,0.0,0.0,0.0
9314,0.0,0.0,0.0,0.0
9315,0.0,0.0,0.0,0.0
9316,0.0,0.0,0.0,0.0
9317,0.0,0.0,0.0,0.0
9318,0.0,0.0,0.0,0.0
9319,0.0,0.0,0.0,0.0
9320,0.0,0.0,0.0,0.0
9321,0.0,0.0,0.0,0.0
9322,0.0,0.0,0.0,0.0
9323,0.0,0.0,0.0,0.0
9324,0.0,0.0,0.0,0.0
9325,0.0,0.0,0.0,0.0
9326,0.0,0.0,0.0,0.0
9327,0.0,0.0,0.0,0.0
9328,0.0,0.0,0.0,0.0
9329,0.0,0.0,0.0,0.0
9330,0.0,0.0,0.0,0.0
9331,0.0,0.0,0.0,0.0
9332,0.0,0.0,0.0,0.0
9333,0.0,0.0,0.0,0.0
9334,0.0,0.0,0.0,0.0
9335,0.0,0.0,0.0,0.0
9336,0.0,0.0,0.0,0.0
9337,0.0,0.0,0.0,0.0
9338,0.0,0.0,0.0,0.0
9339,0.0,0.0,0.0,0.0
9340,0.0,0.0,0.0,0.0
9341,0.0,0.0,0.0,0.0
9342,0.0,0.0,0.0,0.0
9343,0.0,0.0,0.0,0.0
9344,0.0,0.0,0.0,0.0
9345,0.0,0.0,0.0,0.0
9346,0.0,0.0,0.0,0.0
9347,0.0,0.0,0.0,0.0
9348,0.0,0.0,0.0,0.0
9349,0.0,0.0,0.0,0.0
9350,0.0,0.0,0.0,0.0
9351,0.0,0.0,0.0,0.0
9352,0.0,0.0,0.0,0.0
9353,0.0,0.0,0.0,0.0
9354,0.0,0.0,0.0,0.0
9355,0.0,0.0,0.0,0.0
9356,0.0,0.0,0.0,0.0
9357,0.0,0.0,0.0,0.0
9358,0.0,0.0,0.0,0.0
9359,0.0,0.0,0.0,0.0
9360,0.0,0.0,0.0,0.0
9361,0.0,0.0,0.0,0.0
9362,0.0,0.0,0.0,0.0
9363,0.0,0.0,0.0,0.0
9364,0.0,0.0,0.0,0.0
9365,0.0,0.0,0.0,0.0
9366,0.0,0.0,0.0,0.0
9367,0.0,0.0,0.0,0.0
9368,0.0,0.0,0.0,0.0
9369,0.0,0.0,0.0,0.0
9370,0.0,0.0,0.0,0.0
9371,0.0,0.0,0.0,0.0
9372,0.0,0.0,0.0,0.0
9373,0.0,0.0,0.0,0.0
9374,0.0,0.0,0.0,0.0
9375,0.0,0.0,0.0,0.0
9376,0.0,0.0,0.0,0.0
9377,0.0,0.0,0.0,0.0
9378,0.0,0.0,0.0,0.0
9379,0.0,0.0,0.0,0.0
9380,0.0,0.0,0.0,0.0
9381,0.0,0.0,0.0,0.0
9382,0.0,0.0,0.0,0.0
9383,0.0,0.0,0.0,0.0
9384,0.0,0.0,0.0,0.0
9385,0.0,0.0,0.0,0.0
9386,0.0,0.0,0.0,0.0
9387,0.0,0.0,0.0,0.0
9388,0.0,0.0,0.0,0.0
9389,0.0,0.0,0.0,0.0
9390,0.0,0.0,0.0,0.0
9391,0.0,0.0,0.0,0.0
9392,0.0,0.0,0.0,0.0
9393,0.0,0.0,0.0,0.0
9394,0.0,0.0,0.0,0.0
9395,0.0,0.0,0.0,0.0
9396,0.0,0.0,0.0,0.0
9397,0.0,0.0,0.0,0.0
9398,0.0,0.0,0.0,0.0
9399,0.0,0.0,0.0,0.0
9400,0.0,0.0,0.0,0.0
9401,0.0,0.0,0.0,0.0
9402,0.0,0.0,0.0,0.0
9403,0.0,0.0,0.0,0.0
9404,0.0,0.0,0.0,0.0
9405,0.0,0.0,0.0,0.0
9406,0.0,0.0,0.0,0.0
9407,0.0,0.0,0.0,0.0
9408,0.0,0.0,0.0,0.0
9409,0.0,0.0,0.0,0.0
9410,0.0,0.0,0.0,0.0
9411,0.0,0.0,0.0,0.0
9412,0.0,0.0,0.0,0.0
9413,0.0,0.0,0.0,0.0
9414,0.0,0.0,0.0,0.0
9415,0.0,0.0,0.0,0.0
9416,0.0,0.0,0.0,0.0
9417,0.0,0.0,0.0,0.0
9418,0.0,0.0,0.0,0.0
9419,0.0,0.0,0.0,0.0
9420,0.0,0.0,0.0,0.0
9421,0.0,0.0,0.0,0.0
9422,0.0,0.0,0.0,0.0
9423,0.0,0.0,0.0,0.0
9424,0.0,0.0,0.0,0.0
9425,0.0,0.0,0.0,0.0
9426,0.0,0.0,0.0,0.0
9427,0.0,0.0,0.0,0.0
9428,0.0,0.0,0.0,0.0
9429,0.0,0.0,0.0,0.0
9430,0.0,0.0,0.0,0.0
9431,0.0,0.0,0.0,0.0
9432,0.0,0.0,0.0,0.0
9433,0.0,0.0,0.0,0.0
9434,0.0,0.0,0.0,0.0
9435,0.0,0.0,0.0,0.0
9436,0.0,0.0,0.0,0.0
9437,0.0,0.0,0.0,0.0
9438,0.0,0.0,0.0,0.0
9439,0.0,0.0,0.0,0.0
9440,0.0,0.0,0.0,0.0
9441,0.0,0.0,0.0,0.0
9442,0.0,0.0,0.0,0.0
9443,0.0,0.0,0.0,0.0
9444,0.0,0.0,0.0,0.0
9445,0.0,0.0,0.0,0.0
9446,0.0,0.0,0.0,0.0
9447,0.0,0.0,0.0,0.0
9448,0.0,0.0,0.0,0.0
9449,0.0,0.0,0.0,0.0
9450,0.0,0.0,0.0,0.0
9451,0.0,0.0,0.0,0.0
9452,0.0,0.0,0.0,0.0
9453,0.0,0.0,0.0,0.0
9454,0.0,0.0,0.0,0.0
9455,0.0,0.0,0.0,0.0
9456,0.0,0.0,0.0,0.0
9457,0.0,0.0,0.0,0.0
9458,0.0,0.0,0.0,0.0
9459,0.0,0.0,0.0,0.0
9460,0.0,0.0,0.0,0.0
9461,0.0,0.0,0.0,0.0
9462,0.0,0.0,0.0,0.0
9463,0.0,0.0,0.0,0.0
9464,0.0,0.0,0.0,0.0
9465,0.0,0.0,0.0,0.0
9466,0.0,0.0,0.0,0.0
9467,0.0,0.0,0.0,0.0
9468,0.0,0.0,0.0,0.0
9469,0.0,0.0,0.0,0.0
9470,0.0,0.0,0.0,0.0
9471,0.0,0.0,0.0,0.0
9472,0.0,0.0,0.0,0.0
9473,0.0,0.0,0.0,0.0
9474,0.0,0.0,0.0,0.0
9475,0.0,0.0,0.0,0.0
9476,0.0,0.0,0.0,0.0
9477,0.0,0.0,0.0,0.0
9478,0.0,0.0,0.0,0.0
9479,0.0,0.0,0.0,0.0
9480,0.0,0.0,0.0,0.0
9481,0.0,0.0,0.0,0.0
9482,0.0,0.0,0.0,0.0
9483,0.0,0.0,0.0,0.0
9484,0.0,0.0,0.0,0.0
9485,0.0,0.0,0.0,0.0
9486,0.0,0.0,0.0,0.0
9487,0.0,0.0,0.0,0.0
9488,0.0,0.0,0.0,0.0
9489,0.0,0.0,0.0,0.0
9490,0.0,0.0,0.0,0.0
9491,0.0,0.0,0.0,0.0
9492,0.0,0.0,0.0,0.0
9493,0.0,0.0,0.0,0.0
9494,0.0,0.0,0.0,0.0
9495,0.0,0.0,0.0,0.0
9496,0.0,0.0,0.0,0.0
9497,0.0,0.0,0.0,0.0
9498,0.0,0.0,0.0,0.0
9499,0.0,0.0,0.0,0.0
9500,0.0,0.0,0.0,0.0
9501,0.0,0.0,0.0,0.0
9502,0.0,0.0,0.0,0.0
9503,0.0,0.0,0.0,0.0
9504,0.0,0.0,0.0,0.0
9505,0.0,0.0,0.0,0.0
9506,0.0,0.0,0.0,0.0
9507,0.0,0.0,0.0,0.0
9508,0.0,0.0,0.0,0.0
9509,0.0,0.0,0.0,0.0
9510,0.0,0.0,0.0,0.0
9511,0.0,0.0,0.0,0.0
9512,0.0,0.0,0.0,0.0
9513,0.0,0.0,0.0,0.0
9514,0.0,0.0,0.0,0.0
9515,0.0,0.0,0.0,0.0
9516,0.0,0.0,0.0,0.0
9517,0.0,0.0,0.0,0.0
9518,0.0,0.0,0.0,0.0
9519,0.0,0.0,0.0,0.0
9520,0.0,0.0,0.0,0.0
9521,0.0,0.0,0.0,0.0
9522,0.0,0.0,0.0,0.0
9523,0.0,0.0,0.0,0.0
9524,0.0,0.0,0.0,0.0
9525,0.0,0.0,0.0,0.0
9526,0.0,0.0,0.0,0.0
9527,0.0,0.0,0.0,0.0
9528,0.0,0.0,0.0,0.0
9529,0.0,0.0,0.0,0.0
9530,0.0,0.0,0.0,0.0
9531,0.0,0.0,0.0,0.0
9532,0.0,0.0,0.0,0.0
9533,0.0,0.0,0.0,0.0
9534,0.0,0.0,0.0,0.0
9535,0.0,0.0,0.0,0.0
9536,0.0,0.0,0.0,0.0
9537,0.0,0.0,0.0,0.0
9538,0.0,0.0,0.0,0.0
9539,0.0,0.0,0.0,0.0
9540,0.0,0.0,0.0,0.0
9541,0.0,0.0,0.0,0.0
9542,0.0,0.0,0.0,0.0
9543,0.0,0.0,0.0,0.0
9544,0.0,0.0,0.0,0.0
9545,0.0,0.0,0.0,0.0
9546,0.0,0.0,0.0,0.0
9547,0.0,0.0,0.0,0.0
9548,0.0,0.0,0.0,0.0
9549,0.0,0.0,0.0,0.0
9550,0.0,0.0,0.0,0.0
9551,0.0,0.0,0.0,0.0
9552,0.0,0.0,0.0,0.0
9553,0.0,0.0,0.0,0.0
9554,0.0,0.0,0.0,0.0
9555,0.0,0.0,0.0,0.0
9556,0.0,0.0,0.0,0.0
9557,0.0,0.0,0.0,0.0
9558,0.0,0.0,0.0,0.0
9559,0.0,0.0,0.0,0.0
9560,0.0,0.0,0.0,0.0
9561,0.0,0.0,0.0,0.0
9562,0.0,0.0,0.0,0.0
9563,0.0,0.0,0.0,0.0
9564,0.0,0.0,0.0,0.0
9565,0.0,0.0,0.0,0.0
9566,0.0,0.0,0.0,0.0
9567,0.0,0.0,0.0,0.0
9568,0.0,0.0,0.0,0.0
9569,0.0,0.0,0.0,0.0
9570,0.0,0.0,0.0,0.0
9571,0.0,0.0,0.0,0.0
9572,0.0,0.0,0.0,0.0
9573,0.0,0.0,0.0,0.0
9574,0.0,0.0,0.0,0.0
9575,0.0,0.0,0.0,0.0
9576,0.0,0.0,0.0,0.0
9577,0.0,0.0,0.0,0.0
9578,0.0,0.0,0.0,0.0
9579,0.0,0.0,0.0,0.0
9580,0.0,0.0,0.0,0.0
9581,0.0,0.0,0.0,0.0
9582,0.0,0.0,0.0,0.0
9583,0.0,0.0,0.0,0.0
9584,0.0,0.0,0.0,0.0
9585,0.0,0.0,0.0,0.0
9586,0.0,0.0,0.0,0.0
9587,0.0,0.0,0.0,0.0
9588,0.0,0.0,0.0,0.0
9589,0.0,0.0,0.0,0.0
9590,0.0,0.0,0.0,0.0
9591,0.0,0.0,0.0,0.0
9592,0.0,0.0,0.0,0.0
9593,0.0,0.0,0.0,0.0
9594,0.0,0.0,0.0,0.0
9595,0.0,0.0,0.0,0.0
9596,0.0,0.0,0.0,0.0
9597,0.0,0.0,0.0,0.0
9598,0.0,0.0,0.0,0.0
9599,0.0,0.0,0.0,0.0
9600,0.0,0.0,0.0,0.0
9601,0.0,0.0,0.0,0.0
9602,0.0,0.0,0.0,0.0
9603,0.0,0.0,0.0,0.0
9604,0.0,0.0,0.0,0.0
9605,0.0,0.0,0.0,0.0
9606,0.0,0.0,0.0,0.0
9607,0.0,0.0,0.0,0.0
9608,0.0,0.0,0.0,0.0
9609,0.0,0.0,0.0,0.0
9610,0.0,0.0,0.0,0.0
9611,0.0,0.0,0.0,0.0
9612,0.0,0.0,0.0,0.0
9613,0.0,0.0,0.0,0.0
9614,0.0,0.0,0.0,0.0
9615,0.0,0.0,0.0,0.0
9616,0.0,0.0,0.0,0.0
9617,0.0,0.0,0.0,0.0
9618,0.0,0.0,0.0,0.0
9619,0.0,0.0,0.0,0.0
9620,0.0,0.0,0.0,0.0
9621,0.0,0.0,0.0,0.0
9622,0.0,0.0,0.0,0.0
9623,0.0,0.0,0.0,0.0
9624,0.0,0.0,0.0,0.0
9625,0.0,0.0,0.0,0.0
9626,0.0,0.0,0.0,0.0
9627,0.0,0.0,0.0,0.0
9628,0.0,0.0,0.0,0.0
9629,0.0,0.0,0.0,0.0
9630,0.0,0.0,0.0,0.0
9631,0.0,0.0,0.0,0.0
9632,0.0,0.0,0.0,0.0
9633,0.0,0.0,0.0,0.0
9634,0.0,0.0,0.0,0.0
9635,0.0,0.0,0.0,0.0
9636,0.0,0.0,0.0,0.0
9637,0.0,0.0,0.0,0.0
9638,0.0,0.0,0.0,0.0
9639,0.0,0.0,0.0,0.0
9640,0.0,0.0,0.0,0.0
9641,0.0,0.0,0.0,0.0
9642,0.0,0.0,0.0,0.0
9643,0.0,0.0,0.0,0.0
9644,0.0,0.0,0.0,0.0
9645,0.0,0.0,0.0,0.0
9646,0.0,0.0,0.0,0.0
9647,0.0,0.0,0.0,0.0
9648,0.0,0.0,0.0,0.0
9649,0.0,0.0,0.0,0.0
9650,0.0,0.0,0.0,0.0
9651,0.0,0.0,0.0,0.0
9652,0.0,0.0,0.0,0.0
9653,0.0,0.0,0.0,0.0
9654,0.0,0.0,0.0,0.0
9655,0.0,0.0,0.0,0.0
9656,0.0,0.0,0.0,0.0
9657,0.0,0.0,0.0,0.0
9658,0.0,0.0,0.0,0.0
9659,0.0,0.0,0.0,0.0
9660,0.0,0.0,0.0,0.0
9661,0.0,0.0,0.0,0.0
9662,0.0,0.0,0.0,0.0
9663,0.0,0.0,0.0,0.0
9664,0.0,0.0,0.0,0.0
9665,0.0,0.0,0.0,0.0
9666,0.0,0.0,0.0,0.0
9667,0.0,0.0,0.0,0.0
9668,0.0,0.0,0.0,0.0
9669,0.0,0.0,0.0,0.0
9670,0.0,0.0,0.0,0.0
9671,0.0,0.0,0.0,0.0
9672,0.0,0.0,0.0,0.0
9673,0.0,0.0,0.0,0.0
9674,0.0,0.0,0.0,0.0
9675,0.0,0.0,0.0,0.0
9676,0.0,0.0,0.0,0.0
9677,0.0,0.0,0.0,0.0
9678,0.0,0.0,0.0,0.0
9679,0.0,0.0,0.0,0.0
9680,0.0,0.0,0.0,0.0
9681,0.0,0.0,0.0,0.0
9682,0.0,0.0,0.0,0.0
9683,0.0,0.0,0.0,0.0
9684,0.0,0.0,0.0,0.0
9685,0.0,0.0,0.0,0.0
9686,0.0,0.0,0.0,0.0
9687,0.0,0.0,0.0,0.0
9688,0.0,0.0,0.0,0.0
9689,0.0,0.0,0.0,0.0
9690,0.0,0.0,0.0,0.0
9691,0.0,0.0,0.0,0.0
9692,0.0,0.0,0.0,0.0
9693,0.0,0.0,0.0,0.0
9694,0.0,0.0,0.0,0.0
9695,0.0,0.0,0.0,0.0
9696,0.0,0.0,0.0,0.0
9697,0.0,0.0,0.0,0.0
9698,0.0,0.0,0.0,0.0
9699,0.0,0.0,0.0,0.0
9700,0.0,0.0,0.0,0.0
9701,0.0,0.0,0.0,0.0
9702,0.0,0.0,0.0,0.0
9703,0.0,0.0,0.0,0.0
9704,0.0,0.0,0.0,0.0
9705,0.0,0.0,0.0,0.0
9706,0.0,0.0,0.0,0.0
9707,0.0,0.0,0.0,0.0
9708,0.0,0.0,0.0,0.0
9709,0.0,0.0,0.0,0.0
9710,0.0,0.0,0.0,0.0
9711,0.0,0.0,0.0,0.0
9712,0.0,0.0,0.0,0.0
9713,0.0,0.0,0.0,0.0
9714,0.0,0.0,0.0,0.0
9715,0.0,0.0,0.0,0.0
9716,0.0,0.0,0.0,0.0
9717,0.0,0.0,0.0,0.0
9718,0.0,0.0,0.0,0.0
9719,0.0,0.0,0.0,0.0
9720,0.0,0.0,0.0,0.0
9721,0.0,0.0,0.0,0.0
9722,0.0,0.0,0.0,0.0
9723,0.0,0.0,0.0,0.0
9724,0.0,0.0,0.0,0.0
9725,0.0,0.0,0.0,0.0
9726,0.0,0.0,0.0,0.0
9727,0.0,0.0,0.0,0.0
9728,0.0,0.0,0.0,0.0
9729,0.0,0.0,0.0,0.0
9730,0.0,0.0,0.0,0.0
9731,0.0,0.0,0.0,0.0
9732,0.0,0.0,0.0,0.0
9733,0.0,0.0,0.0,0.0
9734,0.0,0.0,0.0,0.0
9735,0.0,0.0,0.0,0.0
9736,0.0,0.0,0.0,0.0
9737,0.0,0.0,0.0,0.0
9738,0.0,0.0,0.0,0.0
9739,0.0,0.0,0.0,0.0
9740,0.0,0.0,0.0,0.0
9741,0.0,0.0,0.0,0.0
9742,0.0,0.0,0.0,0.0
9743,0.0,0.0,0.0,0.0
9744,0.0,0.0,0.0,0.0
9745,0.0,0.0,0.0,0.0
9746,0.0,0.0,0.0,0.0
9747,0.0,0.0,0.0,0.0
9748,0.0,0.0,0.0,0.0
9749,0.0,0.0,0.0,0.0
9750,0.0,0.0,0.0,0.0
9751,0.0,0.0,0.0,0.0
9752,0.0,0.0,0.0,0.0
9753,0.0,0.0,0.0,0.0
9754,0.0,0.0,0.0,0.0
9755,0.0,0.0,0.0,0.0
9756,0.0,0.0,0.0,0.0
9757,0.0,0.0,0.0,0.0
9758,0.0,0.0,0.0,0.0
9759,0.0,0.0,0.0,0.0
9760,0.0,0.0,0.0,0.0
9761,0.0,0.0,0.0,0.0
9762,0.0,0.0,0.0,0.0
9763,0.0,0.0,0.0,0.0
9764,0.0,0.0,0.0,0.0
9765,0.0,0.0,0.0,0.0
9766,0.0,0.0,0.0,0.0
9767,0.0,0.0,0.0,0.0
9768,0.0,0.0,0.0,0.0
9769,0.0,0.0,0.0,0.0
9770,0.0,0.0,0.0,0.0
9771,0.0,0.0,0.0,0.0
9772,0.0,0.0,0.0,0.0
9773,0.0,0.0,0.0,0.0
9774,0.0,0.0,0.0,0.0
9775,0.0,0.0,0.0,0.0
9776,0.0,0.0,0.0,0.0
9777,0.0,0.0,0.0,0.0
9778,0.0,0.0,0.0,0.0
9779,0.0,0.0,0.0,0.0
9780,0.0,0.0,0.0,0.0
9781,0.0,0.0,0.0,0.0
9782,0.0,0.0,0.0,0.0
9783,0.0,0.0,0.0,0.0
9784,0.0,0.0,0.0,0.0
9785,0.0,0.0,0.0,0.0
9786,0.0,0.0,0.0,0.0
9787,0.0,0.0,0.0,0.0
9788,0.0,0.0,0.0,0.0
9789,0.0,0.0,0.0,0.0
9790,0.0,0.0,0.0,0.0
9791,0.0,0.0,0.0,0.0
9792,0.0,0.0,0.0,0.0
9793,0.0,0.0,0.0,0.0
9794,0.0,0.0,0.0,0.0
9795,0.0,0.0,0.0,0.0
9796,0.0,0.0,0.0,0.0
9797,0.0,0.0,0.0,0.0
9798,0.0,0.0,0.0,0.0
9799,0.0,0.0,0.0,0.0
9800,0.0,0.0,0.0,0.0
9801,0.0,0.0,0.0,0.0
9802,0.0,0.0,0.0,0.0
9803,0.0,0.0,0.0,0.0
9804,0.0,0.0,0.0,0.0
9805,0.0,0.0,0.0,0.0
9806,0.0,0.0,0.0,0.0
9807,0.0,0.0,0.0,0.0
9808,0.0,0.0,0.0,0.0
9809,0.0,0.0,0.0,0.0
9810,0.0,0.0,0.0,0.0
9811,0.0,0.0,0.0,0.0
9812,0.0,0.0,0.0,0.0
9813,0.0,0.0,0.0,0.0
9814,0.0,0.0,0.0,0.0
9815,0.0,0.0,0.0,0.0
9816,0.0,0.0,0.0,0.0
9817,0.0,0.0,0.0,0.0
9818,0.0,0.0,0.0,0.0
9819,0.0,0.0,0.0,0.0
9820,0.0,0.0,0.0,0.0
9821,0.0,0.0,0.0,0.0
9822,0.0,0.0,0.0,0.0
9823,0.0,0.0,0.0,0.0
9824,0.0,0.0,0.0,0.0
9825,0.0,0.0,0.0,0.0
9826,0.0,0.0,0.0,0.0
9827,0.0,0.0,0.0,0.0
9828,0.0,0.0,0.0,0.0
9829,0.0,0.0,0.0,0.0
9830,0.0,0.0,0.0,0.0
9831,0.0,0.0,0.0,0.0
9832,0.0,0.0,0.0,0.0
9833,0.0,0.0,0.0,0.0
9834,0.0,0.0,0.0,0.0
9835,0.0,0.0,0.0,0.0
9836,0.0,0.0,0.0,0.0
9837,0.0,0.0,0.0,0.0
9838,0.0,0.0,0.0,0.0
9839,0.0,0.0,0.0,0.0
9840,0.0,0.0,0.0,0.0
9841,0.0,0.0,0.0,0.0
9842,0.0,0.0,0.0,0.0
9843,0.0,0.0,0.0,0.0
9844,0.0,0.0,0.0,0.0
9845,0.0,0.0,0.0,0.0
9846,0.0,0.0,0.0,0.0
9847,0.0,0.0,0.0,0.0
9848,0.0,0.0,0.0,0.0
9849,0.0,0.0,0.0,0.0
9850,0.0,0.0,0.0,0.0
9851,0.0,0.0,0.0,0.0
9852,0.0,0.0,0.0,0.0
9853,0.0,0.0,0.0,0.0
9854,0.0,0.0,0.0,0.0
9855,0.0,0.0,0.0,0.0
9856,0.0,0.0,0.0,0.0
9857,0.0,0.0,0.0,0.0
9858,0.0,0.0,0.0,0.0
9859,0.0,0.0,0.0,0.0
9860,0.0,0.0,0.0,0.0
9861,0.0,0.0,0.0,0.0
9862,0.0,0.0,0.0,0.0
9863,0.0,0.0,0.0,0.0
9864,0.0,0.0,0.0,0.0
9865,0.0,0.0,0.0,0.0
9866,0.0,0.0,0.0,0.0
9867,0.0,0.0,0.0,0.0
9868,0.0,0.0,0.0,0.0
9869,0.0,0.0,0.0,0.0
9870,0.0,0.0,0.0,0.0
9871,0.0,0.0,0.0,0.0
9872,0.0,0.0,0.0,0.0
9873,0.0,0.0,0.0,0.0
9874,0.0,0.0,0.0,0.0
9875,0.0,0.0,0.0,0.0
9876,0.0,0.0,0.0,0.0
9877,0.0,0.0,0.0,0.0
9878,0.0,0.0,0.0,0.0
9879,0.0,0.0,0.0,0.0
9880,0.0,0.0,0.0,0.0
9881,0.0,0.0,0.0,0.0
9882,0.0,0.0,0.0,0.0
9883,0.0,0.0,0.0,0.0
9884,0.0,0.0,0.0,0.0
9885,0.0,0.0,0.0,0.0
9886,0.0,0.0,0.0,0.0
9887,0.0,0.0,0.0,0.0
9888,0.0,0.0,0.0,0.0
9889,0.0,0.0,0.0,0.0
9890,0.0,0.0,0.0,0.0
9891,0.0,0.0,0.0,0.0
9892,0.0,0.0,0.0,0.0
9893,0.0,0.0,0.0,0.0
9894,0.0,0.0,0.0,0.0
9895,0.0,0.0,0.0,0.0
9896,0.0,0.0,0.0,0.0
9897,0.0,0.0,0.0,0.0
9898,0.0,0.0,0.0,0.0
9899,0.0,0.0,0.0,0.0
9900,0.0,0.0,0.0,0.0
9901,0.0,0.0,0.0,0.0
9902,0.0,0.0,0.0,0.0
9903,0.0,0.0,0.0,0.0
9904,0.0,0.0,0.0,0.0
9905,0.0,0.0,0.0,0.0
9906,0.0,0.0,0.0,0.0
9907,0.0,0.0,0.0,0.0
9908,0.0,0.0,0.0,0.0
9909,0.0,0.0,0.0,0.0
9910,0.0,0.0,0.0,0.0
9911,0.0,0.0,0.0,0.0
9912,0.0,0.0,0.0,0.0
9913,0.0,0.0,0.0,0.0
9914,0.0,0.0,0.0,0.0
9915,0.0,0.0,0.0,0.0
9916,0.0,0.0,0.0,0.0
9917,0.0,0.0,0.0,0.0
9918,0.0,0.0,0.0,0.0
9919,0.0,0.0,0.0,0.0
9920,0.0,0.0,0.0,0.0
9921,0.0,0.0,0.0,0.0
9922,0.0,0.0,0.0,0.0
9923,0.0,0.0,0.0,0.0
9924,0.0,0.0,0.0,0.0
9925,0.0,0.0,0.0,0.0
9926,0.0,0.0,0.0,0.0
9927,0.0,0.0,0.0,0.0
9928,0.0,0.0,0.0,0.0
9929,0.0,0.0,0.0,0.0
9930,0.0,0.0,0.0,0.0
9931,0.0,0.0,0.0,0.0
9932,0.0,0.0,0.0,0.0
9933,0.0,0.0,0.0,0.0
9934,0.0,0.0,0.0,0.0
9935,0.0,0.0,0.0,0.0
9936,0.0,0.0,0.0,0.0
9937,0.0,0.0,0.0,0.0
9938,0.0,0.0,0.0,0.0
9939,0.0,0.0,0.0,0.0
9940,0.0,0.0,0.0,0.0
9941,0.0,0.0,0.0,0.0
9942,0.0,0.0,0.0,0.0
9943,0.0,0.0,0.0,0.0
9944,0.0,0.0,0.0,0.0
9945,0.0,0.0,0.0,0.0
9946,0.0,0.0,0.0,0.0
9947,0.0,0.0,0.0,0.0
9948,0.0,0.0,0.0,0.0
9949,0.0,0.0,0.0,0.0
9950,0.0,0.0,0.0,0.0
9951,0.0,0.0,0.0,0.0
9952,0.0,0.0,0.0,0.0
9953,0.0,0.0,0.0,0.0
9954,0.0,0.0,0.0,0.0
9955,0.0,0.0,0.0,0.0
9956,0.0,0.0,0.0,0.0
9957,0.0,0.0,0.0,0.0
9958,0.0,0.0,0.0,0.0
9959,0.0,0.0,0.0,0.0
9960,0.0,0.0,0.0,0.0
9961,0.0,0.0,0.0,0.0
9962,0.0,0.0,0.0,0.0
9963,0.0,0.0,0.0,0.0
9964,0.0,0.0,0.0,0.0
9965,0.0,0.0,0.0,0.0
9966,0.0,0.0,0.0,0.0
9967,0.0,0.0,0.0,0.0
9968,0.0,0.0,0.0,0.0
9969,0.0,0.0,0.0,0.0
9970,0.0,0.0,0.0,0.0
9971,0.0,0.0,0.0,0.0
9972,0.0,0.0,0.0,0.0
9973,0.0,0.0,0.0,0.0
9974,0.0,0.0,0.0,0.0
9975,0.0,0.0,0.0,0.0
9976,0.0,0.0,0.0,0.0
9977,0.0,0.0,0.0,0.0
9978,0.0,0.0,0.0,0.0
9979,0.0,0.0,0.0,0.0
9980,0.0,0.0,0.0,0.0
9981,0.0,0.0,0.0,0.0
9982,0.0,0.0,0.0,0.0
9983,0.0,0.0,0.0,0.0
9984,0.0,0.0,0.0,0.0
9985,0.0,0.0,0.0,0.0
9986,0.0,0.0,0.0,0.0
9987,0.0,0.0,0.0,0.0
9988,0.0,0.0,0.0,0.0
9989,0.0,0.0,0.0,0.0
9990,0.0,0.0,0.0,0.0
9991,0.0,0.0,0.0,0.0
9992,0.0,0.0,0.0,0.0
9993,0.0,0.0,0.0,0.0
9994,0.0,0.0,0.0,0.0
9995,0.0,0.0,0.0,0.0
9996,0.0,0.0,0.0,0.0
9997,0.0,0.0,0.0,0.0
9998,0.0,0.0,0.0,0.0
9999,0.0,0.0,0.0,0.0
10000,0.0,0.0,0.0,0.0
10001,0.0,0.0,0.0,0.0
10002,0.0,0.0,0.0,0.0
10003,0.0,0.0,0.0,0.0
10004,0.0,0.0,0.0,0.0
10005,0.0,0.0,0.0,0.0
10006,0.0,0.0,0.0,0.0
10007,0.0,0.0,0.0,0.0
10008,0.0,0.0,0.0,0.0
10009,0.0,0.0,0.0,0.0
10010,0.0,0.0,0.0,0.0
10011,0.0,0.0,0.0,0.0
10012,0.0,0.0,0.0,0.0
10013,0.0,0.0,0.0,0.0
10014,0.0,0.0,0.0,0.0
10015,0.0,0.0,0.0,0.0
10016,0.0,0.0,0.0,0.0
10017,0.0,0.0,0.0,0.0
10018,0.0,0.0,0.0,0.0
10019,0.0,0.0,0.0,0.0
10020,0.0,0.0,0.0,0.0
10021,0.0,0.0,0.0,0.0
10022,0.0,0.0,0.0,0.0
10023,0.0,0.0,0.0,0.0
10024,0.0,0.0,0.0,0.0
10025,0.0,0.0,0.0,0.0
10026,0.0,0.0,0.0,0.0
10027,0.0,0.0,0.0,0.0
10028,0.0,0.0,0.0,0.0
10029,0.0,0.0,0.0,0.0
10030,0.0,0.0,0.0,0.0
10031,0.0,0.0,0.0,0.0
10032,0.0,0.0,0.0,0.0
10033,0.0,0.0,0.0,0.0
10034,0.0,0.0,0.0,0.0
10035,0.0,0.0,0.0,0.0
10036,0.0,0.0,0.0,0.0
10037,0.0,0.0,0.0,0.0
10038,0.0,0.0,0.0,0.0
10039,0.0,0.0,0.0,0.0
10040,0.0,0.0,0.0,0.0
10041,0.0,0.0,0.0,0.0
10042,0.0,0.0,0.0,0.0
10043,0.0,0.0,0.0,0.0
10044,0.0,0.0,0.0,0.0
10045,0.0,0.0,0.0,0.0
10046,0.0,0.0,0.0,0.0
10047,0.0,0.0,0.0,0.0
10048,0.0,0.0,0.0,0.0
10049,0.0,0.0,0.0,0.0
10050,0.0,0.0,0.0,0.0
10051,0.0,0.0,0.0,0.0
10052,0.0,0.0,0.0,0.0
10053,0.0,0.0,0.0,0.0
10054,0.0,0.0,0.0,0.0
10055,0.0,0.0,0.0,0.0
10056,0.0,0.0,0.0,0.0
10057,0.0,0.0,0.0,0.0
10058,0.0,0.0,0.0,0.0
10059,0.0,0.0,0.0,0.0
10060,0.0,0.0,0.0,0.0
10061,0.0,0.0,0.0,0.0
10062,0.0,0.0,0.0,0.0
10063,0.0,0.0,0.0,0.0
10064,0.0,0.0,0.0,0.0
10065,0.0,0.0,0.0,0.0
10066,0.0,0.0,0.0,0.0
10067,0.0,0.0,0.0,0.0
10068,0.0,0.0,0.0,0.0
10069,0.0,0.0,0.0,0.0
10070,0.0,0.0,0.0,0.0
10071,0.0,0.0,0.0,0.0
10072,0.0,0.0,0.0,0.0
10073,0.0,0.0,0.0,0.0
10074,0.0,0.0,0.0,0.0
10075,0.0,0.0,0.0,0.0
10076,0.0,0.0,0.0,0.0
10077,0.0,0.0,0.0,0.0
10078,0.0,0.0,0.0,0.0
10079,0.0,0.0,0.0,0.0
10080,0.0,0.0,0.0,0.0
10081,0.0,0.0,0.0,0.0
10082,0.0,0.0,0.0,0.0
10083,0.0,0.0,0.0,0.0
10084,0.0,0.0,0.0,0.0
10085,0.0,0.0,0.0,0.0
10086,0.0,0.0,0.0,0.0
10087,0.0,0.0,0.0,0.0
10088,0.0,0.0,0.0,0.0
10089,0.0,0.0,0.0,0.0
10090,0.0,0.0,0.0,0.0
10091,0.0,0.0,0.0,0.0
10092,0.0,0.0,0.0,0.0
10093,0.0,0.0,0.0,0.0
10094,0.0,0.0,0.0,0.0
10095,0.0,0.0,0.0,0.0
10096,0.0,0.0,0.0,0.0
10097,0.0,0.0,0.0,0.0
10098,0.0,0.0,0.0,0.0
10099,0.0,0.0,0.0,0.0
10100,0.0,0.0,0.0,0.0
10101,0.0,0.0,0.0,0.0
10102,0.0,0.0,0.0,0.0
10103,0.0,0.0,0.0,0.0
10104,0.0,0.0,0.0,0.0
10105,0.0,0.0,0.0,0.0
10106,0.0,0.0,0.0,0.0
10107,0.0,0.0,0.0,0.0
10108,0.0,0.0,0.0,0.0
10109,0.0,0.0,0.0,0.0
10110,0.0,0.0,0.0,0.0
10111,0.0,0.0,0.0,0.0
10112,0.0,0.0,0.0,0.0
10113,0.0,0.0,0.0,0.0
10114,0.0,0.0,0.0,0.0
10115,0.0,0.0,0.0,0.0
10116,0.0,0.0,0.0,0.0
10117,0.0,0.0,0.0,0.0
10118,0.0,0.0,0.0,0.0
10119,0.0,0.0,0.0,0.0
10120,0.0,0.0,0.0,0.0
10121,0.0,0.0,0.0,0.0
10122,0.0,0.0,0.0,0.0
10123,0.0,0.0,0.0,0.0
10124,0.0,0.0,0.0,0.0
10125,0.0,0.0,0.0,0.0
10126,0.0,0.0,0.0,0.0
10127,0.0,0.0,0.0,0.0
10128,0.0,0.0,0.0,0.0
10129,0.0,0.0,0.0,0.0
10130,0.0,0.0,0.0,0.0
10131,0.0,0.0,0.0,0.0
10132,0.0,0.0,0.0,0.0
10133,0.0,0.0,0.0,0.0
10134,0.0,0.0,0.0,0.0
10135,0.0,0.0,0.0,0.0
10136,0.0,0.0,0.0,0.0
10137,0.0,0.0,0.0,0.0
10138,0.0,0.0,0.0,0.0
10139,0.0,0.0,0.0,0.0
10140,0.0,0.0,0.0,0.0
10141,0.0,0.0,0.0,0.0
10142,0.0,0.0,0.0,0.0
10143,0.0,0.0,0.0,0.0
10144,0.0,0.0,0.0,0.0
10145,0.0,0.0,0.0,0.0
10146,0.0,0.0,0.0,0.0
10147,0.0,0.0,0.0,0.0
10148,0.0,0.0,0.0,0.0
10149,0.0,0.0,0.0,0.0
10150,0.0,0.0,0.0,0.0
10151,0.0,0.0,0.0,0.0
10152,0.0,0.0,0.0,0.0
10153,0.0,0.0,0.0,0.0
10154,0.0,0.0,0.0,0.0
10155,0.0,0.0,0.0,0.0
10156,0.0,0.0,0.0,0.0
10157,0.0,0.0,0.0,0.0
10158,0.0,0.0,0.0,0.0
10159,0.0,0.0,0.0,0.0
10160,0.0,0.0,0.0,0.0
10161,0.0,0.0,0.0,0.0
10162,0.0,0.0,0.0,0.0
10163,0.0,0.0,0.0,0.0
10164,0.0,0.0,0.0,0.0
10165,0.0,0.0,0.0,0.0
10166,0.0,0.0,0.0,0.0
10167,0.0,0.0,0.0,0.0
10168,0.0,0.0,0.0,0.0
10169,0.0,0.0,0.0,0.0
10170,0.0,0.0,0.0,0.0
10171,0.0,0.0,0.0,0.0
10172,0.0,0.0,0.0,0.0
10173,0.0,0.0,0.0,0.0
10174,0.0,0.0,0.0,0.0
10175,0.0,0.0,0.0,0.0
10176,0.0,0.0,0.0,0.0
10177,0.0,0.0,0.0,0.0
10178,0.0,0.0,0.0,0.0
10179,0.0,0.0,0.0,0.0
10180,0.0,0.0,0.0,0.0
10181,0.0,0.0,0.0,0.0
10182,0.0,0.0,0.0,0.0
10183,0.0,0.0,0.0,0.0
10184,0.0,0.0,0.0,0.0
10185,0.0,0.0,0.0,0.0
10186,0.0,0.0,0.0,0.0
10187,0.0,0.0,0.0,0.0
10188,0.0,0.0,0.0,0.0
10189,0.0,0.0,0.0,0.0
10190,0.0,0.0,0.0,0.0
10191,0.0,0.0,0.0,0.0
10192,0.0,0.0,0.0,0.0
10193,0.0,0.0,0.0,0.0
10194,0.0,0.0,0.0,0.0
10195,0.0,0.0,0.0,0.0
10196,0.0,0.0,0.0,0.0
10197,0.0,0.0,0.0,0.0
10198,0.0,0.0,0.0,0.0
10199,0.0,0.0,0.0,0.0
10200,0.0,0.0,0.0,0.0
10201,0.0,0.0,0.0,0.0
10202,0.0,0.0,0.0,0.0
10203,0.0,0.0,0.0,0.0
10204,0.0,0.0,0.0,0.0
10205,0.0,0.0,0.0,0.0
10206,0.0,0.0,0.0,0.0
10207,0.0,0.0,0.0,0.0
10208,0.0,0.0,0.0,0.0
10209,0.0,0.0,0.0,0.0
10210,0.0,0.0,0.0,0.0
10211,0.0,0.0,0.0,0.0
10212,0.0,0.0,0.0,0.0
10213,0.0,0.0,0.0,0.0
10214,0.0,0.0,0.0,0.0
10215,0.0,0.0,0.0,0.0
10216,0.0,0.0,0.0,0.0
10217,0.0,0.0,0.0,0.0
10218,0.0,0.0,0.0,0.0
10219,0.0,0.0,0.0,0.0
10220,0.0,0.0,0.0,0.0
10221,0.0,0.0,0.0,0.0
10222,0.0,0.0,0.0,0.0
10223,0.0,0.0,0.0,0.0
10224,0.0,0.0,0.0,0.0
10225,0.0,0.0,0.0,0.0
10226,0.0,0.0,0.0,0.0
10227,0.0,0.0,0.0,0.0
10228,0.0,0.0,0.0,0.0
10229,0.0,0.0,0.0,0.0
10230,0.0,0.0,0.0,0.0
10231,0.0,0.0,0.0,0.0
10232,0.0,0.0,0.0,0.0
10233,0.0,0.0,0.0,0.0
10234,0.0,0.0,0.0,0.0
10235,0.0,0.0,0.0,0.0
10236,0.0,0.0,0.0,0.0
10237,0.0,0.0,0.0,0.0
10238,0.0,0.0,0.0,0.0
10239,0.0,0.0,0.0,0.0
10240,0.0,0.0,0.0,0.0
10241,0.0,0.0,0.0,0.0
10242,0.0,0.0,0.0,0.0
10243,0.0,0.0,0.0,0.0
10244,0.0,0.0,0.0,0.0
10245,0.0,0.0,0.0,0.0
10246,0.0,0.0,0.0,0.0
10247,0.0,0.0,0.0,0.0
10248,0.0,0.0,0.0,0.0
10249,0.0,0.0,0.0,0.0
10250,0.0,0.0,0.0,0.0
10251,0.0,0.0,0.0,0.0
10252,0.0,0.0,0.0,0.0
10253,0.0,0.0,0.0,0.0
10254,0.0,0.0,0.0,0.0
10255,0.0,0.0,0.0,0.0
10256,0.0,0.0,0.0,0.0
10257,0.0,0.0,0.0,0.0
10258,0.0,0.0,0.0,0.0
10259,0.0,0.0,0.0,0.0
10260,0.0,0.0,0.0,0.0
10261,0.0,0.0,0.0,0.0
10262,0.0,0.0,0.0,0.0
10263,0.0,0.0,0.0,0.0
10264,0.0,0.0,0.0,0.0
10265,0.0,0.0,0.0,0.0
10266,0.0,0.0,0.0,0.0
10267,0.0,0.0,0.0,0.0
10268,0.0,0.0,0.0,0.0
10269,0.0,0.0,0.0,0.0
10270,0.0,0.0,0.0,0.0
10271,0.0,0.0,0.0,0.0
10272,0.0,0.0,0.0,0.0
10273,0.0,0.0,0.0,0.0
10274,0.0,0.0,0.0,0.0
10275,0.0,0.0,0.0,0.0
10276,0.0,0.0,0.0,0.0
10277,0.0,0.0,0.0,0.0
10278,0.0,0.0,0.0,0.0
10279,0.0,0.0,0.0,0.0
10280,0.0,0.0,0.0,0.0
10281,0.0,0.0,0.0,0.0
10282,0.0,0.0,0.0,0.0
10283,0.0,0.0,0.0,0.0
10284,0.0,0.0,0.0,0.0
10285,0.0,0.0,0.0,0.0
10286,0.0,0.0,0.0,0.0
10287,0.0,0.0,0.0,0.0
10288,0.0,0.0,0.0,0.0
10289,0.0,0.0,0.0,0.0
10290,0.0,0.0,0.0,0.0
10291,0.0,0.0,0.0,0.0
10292,0.0,0.0,0.0,0.0
10293,0.0,0.0,0.0,0.0
10294,0.0,0.0,0.0,0.0
10295,0.0,0.0,0.0,0.0
10296,0.0,0.0,0.0,0.0
10297,0.0,0.0,0.0,0.0
10298,0.0,0.0,0.0,0.0
10299,0.0,0.0,0.0,0.0
10300,0.0,0.0,0.0,0.0
10301,0.0,0.0,0.0,0.0
10302,0.0,0.0,0.0,0.0
10303,0.0,0.0,0.0,0.0
10304,0.0,0.0,0.0,0.0
10305,0.0,0.0,0.0,0.0
10306,0.0,0.0,0.0,0.0
10307,0.0,0.0,0.0,0.0
10308,0.0,0.0,0.0,0.0
10309,0.0,0.0,0.0,0.0
10310,0.0,0.0,0.0,0.0
10311,0.0,0.0,0.0,0.0
10312,0.0,0.0,0.0,0.0
10313,0.0,0.0,0.0,0.0
10314,0.0,0.0,0.0,0.0
10315,0.0,0.0,0.0,0.0
10316,0.0,0.0,0.0,0.0
10317,0.0,0.0,0.0,0.0
10318,0.0,0.0,0.0,0.0
10319,0.0,0.0,0.0,0.0
10320,0.0,0.0,0.0,0.0
10321,0.0,0.0,0.0,0.0
10322,0.0,0.0,0.0,0.0
10323,0.0,0.0,0.0,0.0
10324,0.0,0.0,0.0,0.0
10325,0.0,0.0,0.0,0.0
10326,0.0,0.0,0.0,0.0
10327,0.0,0.0,0.0,0.0
10328,0.0,0.0,0.0,0.0
10329,0.0,0.0,0.0,0.0
10330,0.0,0.0,0.0,0.0
10331,0.0,0.0,0.0,0.0
10332,0.0,0.0,0.0,0.0
10333,0.0,0.0,0.0,0.0
10334,0.0,0.0,0.0,0.0
10335,0.0,0.0,0.0,0.0
10336,0.0,0.0,0.0,0.0
10337,0.0,0.0,0.0,0.0
10338,0.0,0.0,0.0,0.0
10339,0.0,0.0,0.0,0.0
10340,0.0,0.0,0.0,0.0
10341,0.0,0.0,0.0,0.0
10342,0.0,0.0,0.0,0.0
10343,0.0,0.0,0.0,0.0
10344,0.0,0.0,0.0,0.0
10345,0.0,0.0,0.0,0.0
10346,0.0,0.0,0.0,0.0
10347,0.0,0.0,0.0,0.0
10348,0.0,0.0,0.0,0.0
10349,0.0,0.0,0.0,0.0
10350,0.0,0.0,0.0,0.0
10351,0.0,0.0,0.0,0.0
10352,0.0,0.0,0.0,0.0
10353,0.0,0.0,0.0,0.0
10354,0.0,0.0,0.0,0.0
10355,0.0,0.0,0.0,0.0
10356,0.0,0.0,0.0,0.0
10357,0.0,0.0,0.0,0.0
10358,0.0,0.0,0.0,0.0
10359,0.0,0.0,0.0,0.0
10360,0.0,0.0,0.0,0.0
10361,0.0,0.0,0.0,0.0
10362,0.0,0.0,0.0,0.0
10363,0.0,0.0,0.0,0.0
10364,0.0,0.0,0.0,0.0
10365,0.0,0.0,0.0,0.0
10366,0.0,0.0,0.0,0.0
10367,0.0,0.0,0.0,0.0
10368,0.0,0.0,0.0,0.0
10369,0.0,0.0,0.0,0.0
10370,0.0,0.0,0.0,0.0
10371,0.0,0.0,0.0,0.0
10372,0.0,0.0,0.0,0.0
10373,0.0,0.0,0.0,0.0
10374,0.0,0.0,0.0,0.0
10375,0.0,0.0,0.0,0.0
10376,0.0,0.0,0.0,0.0
10377,0.0,0.0,0.0,0.0
10378,0.0,0.0,0.0,0.0
10379,0.0,0.0,0.0,0.0
10380,0.0,0.0,0.0,0.0
10381,0.0,0.0,0.0,0.0
10382,0.0,0.0,0.0,0.0
10383,0.0,0.0,0.0,0.0
10384,0.0,0.0,0.0,0.0
10385,0.0,0.0,0.0,0.0
10386,0.0,0.0,0.0,0.0
10387,0.0,0.0,0.0,0.0
10388,0.0,0.0,0.0,0.0
10389,0.0,0.0,0.0,0.0
10390,0.0,0.0,0.0,0.0
10391,0.0,0.0,0.0,0.0
10392,0.0,0.0,0.0,0.0
10393,0.0,0.0,0.0,0.0
10394,0.0,0.0,0.0,0.0
10395,0.0,0.0,0.0,0.0
10396,0.0,0.0,0.0,0.0
10397,0.0,0.0,0.0,0.0
10398,0.0,0.0,0.0,0.0
10399,0.0,0.0,0.0,0.0
10400,0.0,0.0,0.0,0.0
10401,0.0,0.0,0.0,0.0
10402,0.0,0.0,0.0,0.0
10403,0.0,0.0,0.0,0.0
10404,0.0,0.0,0.0,0.0
10405,0.0,0.0,0.0,0.0
10406,0.0,0.0,0.0,0.0
10407,0.0,0.0,0.0,0.0
10408,0.0,0.0,0.0,0.0
10409,0.0,0.0,0.0,0.0
10410,0.0,0.0,0.0,0.0
10411,0.0,0.0,0.0,0.0
10412,0.0,0.0,0.0,0.0
10413,0.0,0.0,0.0,0.0
10414,0.0,0.0,0.0,0.0
10415,0.0,0.0,0.0,0.0
10416,0.0,0.0,0.0,0.0
10417,0.0,0.0,0.0,0.0
10418,0.0,0.0,0.0,0.0
10419,0.0,0.0,0.0,0.0
10420,0.0,0.0,0.0,0.0
10421,0.0,0.0,0.0,0.0
10422,0.0,0.0,0.0,0.0
10423,0.0,0.0,0.0,0.0
10424,0.0,0.0,0.0,0.0
10425,0.0,0.0,0.0,0.0
10426,0.0,0.0,0.0,0.0
10427,0.0,0.0,0.0,0.0
10428,0.0,0.0,0.0,0.0
10429,0.0,0.0,0.0,0.0
10430,0.0,0.0,0.0,0.0
10431,0.0,0.0,0.0,0.0
10432,0.0,0.0,0.0,0.0
10433,0.0,0.0,0.0,0.0
10434,0.0,0.0,0.0,0.0
10435,0.0,0.0,0.0,0.0
10436,0.0,0.0,0.0,0.0
10437,0.0,0.0,0.0,0.0
10438,0.0,0.0,0.0,0.0
10439,0.0,0.0,0.0,0.0
10440,0.0,0.0,0.0,0.0
10441,0.0,0.0,0.0,0.0
10442,0.0,0.0,0.0,0.0
10443,0.0,0.0,0.0,0.0
10444,0.0,0.0,0.0,0.0
10445,0.0,0.0,0.0,0.0
10446,0.0,0.0,0.0,0.0
10447,0.0,0.0,0.0,0.0
10448,0.0,0.0,0.0,0.0
10449,0.0,0.0,0.0,0.0
10450,0.0,0.0,0.0,0.0
10451,0.0,0.0,0.0,0.0
10452,0.0,0.0,0.0,0.0
10453,0.0,0.0,0.0,0.0
10454,0.0,0.0,0.0,0.0
10455,0.0,0.0,0.0,0.0
10456,0.0,0.0,0.0,0.0
10457,0.0,0.0,0.0,0.0
10458,0.0,0.0,0.0,0.0
10459,0.0,0.0,0.0,0.0
10460,0.0,0.0,0.0,0.0
10461,0.0,0.0,0.0,0.0
10462,0.0,0.0,0.0,0.0
10463,0.0,0.0,0.0,0.0
10464,0.0,0.0,0.0,0.0
10465,0.0,0.0,0.0,0.0
10466,0.0,0.0,0.0,0.0
10467,0.0,0.0,0.0,0.0
10468,0.0,0.0,0.0,0.0
10469,0.0,0.0,0.0,0.0
10470,0.0,0.0,0.0,0.0
10471,0.0,0.0,0.0,0.0
10472,0.0,0.0,0.0,0.0
10473,0.0,0.0,0.0,0.0
10474,0.0,0.0,0.0,0.0
10475,0.0,0.0,0.0,0.0
10476,0.0,0.0,0.0,0.0
10477,0.0,0.0,0.0,0.0
10478,0.0,0.0,0.0,0.0
10479,0.0,0.0,0.0,0.0
10480,0.0,0.0,0.0,0.0
10481,0.0,0.0,0.0,0.0
10482,0.0,0.0,0.0,0.0
10483,0.0,0.0,0.0,0.0
10484,0.0,0.0,0.0,0.0
10485,0.0,0.0,0.0,0.0
10486,0.0,0.0,0.0,0.0
10487,0.0,0.0,0.0,0.0
10488,0.0,0.0,0.0,0.0
10489,0.0,0.0,0.0,0.0
10490,0.0,0.0,0.0,0.0
10491,0.0,0.0,0.0,0.0
10492,0.0,0.0,0.0,0.0
10493,0.0,0.0,0.0,0.0
10494,0.0,0.0,0.0,0.0
10495,0.0,0.0,0.0,0.0
10496,0.0,0.0,0.0,0.0
10497,0.0,0.0,0.0,0.0
10498,0.0,0.0,0.0,0.0
10499,0.0,0.0,0.0,0.0
10500,0.0,0.0,0.0,0.0
10501,0.0,0.0,0.0,0.0
10502,0.0,0.0,0.0,0.0
10503,0.0,0.0,0.0,0.0
10504,0.0,0.0,0.0,0.0
10505,0.0,0.0,0.0,0.0
10506,0.0,0.0,0.0,0.0
10507,0.0,0.0,0.0,0.0
10508,0.0,0.0,0.0,0.0
10509,0.0,0.0,0.0,0.0
10510,0.0,0.0,0.0,0.0
10511,0.0,0.0,0.0,0.0
10512,0.0,0.0,0.0,0.0
10513,0.0,0.0,0.0,0.0
10514,0.0,0.0,0.0,0.0
10515,0.0,0.0,0.0,0.0
10516,0.0,0.0,0.0,0.0
10517,0.0,0.0,0.0,0.0
10518,0.0,0.0,0.0,0.0
10519,0.0,0.0,0.0,0.0
10520,0.0,0.0,0.0,0.0
10521,0.0,0.0,0.0,0.0
10522,0.0,0.0,0.0,0.0
10523,0.0,0.0,0.0,0.0
10524,0.0,0.0,0.0,0.0
10525,0.0,0.0,0.0,0.0
10526,0.0,0.0,0.0,0.0
10527,0.0,0.0,0.0,0.0
10528,0.0,0.0,0.0,0.0
10529,0.0,0.0,0.0,0.0
10530,0.0,0.0,0.0,0.0
10531,0.0,0.0,0.0,0.0
10532,0.0,0.0,0.0,0.0
10533,0.0,0.0,0.0,0.0
10534,0.0,0.0,0.0,0.0
10535,0.0,0.0,0.0,0.0
10536,0.0,0.0,0.0,0.0
10537,0.0,0.0,0.0,0.0
10538,0.0,0.0,0.0,0.0
10539,0.0,0.0,0.0,0.0
10540,0.0,0.0,0.0,0.0
10541,0.0,0.0,0.0,0.0
10542,0.0,0.0,0.0,0.0
10543,0.0,0.0,0.0,0.0
10544,0.0,0.0,0.0,0.0
10545,0.0,0.0,0.0,0.0
10546,0.0,0.0,0.0,0.0
10547,0.0,0.0,0.0,0.0
10548,0.0,0.0,0.0,0.0
10549,0.0,0.0,0.0,0.0
10550,0.0,0.0,0.0,0.0
10551,0.0,0.0,0.0,0.0
10552,0.0,0.0,0.0,0.0
10553,0.0,0.0,0.0,0.0
10554,0.0,0.0,0.0,0.0
10555,0.0,0.0,0.0,0.0
10556,0.0,0.0,0.0,0.0
10557,0.0,0.0,0.0,0.0
10558,0.0,0.0,0.0,0.0
10559,0.0,0.0,0.0,0.0
10560,0.0,0.0,0.0,0.0
10561,0.0,0.0,0.0,0.0
10562,0.0,0.0,0.0,0.0
10563,0.0,0.0,0.0,0.0
10564,0.0,0.0,0.0,0.0
10565,0.0,0.0,0.0,0.0
10566,0.0,0.0,0.0,0.0
10567,0.0,0.0,0.0,0.0
10568,0.0,0.0,0.0,0.0
10569,0.0,0.0,0.0,0.0
10570,0.0,0.0,0.0,0.0
10571,0.0,0.0,0.0,0.0
10572,0.0,0.0,0.0,0.0
10573,0.0,0.0,0.0,0.0
10574,0.0,0.0,0.0,0.0
10575,0.0,0.0,0.0,0.0
10576,0.0,0.0,0.0,0.0
10577,0.0,0.0,0.0,0.0
10578,0.0,0.0,0.0,0.0
10579,0.0,0.0,0.0,0.0
10580,0.0,0.0,0.0,0.0
10581,0.0,0.0,0.0,0.0
10582,0.0,0.0,0.0,0.0
10583,0.0,0.0,0.0,0.0
10584,0.0,0.0,0.0,0.0
10585,0.0,0.0,0.0,0.0
10586,0.0,0.0,0.0,0.0
10587,0.0,0.0,0.0,0.0
10588,0.0,0.0,0.0,0.0
10589,0.0,0.0,0.0,0.0
10590,0.0,0.0,0.0,0.0
10591,0.0,0.0,0.0,0.0
10592,0.0,0.0,0.0,0.0
10593,0.0,0.0,0.0,0.0
10594,0.0,0.0,0.0,0.0
10595,0.0,0.0,0.0,0.0
10596,0.0,0.0,0.0,0.0
10597,0.0,0.0,0.0,0.0
10598,0.0,0.0,0.0,0.0
10599,0.0,0.0,0.0,0.0
10600,0.0,0.0,0.0,0.0
10601,0.0,0.0,0.0,0.0
10602,0.0,0.0,0.0,0.0
10603,0.0,0.0,0.0,0.0
10604,0.0,0.0,0.0,0.0
10605,0.0,0.0,0.0,0.0
10606,0.0,0.0,0.0,0.0
10607,0.0,0.0,0.0,0.0
10608,0.0,0.0,0.0,0.0
10609,0.0,0.0,0.0,0.0
10610,0.0,0.0,0.0,0.0
10611,0.0,0.0,0.0,0.0
10612,0.0,0.0,0.0,0.0
10613,0.0,0.0,0.0,0.0
10614,0.0,0.0,0.0,0.0
10615,0.0,0.0,0.0,0.0
10616,0.0,0.0,0.0,0.0
10617,0.0,0.0,0.0,0.0
10618,0.0,0.0,0.0,0.0
10619,0.0,0.0,0.0,0.0
10620,0.0,0.0,0.0,0.0
10621,0.0,0.0,0.0,0.0
10622,0.0,0.0,0.0,0.0
10623,0.0,0.0,0.0,0.0
10624,0.0,0.0,0.0,0.0
10625,0.0,0.0,0.0,0.0
10626,0.0,0.0,0.0,0.0
10627,0.0,0.0,0.0,0.0
10628,0.0,0.0,0.0,0.0
10629,0.0,0.0,0.0,0.0
10630,0.0,0.0,0.0,0.0
10631,0.0,0.0,0.0,0.0
10632,0.0,0.0,0.0,0.0
10633,0.0,0.0,0.0,0.0
10634,0.0,0.0,0.0,0.0
10635,0.0,0.0,0.0,0.0
10636,0.0,0.0,0.0,0.0
10637,0.0,0.0,0.0,0.0
10638,0.0,0.0,0.0,0.0
10639,0.0,0.0,0.0,0.0
10640,0.0,0.0,0.0,0.0
10641,0.0,0.0,0.0,0.0
10642,0.0,0.0,0.0,0.0
10643,0.0,0.0,0.0,0.0
10644,0.0,0.0,0.0,0.0
10645,0.0,0.0,0.0,0.0
10646,0.0,0.0,0.0,0.0
10647,0.0,0.0,0.0,0.0
10648,0.0,0.0,0.0,0.0
10649,0.0,0.0,0.0,0.0
10650,0.0,0.0,0.0,0.0
10651,0.0,0.0,0.0,0.0
10652,0.0,0.0,0.0,0.0
10653,0.0,0.0,0.0,0.0
10654,0.0,0.0,0.0,0.0
10655,0.0,0.0,0.0,0.0
10656,0.0,0.0,0.0,0.0
10657,0.0,0.0,0.0,0.0
10658,0.0,0.0,0.0,0.0
10659,0.0,0.0,0.0,0.0
10660,0.0,0.0,0.0,0.0
10661,0.0,0.0,0.0,0.0
10662,0.0,0.0,0.0,0.0
10663,0.0,0.0,0.0,0.0
10664,0.0,0.0,0.0,0.0
10665,0.0,0.0,0.0,0.0
10666,0.0,0.0,0.0,0.0
10667,0.0,0.0,0.0,0.0
10668,0.0,0.0,0.0,0.0
10669,0.0,0.0,0.0,0.0
10670,0.0,0.0,0.0,0.0
10671,0.0,0.0,0.0,0.0
10672,0.0,0.0,0.0,0.0
10673,0.0,0.0,0.0,0.0
10674,0.0,0.0,0.0,0.0
10675,0.0,0.0,0.0,0.0
10676,0.0,0.0,0.0,0.0
10677,0.0,0.0,0.0,0.0
10678,0.0,0.0,0.0,0.0
10679,0.0,0.0,0.0,0.0
10680,0.0,0.0,0.0,0.0
10681,0.0,0.0,0.0,0.0
10682,0.0,0.0,0.0,0.0
10683,0.0,0.0,0.0,0.0
10684,0.0,0.0,0.0,0.0
10685,0.0,0.0,0.0,0.0
10686,0.0,0.0,0.0,0.0
10687,0.0,0.0,0.0,0.0
10688,0.0,0.0,0.0,0.0
10689,0.0,0.0,0.0,0.0
10690,0.0,0.0,0.0,0.0
10691,0.0,0.0,0.0,0.0
10692,0.0,0.0,0.0,0.0
10693,0.0,0.0,0.0,0.0
10694,0.0,0.0,0.0,0.0
10695,0.0,0.0,0.0,0.0
10696,0.0,0.0,0.0,0.0
10697,0.0,0.0,0.0,0.0
10698,0.0,0.0,0.0,0.0
10699,0.0,0.0,0.0,0.0
10700,0.0,0.0,0.0,0.0
10701,0.0,0.0,0.0,0.0
10702,0.0,0.0,0.0,0.0
10703,0.0,0.0,0.0,0.0
10704,0.0,0.0,0.0,0.0
10705,0.0,0.0,0.0,0.0
10706,0.0,0.0,0.0,0.0
10707,0.0,0.0,0.0,0.0
10708,0.0,0.0,0.0,0.0
10709,0.0,0.0,0.0,0.0
10710,0.0,0.0,0.0,0.0
10711,0.0,0.0,0.0,0.0
10712,0.0,0.0,0.0,0.0
10713,0.0,0.0,0.0,0.0
10714,0.0,0.0,0.0,0.0
10715,0.0,0.0,0.0,0.0
10716,0.0,0.0,0.0,0.0
10717,0.0,0.0,0.0,0.0
10718,0.0,0.0,0.0,0.0
10719,0.0,0.0,0.0,0.0
10720,0.0,0.0,0.0,0.0
10721,0.0,0.0,0.0,0.0
10722,0.0,0.0,0.0,0.0
10723,0.0,0.0,0.0,0.0
10724,0.0,0.0,0.0,0.0
10725,0.0,0.0,0.0,0.0
10726,0.0,0.0,0.0,0.0
10727,0.0,0.0,0.0,0.0
10728,0.0,0.0,0.0,0.0
10729,0.0,0.0,0.0,0.0
10730,0.0,0.0,0.0,0.0
10731,0.0,0.0,0.0,0.0
10732,0.0,0.0,0.0,0.0
10733,0.0,0.0,0.0,0.0
10734,0.0,0.0,0.0,0.0
10735,0.0,0.0,0.0,0.0
10736,0.0,0.0,0.0,0.0
10737,0.0,0.0,0.0,0.0
10738,0.0,0.0,0.0,0.0
10739,0.0,0.0,0.0,0.0
10740,0.0,0.0,0.0,0.0
10741,0.0,0.0,0.0,0.0
10742,0.0,0.0,0.0,0.0
10743,0.0,0.0,0.0,0.0
10744,0.0,0.0,0.0,0.0
10745,0.0,0.0,0.0,0.0
10746,0.0,0.0,0.0,0.0
10747,0.0,0.0,0.0,0.0
10748,0.0,0.0,0.0,0.0
10749,0.0,0.0,0.0,0.0
10750,0.0,0.0,0.0,0.0
10751,0.0,0.0,0.0,0.0
10752,0.0,0.0,0.0,0.0
10753,0.0,0.0,0.0,0.0
10754,0.0,0.0,0.0,0.0
10755,0.0,0.0,0.0,0.0
10756,0.0,0.0,0.0,0.0
10757,0.0,0.0,0.0,0.0
10758,0.0,0.0,0.0,0.0
10759,0.0,0.0,0.0,0.0
10760,0.0,0.0,0.0,0.0
10761,0.0,0.0,0.0,0.0
10762,0.0,0.0,0.0,0.0
10763,0.0,0.0,0.0,0.0
10764,0.0,0.0,0.0,0.0
10765,0.0,0.0,0.0,0.0
10766,0.0,0.0,0.0,0.0
10767,0.0,0.0,0.0,0.0
10768,0.0,0.0,0.0,0.0
10769,0.0,0.0,0.0,0.0
10770,0.0,0.0,0.0,0.0
10771,0.0,0.0,0.0,0.0
10772,0.0,0.0,0.0,0.0
10773,0.0,0.0,0.0,0.0
10774,0.0,0.0,0.0,0.0
10775,0.0,0.0,0.0,0.0
10776,0.0,0.0,0.0,0.0
10777,0.0,0.0,0.0,0.0
10778,0.0,0.0,0.0,0.0
10779,0.0,0.0,0.0,0.0
10780,0.0,0.0,0.0,0.0
10781,0.0,0.0,0.0,0.0
10782,0.0,0.0,0.0,0.0
10783,0.0,0.0,0.0,0.0
10784,0.0,0.0,0.0,0.0
10785,0.0,0.0,0.0,0.0
10786,0.0,0.0,0.0,0.0
10787,0.0,0.0,0.0,0.0
10788,0.0,0.0,0.0,0.0
10789,0.0,0.0,0.0,0.0
10790,0.0,0.0,0.0,0.0
10791,0.0,0.0,0.0,0.0
10792,0.0,0.0,0.0,0.0
10793,0.0,0.0,0.0,0.0
10794,0.0,0.0,0.0,0.0
10795,0.0,0.0,0.0,0.0
10796,0.0,0.0,0.0,0.0
10797,0.0,0.0,0.0,0.0
10798,0.0,0.0,0.0,0.0
10799,0.0,0.0,0.0,0.0
10800,0.0,0.0,0.0,0.0
10801,0.0,0.0,0.0,0.0
10802,0.0,0.0,0.0,0.0
10803,0.0,0.0,0.0,0.0
10804,0.0,0.0,0.0,0.0
10805,0.0,0.0,0.0,0.0
10806,0.0,0.0,0.0,0.0
10807,0.0,0.0,0.0,0.0
10808,0.0,0.0,0.0,0.0
10809,0.0,0.0,0.0,0.0
10810,0.0,0.0,0.0,0.0
10811,0.0,0.0,0.0,0.0
10812,0.0,0.0,0.0,0.0
10813,0.0,0.0,0.0,0.0
10814,0.0,0.0,0.0,0.0
10815,0.0,0.0,0.0,0.0
10816,0.0,0.0,0.0,0.0
10817,0.0,0.0,0.0,0.0
10818,0.0,0.0,0.0,0.0
10819,0.0,0.0,0.0,0.0
10820,0.0,0.0,0.0,0.0
10821,0.0,0.0,0.0,0.0
10822,0.0,0.0,0.0,0.0
10823,0.0,0.0,0.0,0.0
10824,0.0,0.0,0.0,0.0
10825,0.0,0.0,0.0,0.0
10826,0.0,0.0,0.0,0.0
10827,0.0,0.0,0.0,0.0
10828,0.0,0.0,0.0,0.0
10829,0.0,0.0,0.0,0.0
10830,0.0,0.0,0.0,0.0
10831,0.0,0.0,0.0,0.0
10832,0.0,0.0,0.0,0.0
10833,0.0,0.0,0.0,0.0
10834,0.0,0.0,0.0,0.0
10835,0.0,0.0,0.0,0.0
10836,0.0,0.0,0.0,0.0
10837,0.0,0.0,0.0,0.0
10838,0.0,0.0,0.0,0.0
10839,0.0,0.0,0.0,0.0
10840,0.0,0.0,0.0,0.0
10841,0.0,0.0,0.0,0.0
10842,0.0,0.0,0.0,0.0
10843,0.0,0.0,0.0,0.0
10844,0.0,0.0,0.0,0.0
10845,0.0,0.0,0.0,0.0
10846,0.0,0.0,0.0,0.0
10847,0.0,0.0,0.0,0.0
10848,0.0,0.0,0.0,0.0
10849,0.0,0.0,0.0,0.0
10850,0.0,0.0,0.0,0.0
10851,0.0,0.0,0.0,0.0
10852,0.0,0.0,0.0,0.0
10853,0.0,0.0,0.0,0.0
10854,0.0,0.0,0.0,0.0
10855,0.0,0.0,0.0,0.0
10856,0.0,0.0,0.0,0.0
10857,0.0,0.0,0.0,0.0
10858,0.0,0.0,0.0,0.0
10859,0.0,0.0,0.0,0.0
10860,0.0,0.0,0.0,0.0
10861,0.0,0.0,0.0,0.0
10862,0.0,0.0,0.0,0.0
10863,0.0,0.0,0.0,0.0
10864,0.0,0.0,0.0,0.0
10865,0.0,0.0,0.0,0.0
10866,0.0,0.0,0.0,0.0
10867,0.0,0.0,0.0,0.0
10868,0.0,0.0,0.0,0.0
10869,0.0,0.0,0.0,0.0
10870,0.0,0.0,0.0,0.0
10871,0.0,0.0,0.0,0.0
10872,0.0,0.0,0.0,0.0
10873,0.0,0.0,0.0,0.0
10874,0.0,0.0,0.0,0.0
10875,0.0,0.0,0.0,0.0
10876,0.0,0.0,0.0,0.0
10877,0.0,0.0,0.0,0.0
10878,0.0,0.0,0.0,0.0
10879,0.0,0.0,0.0,0.0
10880,0.0,0.0,0.0,0.0
10881,0.0,0.0,0.0,0.0
10882,0.0,0.0,0.0,0.0
10883,0.0,0.0,0.0,0.0
10884,0.0,0.0,0.0,0.0
10885,0.0,0.0,0.0,0.0
10886,0.0,0.0,0.0,0.0
10887,0.0,0.0,0.0,0.0
10888,0.0,0.0,0.0,0.0
10889,0.0,0.0,0.0,0.0
10890,0.0,0.0,0.0,0.0
10891,0.0,0.0,0.0,0.0
10892,0.0,0.0,0.0,0.0
10893,0.0,0.0,0.0,0.0
10894,0.0,0.0,0.0,0.0
10895,0.0,0.0,0.0,0.0
10896,0.0,0.0,0.0,0.0
10897,0.0,0.0,0.0,0.0
10898,0.0,0.0,0.0,0.0
10899,0.0,0.0,0.0,0.0
10900,0.0,0.0,0.0,0.0
10901,0.0,0.0,0.0,0.0
10902,0.0,0.0,0.0,0.0
10903,0.0,0.0,0.0,0.0
10904,0.0,0.0,0.0,0.0
10905,0.0,0.0,0.0,0.0
10906,0.0,0.0,0.0,0.0
10907,0.0,0.0,0.0,0.0
10908,0.0,0.0,0.0,0.0
10909,0.0,0.0,0.0,0.0
10910,0.0,0.0,0.0,0.0
10911,0.0,0.0,0.0,0.0
10912,0.0,0.0,0.0,0.0
10913,0.0,0.0,0.0,0.0
10914,0.0,0.0,0.0,0.0
10915,0.0,0.0,0.0,0.0
10916,0.0,0.0,0.0,0.0
10917,0.0,0.0,0.0,0.0
10918,0.0,0.0,0.0,0.0
10919,0.0,0.0,0.0,0.0
10920,0.0,0.0,0.0,0.0
10921,0.0,0.0,0.0,0.0
10922,0.0,0.0,0.0,0.0
10923,0.0,0.0,0.0,0.0
10924,0.0,0.0,0.0,0.0
10925,0.0,0.0,0.0,0.0
10926,0.0,0.0,0.0,0.0
10927,0.0,0.0,0.0,0.0
10928,0.0,0.0,0.0,0.0
10929,0.0,0.0,0.0,0.0
10930,0.0,0.0,0.0,0.0
10931,0.0,0.0,0.0,0.0
10932,0.0,0.0,0.0,0.0
10933,0.0,0.0,0.0,0.0
10934,0.0,0.0,0.0,0.0
10935,0.0,0.0,0.0,0.0
10936,0.0,0.0,0.0,0.0
10937,0.0,0.0,0.0,0.0
10938,0.0,0.0,0.0,0.0
10939,0.0,0.0,0.0,0.0
10940,0.0,0.0,0.0,0.0
10941,0.0,0.0,0.0,0.0
10942,0.0,0.0,0.0,0.0
10943,0.0,0.0,0.0,0.0
10944,0.0,0.0,0.0,0.0
10945,0.0,0.0,0.0,0.0
10946,0.0,0.0,0.0,0.0
10947,0.0,0.0,0.0,0.0
10948,0.0,0.0,0.0,0.0
10949,0.0,0.0,0.0,0.0
10950,0.0,0.0,0.0,0.0
10951,0.0,0.0,0.0,0.0
10952,0.0,0.0,0.0,0.0
10953,0.0,0.0,0.0,0.0
10954,0.0,0.0,0.0,0.0
10955,0.0,0.0,0.0,0.0
10956,0.0,0.0,0.0,0.0
10957,0.0,0.0,0.0,0.0
10958,0.0,0.0,0.0,0.0
10959,0.0,0.0,0.0,0.0
10960,0.0,0.0,0.0,0.0
10961,0.0,0.0,0.0,0.0
10962,0.0,0.0,0.0,0.0
10963,0.0,0.0,0.0,0.0
10964,0.0,0.0,0.0,0.0
10965,0.0,0.0,0.0,0.0
10966,0.0,0.0,0.0,0.0
10967,0.0,0.0,0.0,0.0
10968,0.0,0.0,0.0,0.0
10969,0.0,0.0,0.0,0.0
10970,0.0,0.0,0.0,0.0
10971,0.0,0.0,0.0,0.0
10972,0.0,0.0,0.0,0.0
10973,0.0,0.0,0.0,0.0
10974,0.0,0.0,0.0,0.0
10975,0.0,0.0,0.0,0.0
10976,0.0,0.0,0.0,0.0
10977,0.0,0.0,0.0,0.0
10978,0.0,0.0,0.0,0.0
10979,0.0,0.0,0.0,0.0
10980,0.0,0.0,0.0,0.0
10981,0.0,0.0,0.0,0.0
10982,0.0,0.0,0.0,0.0
10983,0.0,0.0,0.0,0.0
10984,0.0,0.0,0.0,0.0
10985,0.0,0.0,0.0,0.0
10986,0.0,0.0,0.0,0.0
10987,0.0,0.0,0.0,0.0
10988,0.0,0.0,0.0,0.0
10989,0.0,0.0,0.0,0.0
10990,0.0,0.0,0.0,0.0
10991,0.0,0.0,0.0,0.0
10992,0.0,0.0,0.0,0.0
10993,0.0,0.0,0.0,0.0
10994,0.0,0.0,0.0,0.0
10995,0.0,0.0,0.0,0.0
10996,0.0,0.0,0.0,0.0
10997,0.0,0.0,0.0,0.0
10998,0.0,0.0,0.0,0.0
10999,0.0,0.0,0.0,0.0
11000,0.0,0.0,0.0,0.0
11001,0.0,0.0,0.0,0.0
11002,0.0,0.0,0.0,0.0
11003,0.0,0.0,0.0,0.0
11004,0.0,0.0,0.0,0.0
11005,0.0,0.0,0.0,0.0
11006,0.0,0.0,0.0,0.0
11007,0.0,0.0,0.0,0.0
11008,0.0,0.0,0.0,0.0
11009,0.0,0.0,0.0,0.0
11010,0.0,0.0,0.0,0.0
11011,0.0,0.0,0.0,0.0
11012,0.0,0.0,0.0,0.0
11013,0.0,0.0,0.0,0.0
11014,0.0,0.0,0.0,0.0
11015,0.0,0.0,0.0,0.0
11016,0.0,0.0,0.0,0.0
11017,0.0,0.0,0.0,0.0
11018,0.0,0.0,0.0,0.0
11019,0.0,0.0,0.0,0.0
11020,0.0,0.0,0.0,0.0
11021,0.0,0.0,0.0,0.0
11022,0.0,0.0,0.0,0.0
11023,0.0,0.0,0.0,0.0
11024,0.0,0.0,0.0,0.0
11025,0.0,0.0,0.0,0.0
11026,0.0,0.0,0.0,0.0
11027,0.0,0.0,0.0,0.0
11028,0.0,0.0,0.0,0.0
11029,0.0,0.0,0.0,0.0
11030,0.0,0.0,0.0,0.0
11031,0.0,0.0,0.0,0.0
11032,0.0,0.0,0.0,0.0
11033,0.0,0.0,0.0,0.0
11034,0.0,0.0,0.0,0.0
11035,0.0,0.0,0.0,0.0
11036,0.0,0.0,0.0,0.0
11037,0.0,0.0,0.0,0.0
11038,0.0,0.0,0.0,0.0
11039,0.0,0.0,0.0,0.0
11040,0.0,0.0,0.0,0.0
11041,0.0,0.0,0.0,0.0
11042,0.0,0.0,0.0,0.0
11043,0.0,0.0,0.0,0.0
11044,0.0,0.0,0.0,0.0
11045,0.0,0.0,0.0,0.0
11046,0.0,0.0,0.0,0.0
11047,0.0,0.0,0.0,0.0
11048,0.0,0.0,0.0,0.0
11049,0.0,0.0,0.0,0.0
11050,0.0,0.0,0.0,0.0
11051,0.0,0.0,0.0,0.0
11052,0.0,0.0,0.0,0.0
11053,0.0,0.0,0.0,0.0
11054,0.0,0.0,0.0,0.0
11055,0.0,0.0,0.0,0.0
11056,0.0,0.0,0.0,0.0
11057,0.0,0.0,0.0,0.0
11058,0.0,0.0,0.0,0.0
11059,0.0,0.0,0.0,0.0
11060,0.0,0.0,0.0,0.0
11061,0.0,0.0,0.0,0.0
11062,0.0,0.0,0.0,0.0
11063,0.0,0.0,0.0,0.0
11064,0.0,0.0,0.0,0.0
11065,0.0,0.0,0.0,0.0
11066,0.0,0.0,0.0,0.0
11067,0.0,0.0,0.0,0.0
11068,0.0,0.0,0.0,0.0
11069,0.0,0.0,0.0,0.0
11070,0.0,0.0,0.0,0.0
11071,0.0,0.0,0.0,0.0
11072,0.0,0.0,0.0,0.0
11073,0.0,0.0,0.0,0.0
11074,0.0,0.0,0.0,0.0
11075,0.0,0.0,0.0,0.0
11076,0.0,0.0,0.0,0.0
11077,0.0,0.0,0.0,0.0
11078,0.0,0.0,0.0,0.0
11079,0.0,0.0,0.0,0.0
11080,0.0,0.0,0.0,0.0
11081,0.0,0.0,0.0,0.0
11082,0.0,0.0,0.0,0.0
11083,0.0,0.0,0.0,0.0
11084,0.0,0.0,0.0,0.0
11085,0.0,0.0,0.0,0.0
11086,0.0,0.0,0.0,0.0
11087,0.0,0.0,0.0,0.0
11088,0.0,0.0,0.0,0.0
11089,0.0,0.0,0.0,0.0
11090,0.0,0.0,0.0,0.0
11091,0.0,0.0,0.0,0.0
11092,0.0,0.0,0.0,0.0
11093,0.0,0.0,0.0,0.0
11094,0.0,0.0,0.0,0.0
11095,0.0,0.0,0.0,0.0
11096,0.0,0.0,0.0,0.0
11097,0.0,0.0,0.0,0.0
11098,0.0,0.0,0.0,0.0
11099,0.0,0.0,0.0,0.0
11100,0.0,0.0,0.0,0.0
11101,0.0,0.0,0.0,0.0
11102,0.0,0.0,0.0,0.0
11103,0.0,0.0,0.0,0.0
11104,0.0,0.0,0.0,0.0
11105,0.0,0.0,0.0,0.0
11106,0.0,0.0,0.0,0.0
11107,0.0,0.0,0.0,0.0
11108,0.0,0.0,0.0,0.0
11109,0.0,0.0,0.0,0.0
11110,0.0,0.0,0.0,0.0
11111,0.0,0.0,0.0,0.0
11112,0.0,0.0,0.0,0.0
11113,0.0,0.0,0.0,0.0
11114,0.0,0.0,0.0,0.0
11115,0.0,0.0,0.0,0.0
11116,0.0,0.0,0.0,0.0
11117,0.0,0.0,0.0,0.0
11118,0.0,0.0,0.0,0.0
11119,0.0,0.0,0.0,0.0
11120,0.0,0.0,0.0,0.0
11121,0.0,0.0,0.0,0.0
11122,0.0,0.0,0.0,0.0
11123,0.0,0.0,0.0,0.0
11124,0.0,0.0,0.0,0.0
11125,0.0,0.0,0.0,0.0
11126,0.0,0.0,0.0,0.0
11127,0.0,0.0,0.0,0.0
11128,0.0,0.0,0.0,0.0
11129,0.0,0.0,0.0,0.0
11130,0.0,0.0,0.0,0.0
11131,0.0,0.0,0.0,0.0
11132,0.0,0.0,0.0,0.0
11133,0.0,0.0,0.0,0.0
11134,0.0,0.0,0.0,0.0
11135,0.0,0.0,0.0,0.0
11136,0.0,0.0,0.0,0.0
11137,0.0,0.0,0.0,0.0
11138,0.0,0.0,0.0,0.0
11139,0.0,0.0,0.0,0.0
11140,0.0,0.0,0.0,0.0
11141,0.0,0.0,0.0,0.0
11142,0.0,0.0,0.0,0.0
11143,0.0,0.0,0.0,0.0
11144,0.0,0.0,0.0,0.0
11145,0.0,0.0,0.0,0.0
11146,0.0,0.0,0.0,0.0
11147,0.0,0.0,0.0,0.0
11148,0.0,0.0,0.0,0.0
11149,0.0,0.0,0.0,0.0
11150,0.0,0.0,0.0,0.0
11151,0.0,0.0,0.0,0.0
11152,0.0,0.0,0.0,0.0
11153,0.0,0.0,0.0,0.0
11154,0.0,0.0,0.0,0.0
11155,0.0,0.0,0.0,0.0
11156,0.0,0.0,0.0,0.0
11157,0.0,0.0,0.0,0.0
11158,0.0,0.0,0.0,0.0
11159,0.0,0.0,0.0,0.0
11160,0.0,0.0,0.0,0.0
11161,0.0,0.0,0.0,0.0
11162,0.0,0.0,0.0,0.0
11163,0.0,0.0,0.0,0.0
11164,0.0,0.0,0.0,0.0
11165,0.0,0.0,0.0,0.0
11166,0.0,0.0,0.0,0.0
11167,0.0,0.0,0.0,0.0
11168,0.0,0.0,0.0,0.0
11169,0.0,0.0,0.0,0.0
11170,0.0,0.0,0.0,0.0
11171,0.0,0.0,0.0,0.0
11172,0.0,0.0,0.0,0.0
11173,0.0,0.0,0.0,0.0
11174,0.0,0.0,0.0,0.0
11175,0.0,0.0,0.0,0.0
11176,0.0,0.0,0.0,0.0
11177,0.0,0.0,0.0,0.0
11178,0.0,0.0,0.0,0.0
11179,0.0,0.0,0.0,0.0
11180,0.0,0.0,0.0,0.0
11181,0.0,0.0,0.0,0.0
11182,0.0,0.0,0.0,0.0
11183,0.0,0.0,0.0,0.0
11184,0.0,0.0,0.0,0.0
11185,0.0,0.0,0.0,0.0
11186,0.0,0.0,0.0,0.0
11187,0.0,0.0,0.0,0.0
11188,0.0,0.0,0.0,0.0
11189,0.0,0.0,0.0,0.0
11190,0.0,0.0,0.0,0.0
11191,0.0,0.0,0.0,0.0
11192,0.0,0.0,0.0,0.0
11193,0.0,0.0,0.0,0.0
11194,0.0,0.0,0.0,0.0
11195,0.0,0.0,0.0,0.0
11196,0.0,0.0,0.0,0.0
11197,0.0,0.0,0.0,0.0
11198,0.0,0.0,0.0,0.0
11199,0.0,0.0,0.0,0.0
11200,0.0,0.0,0.0,0.0
11201,0.0,0.0,0.0,0.0
11202,0.0,0.0,0.0,0.0
11203,0.0,0.0,0.0,0.0
11204,0.0,0.0,0.0,0.0
11205,0.0,0.0,0.0,0.0
11206,0.0,0.0,0.0,0.0
11207,0.0,0.0,0.0,0.0
11208,0.0,0.0,0.0,0.0
11209,0.0,0.0,0.0,0.0
11210,0.0,0.0,0.0,0.0
11211,0.0,0.0,0.0,0.0
11212,0.0,0.0,0.0,0.0
11213,0.0,0.0,0.0,0.0
11214,0.0,0.0,0.0,0.0
11215,0.0,0.0,0.0,0.0
11216,0.0,0.0,0.0,0.0
11217,0.0,0.0,0.0,0.0
11218,0.0,0.0,0.0,0.0
11219,0.0,0.0,0.0,0.0
11220,0.0,0.0,0.0,0.0
11221,0.0,0.0,0.0,0.0
11222,0.0,0.0,0.0,0.0
11223,0.0,0.0,0.0,0.0
11224,0.0,0.0,0.0,0.0
11225,0.0,0.0,0.0,0.0
11226,0.0,0.0,0.0,0.0
11227,0.0,0.0,0.0,0.0
11228,0.0,0.0,0.0,0.0
11229,0.0,0.0,0.0,0.0
11230,0.0,0.0,0.0,0.0
11231,0.0,0.0,0.0,0.0
11232,0.0,0.0,0.0,0.0
11233,0.0,0.0,0.0,0.0
11234,0.0,0.0,0.0,0.0
11235,0.0,0.0,0.0,0.0
11236,0.0,0.0,0.0,0.0
11237,0.0,0.0,0.0,0.0
11238,0.0,0.0,0.0,0.0
11239,0.0,0.0,0.0,0.0
11240,0.0,0.0,0.0,0.0
11241,0.0,0.0,0.0,0.0
11242,0.0,0.0,0.0,0.0
11243,0.0,0.0,0.0,0.0
11244,0.0,0.0,0.0,0.0
11245,0.0,0.0,0.0,0.0
11246,0.0,0.0,0.0,0.0
11247,0.0,0.0,0.0,0.0
11248,0.0,0.0,0.0,0.0
11249,0.0,0.0,0.0,0.0
11250,0.0,0.0,0.0,0.0
11251,0.0,0.0,0.0,0.0
11252,0.0,0.0,0.0,0.0
11253,0.0,0.0,0.0,0.0
11254,0.0,0.0,0.0,0.0
11255,0.0,0.0,0.0,0.0
11256,0.0,0.0,0.0,0.0
11257,0.0,0.0,0.0,0.0
11258,0.0,0.0,0.0,0.0
11259,0.0,0.0,0.0,0.0
11260,0.0,0.0,0.0,0.0
11261,0.0,0.0,0.0,0.0
11262,0.0,0.0,0.0,0.0
11263,0.0,0.0,0.0,0.0
11264,0.0,0.0,0.0,0.0
11265,0.0,0.0,0.0,0.0
11266,0.0,0.0,0.0,0.0
11267,0.0,0.0,0.0,0.0
11268,0.0,0.0,0.0,0.0
11269,0.0,0.0,0.0,0.0
11270,0.0,0.0,0.0,0.0
11271,0.0,0.0,0.0,0.0
11272,0.0,0.0,0.0,0.0
11273,0.0,0.0,0.0,0.0
11274,0.0,0.0,0.0,0.0
11275,0.0,0.0,0.0,0.0
11276,0.0,0.0,0.0,0.0
11277,0.0,0.0,0.0,0.0
11278,0.0,0.0,0.0,0.0
11279,0.0,0.0,0.0,0.0
11280,0.0,0.0,0.0,0.0
11281,0.0,0.0,0.0,0.0
11282,0.0,0.0,0.0,0.0
11283,0.0,0.0,0.0,0.0
11284,0.0,0.0,0.0,0.0
11285,0.0,0.0,0.0,0.0
11286,0.0,0.0,0.0,0.0
11287,0.0,0.0,0.0,0.0
11288,0.0,0.0,0.0,0.0
11289,0.0,0.0,0.0,0.0
11290,0.0,0.0,0.0,0.0
11291,0.0,0.0,0.0,0.0
11292,0.0,0.0,0.0,0.0
11293,0.0,0.0,0.0,0.0
11294,0.0,0.0,0.0,0.0
11295,0.0,0.0,0.0,0.0
11296,0.0,0.0,0.0,0.0
11297,0.0,0.0,0.0,0.0
11298,0.0,0.0,0.0,0.0
11299,0.0,0.0,0.0,0.0
11300,0.0,0.0,0.0,0.0
11301,0.0,0.0,0.0,0.0
11302,0.0,0.0,0.0,0.0
11303,0.0,0.0,0.0,0.0
11304,0.0,0.0,0.0,0.0
11305,0.0,0.0,0.0,0.0
11306,0.0,0.0,0.0,0.0
11307,0.0,0.0,0.0,0.0
11308,0.0,0.0,0.0,0.0
11309,0.0,0.0,0.0,0.0
11310,0.0,0.0,0.0,0.0
11311,0.0,0.0,0.0,0.0
11312,0.0,0.0,0.0,0.0
11313,0.0,0.0,0.0,0.0
11314,0.0,0.0,0.0,0.0
11315,0.0,0.0,0.0,0.0
11316,0.0,0.0,0.0,0.0
11317,0.0,0.0,0.0,0.0
11318,0.0,0.0,0.0,0.0
11319,0.0,0.0,0.0,0.0
11320,0.0,0.0,0.0,0.0
11321,0.0,0.0,0.0,0.0
11322,0.0,0.0,0.0,0.0
11323,0.0,0.0,0.0,0.0
11324,0.0,0.0,0.0,0.0
11325,0.0,0.0,0.0,0.0
11326,0.0,0.0,0.0,0.0
11327,0.0,0.0,0.0,0.0
11328,0.0,0.0,0.0,0.0
11329,0.0,0.0,0.0,0.0
11330,0.0,0.0,0.0,0.0
11331,0.0,0.0,0.0,0.0
11332,0.0,0.0,0.0,0.0
11333,0.0,0.0,0.0,0.0
11334,0.0,0.0,0.0,0.0
11335,0.0,0.0,0.0,0.0
11336,0.0,0.0,0.0,0.0
11337,0.0,0.0,0.0,0.0
11338,0.0,0.0,0.0,0.0
11339,0.0,0.0,0.0,0.0
11340,0.0,0.0,0.0,0.0
11341,0.0,0.0,0.0,0.0
11342,0.0,0.0,0.0,0.0
11343,0.0,0.0,0.0,0.0
11344,0.0,0.0,0.0,0.0
11345,0.0,0.0,0.0,0.0
11346,0.0,0.0,0.0,0.0
11347,0.0,0.0,0.0,0.0
11348,0.0,0.0,0.0,0.0
11349,0.0,0.0,0.0,0.0
11350,0.0,0.0,0.0,0.0
11351,0.0,0.0,0.0,0.0
11352,0.0,0.0,0.0,0.0
11353,0.0,0.0,0.0,0.0
11354,0.0,0.0,0.0,0.0
11355,0.0,0.0,0.0,0.0
11356,0.0,0.0,0.0,0.0
11357,0.0,0.0,0.0,0.0
11358,0.0,0.0,0.0,0.0
11359,0.0,0.0,0.0,0.0
11360,0.0,0.0,0.0,0.0
11361,0.0,0.0,0.0,0.0
11362,0.0,0.0,0.0,0.0
11363,0.0,0.0,0.0,0.0
11364,0.0,0.0,0.0,0.0
11365,0.0,0.0,0.0,0.0
11366,0.0,0.0,0.0,0.0
11367,0.0,0.0,0.0,0.0
11368,0.0,0.0,0.0,0.0
11369,0.0,0.0,0.0,0.0
11370,0.0,0.0,0.0,0.0
11371,0.0,0.0,0.0,0.0
11372,0.0,0.0,0.0,0.0
11373,0.0,0.0,0.0,0.0
11374,0.0,0.0,0.0,0.0
11375,0.0,0.0,0.0,0.0
11376,0.0,0.0,0.0,0.0
11377,0.0,0.0,0.0,0.0
11378,0.0,0.0,0.0,0.0
11379,0.0,0.0,0.0,0.0
11380,0.0,0.0,0.0,0.0
11381,0.0,0.0,0.0,0.0
11382,0.0,0.0,0.0,0.0
11383,0.0,0.0,0.0,0.0
11384,0.0,0.0,0.0,0.0
11385,0.0,0.0,0.0,0.0
11386,0.0,0.0,0.0,0.0
11387,0.0,0.0,0.0,0.0
11388,0.0,0.0,0.0,0.0
11389,0.0,0.0,0.0,0.0
11390,0.0,0.0,0.0,0.0
11391,0.0,0.0,0.0,0.0
11392,0.0,0.0,0.0,0.0
11393,0.0,0.0,0.0,0.0
11394,0.0,0.0,0.0,0.0
11395,0.0,0.0,0.0,0.0
11396,0.0,0.0,0.0,0.0
11397,0.0,0.0,0.0,0.0
11398,0.0,0.0,0.0,0.0
11399,0.0,0.0,0.0,0.0
11400,0.0,0.0,0.0,0.0
11401,0.0,0.0,0.0,0.0
11402,0.0,0.0,0.0,0.0
11403,0.0,0.0,0.0,0.0
11404,0.0,0.0,0.0,0.0
11405,0.0,0.0,0.0,0.0
11406,0.0,0.0,0.0,0.0
11407,0.0,0.0,0.0,0.0
11408,0.0,0.0,0.0,0.0
11409,0.0,0.0,0.0,0.0
11410,0.0,0.0,0.0,0.0
11411,0.0,0.0,0.0,0.0
11412,0.0,0.0,0.0,0.0
11413,0.0,0.0,0.0,0.0
11414,0.0,0.0,0.0,0.0
11415,0.0,0.0,0.0,0.0
11416,0.0,0.0,0.0,0.0
11417,0.0,0.0,0.0,0.0
11418,0.0,0.0,0.0,0.0
11419,0.0,0.0,0.0,0.0
11420,0.0,0.0,0.0,0.0
11421,0.0,0.0,0.0,0.0
11422,0.0,0.0,0.0,0.0
11423,0.0,0.0,0.0,0.0
11424,0.0,0.0,0.0,0.0
11425,0.0,0.0,0.0,0.0
11426,0.0,0.0,0.0,0.0
11427,0.0,0.0,0.0,0.0
11428,0.0,0.0,0.0,0.0
11429,0.0,0.0,0.0,0.0
11430,0.0,0.0,0.0,0.0
11431,0.0,0.0,0.0,0.0
11432,0.0,0.0,0.0,0.0
11433,0.0,0.0,0.0,0.0
11434,0.0,0.0,0.0,0.0
11435,0.0,0.0,0.0,0.0
11436,0.0,0.0,0.0,0.0
11437,0.0,0.0,0.0,0.0
11438,0.0,0.0,0.0,0.0
11439,0.0,0.0,0.0,0.0
11440,0.0,0.0,0.0,0.0
11441,0.0,0.0,0.0,0.0
11442,0.0,0.0,0.0,0.0
11443,0.0,0.0,0.0,0.0
11444,0.0,0.0,0.0,0.0
11445,0.0,0.0,0.0,0.0
11446,0.0,0.0,0.0,0.0
11447,0.0,0.0,0.0,0.0
11448,0.0,0.0,0.0,0.0
11449,0.0,0.0,0.0,0.0
11450,0.0,0.0,0.0,0.0
11451,0.0,0.0,0.0,0.0
11452,0.0,0.0,0.0,0.0
11453,0.0,0.0,0.0,0.0
11454,0.0,0.0,0.0,0.0
11455,0.0,0.0,0.0,0.0
11456,0.0,0.0,0.0,0.0
11457,0.0,0.0,0.0,0.0
11458,0.0,0.0,0.0,0.0
11459,0.0,0.0,0.0,0.0
11460,0.0,0.0,0.0,0.0
11461,0.0,0.0,0.0,0.0
11462,0.0,0.0,0.0,0.0
11463,0.0,0.0,0.0,0.0
11464,0.0,0.0,0.0,0.0
11465,0.0,0.0,0.0,0.0
11466,0.0,0.0,0.0,0.0
11467,0.0,0.0,0.0,0.0
11468,0.0,0.0,0.0,0.0
11469,0.0,0.0,0.0,0.0
11470,0.0,0.0,0.0,0.0
11471,0.0,0.0,0.0,0.0
11472,0.0,0.0,0.0,0.0
11473,0.0,0.0,0.0,0.0
11474,0.0,0.0,0.0,0.0
11475,0.0,0.0,0.0,0.0
11476,0.0,0.0,0.0,0.0
11477,0.0,0.0,0.0,0.0
11478,0.0,0.0,0.0,0.0
11479,0.0,0.0,0.0,0.0
11480,0.0,0.0,0.0,0.0
11481,0.0,0.0,0.0,0.0
11482,0.0,0.0,0.0,0.0
11483,0.0,0.0,0.0,0.0
11484,0.0,0.0,0.0,0.0
11485,0.0,0.0,0.0,0.0
11486,0.0,0.0,0.0,0.0
11487,0.0,0.0,0.0,0.0
11488,0.0,0.0,0.0,0.0
11489,0.0,0.0,0.0,0.0
11490,0.0,0.0,0.0,0.0
11491,0.0,0.0,0.0,0.0
11492,0.0,0.0,0.0,0.0
11493,0.0,0.0,0.0,0.0
11494,0.0,0.0,0.0,0.0
11495,0.0,0.0,0.0,0.0
11496,0.0,0.0,0.0,0.0
11497,0.0,0.0,0.0,0.0
11498,0.0,0.0,0.0,0.0
11499,0.0,0.0,0.0,0.0
11500,0.0,0.0,0.0,0.0
11501,0.0,0.0,0.0,0.0
11502,0.0,0.0,0.0,0.0
11503,0.0,0.0,0.0,0.0
11504,0.0,0.0,0.0,0.0
11505,0.0,0.0,0.0,0.0
11506,0.0,0.0,0.0,0.0
11507,0.0,0.0,0.0,0.0
11508,0.0,0.0,0.0,0.0
11509,0.0,0.0,0.0,0.0
11510,0.0,0.0,0.0,0.0
11511,0.0,0.0,0.0,0.0
11512,0.0,0.0,0.0,0.0
11513,0.0,0.0,0.0,0.0
11514,0.0,0.0,0.0,0.0
11515,0.0,0.0,0.0,0.0
11516,0.0,0.0,0.0,0.0
11517,0.0,0.0,0.0,0.0
11518,0.0,0.0,0.0,0.0
11519,0.0,0.0,0.0,0.0
11520,0.0,0.0,0.0,0.0
11521,0.0,0.0,0.0,0.0
11522,0.0,0.0,0.0,0.0
11523,0.0,0.0,0.0,0.0
11524,0.0,0.0,0.0,0.0
11525,0.0,0.0,0.0,0.0
11526,0.0,0.0,0.0,0.0
11527,0.0,0.0,0.0,0.0
11528,0.0,0.0,0.0,0.0
11529,0.0,0.0,0.0,0.0
11530,0.0,0.0,0.0,0.0
11531,0.0,0.0,0.0,0.0
11532,0.0,0.0,0.0,0.0
11533,0.0,0.0,0.0,0.0
11534,0.0,0.0,0.0,0.0
11535,0.0,0.0,0.0,0.0
11536,0.0,0.0,0.0,0.0
11537,0.0,0.0,0.0,0.0
11538,0.0,0.0,0.0,0.0
11539,0.0,0.0,0.0,0.0
11540,0.0,0.0,0.0,0.0
11541,0.0,0.0,0.0,0.0
11542,0.0,0.0,0.0,0.0
11543,0.0,0.0,0.0,0.0
11544,0.0,0.0,0.0,0.0
11545,0.0,0.0,0.0,0.0
11546,0.0,0.0,0.0,0.0
11547,0.0,0.0,0.0,0.0
11548,0.0,0.0,0.0,0.0
11549,0.0,0.0,0.0,0.0
11550,0.0,0.0,0.0,0.0
11551,0.0,0.0,0.0,0.0
11552,0.0,0.0,0.0,0.0
11553,0.0,0.0,0.0,0.0
11554,0.0,0.0,0.0,0.0
11555,0.0,0.0,0.0,0.0
11556,0.0,0.0,0.0,0.0
11557,0.0,0.0,0.0,0.0
11558,0.0,0.0,0.0,0.0
11559,0.0,0.0,0.0,0.0
11560,0.0,0.0,0.0,0.0
11561,0.0,0.0,0.0,0.0
11562,0.0,0.0,0.0,0.0
11563,0.0,0.0,0.0,0.0
11564,0.0,0.0,0.0,0.0
11565,0.0,0.0,0.0,0.0
11566,0.0,0.0,0.0,0.0
11567,0.0,0.0,0.0,0.0
11568,0.0,0.0,0.0,0.0
11569,0.0,0.0,0.0,0.0
11570,0.0,0.0,0.0,0.0
11571,0.0,0.0,0.0,0.0
11572,0.0,0.0,0.0,0.0
11573,0.0,0.0,0.0,0.0
11574,0.0,0.0,0.0,0.0
11575,0.0,0.0,0.0,0.0
11576,0.0,0.0,0.0,0.0
11577,0.0,0.0,0.0,0.0
11578,0.0,0.0,0.0,0.0
11579,0.0,0.0,0.0,0.0
11580,0.0,0.0,0.0,0.0
11581,0.0,0.0,0.0,0.0
11582,0.0,0.0,0.0,0.0
11583,0.0,0.0,0.0,0.0
11584,0.0,0.0,0.0,0.0
11585,0.0,0.0,0.0,0.0
11586,0.0,0.0,0.0,0.0
11587,0.0,0.0,0.0,0.0
11588,0.0,0.0,0.0,0.0
11589,0.0,0.0,0.0,0.0
11590,0.0,0.0,0.0,0.0
11591,0.0,0.0,0.0,0.0
11592,0.0,0.0,0.0,0.0
11593,0.0,0.0,0.0,0.0
11594,0.0,0.0,0.0,0.0
11595,0.0,0.0,0.0,0.0
11596,0.0,0.0,0.0,0.0
11597,0.0,0.0,0.0,0.0
11598,0.0,0.0,0.0,0.0
11599,0.0,0.0,0.0,0.0
11600,0.0,0.0,0.0,0.0
11601,0.0,0.0,0.0,0.0
11602,0.0,0.0,0.0,0.0
11603,0.0,0.0,0.0,0.0
11604,0.0,0.0,0.0,0.0
11605,0.0,0.0,0.0,0.0
11606,0.0,0.0,0.0,0.0
11607,0.0,0.0,0.0,0.0
11608,0.0,0.0,0.0,0.0
11609,0.0,0.0,0.0,0.0
11610,0.0,0.0,0.0,0.0
11611,0.0,0.0,0.0,0.0
11612,0.0,0.0,0.0,0.0
11613,0.0,0.0,0.0,0.0
11614,0.0,0.0,0.0,0.0
11615,0.0,0.0,0.0,0.0
11616,0.0,0.0,0.0,0.0
11617,0.0,0.0,0.0,0.0
11618,0.0,0.0,0.0,0.0
11619,0.0,0.0,0.0,0.0
11620,0.0,0.0,0.0,0.0
11621,0.0,0.0,0.0,0.0
11622,0.0,0.0,0.0,0.0
11623,0.0,0.0,0.0,0.0
11624,0.0,0.0,0.0,0.0
11625,0.0,0.0,0.0,0.0
11626,0.0,0.0,0.0,0.0
11627,0.0,0.0,0.0,0.0
11628,0.0,0.0,0.0,0.0
11629,0.0,0.0,0.0,0.0
11630,0.0,0.0,0.0,0.0
11631,0.0,0.0,0.0,0.0
11632,0.0,0.0,0.0,0.0
11633,0.0,0.0,0.0,0.0
11634,0.0,0.0,0.0,0.0
11635,0.0,0.0,0.0,0.0
11636,0.0,0.0,0.0,0.0
11637,0.0,0.0,0.0,0.0
11638,0.0,0.0,0.0,0.0
11639,0.0,0.0,0.0,0.0
11640,0.0,0.0,0.0,0.0
11641,0.0,0.0,0.0,0.0
11642,0.0,0.0,0.0,0.0
11643,0.0,0.0,0.0,0.0
11644,0.0,0.0,0.0,0.0
11645,0.0,0.0,0.0,0.0
11646,0.0,0.0,0.0,0.0
11647,0.0,0.0,0.0,0.0
11648,0.0,0.0,0.0,0.0
11649,0.0,0.0,0.0,0.0
11650,0.0,0.0,0.0,0.0
11651,0.0,0.0,0.0,0.0
11652,0.0,0.0,0.0,0.0
11653,0.0,0.0,0.0,0.0
11654,0.0,0.0,0.0,0.0
11655,0.0,0.0,0.0,0.0
11656,0.0,0.0,0.0,0.0
11657,0.0,0.0,0.0,0.0
11658,0.0,0.0,0.0,0.0
11659,0.0,0.0,0.0,0.0
11660,0.0,0.0,0.0,0.0
11661,0.0,0.0,0.0,0.0
11662,0.0,0.0,0.0,0.0
11663,0.0,0.0,0.0,0.0
11664,0.0,0.0,0.0,0.0
11665,0.0,0.0,0.0,0.0
11666,0.0,0.0,0.0,0.0
11667,0.0,0.0,0.0,0.0
11668,0.0,0.0,0.0,0.0
11669,0.0,0.0,0.0,0.0
11670,0.0,0.0,0.0,0.0
11671,0.0,0.0,0.0,0.0
11672,0.0,0.0,0.0,0.0
11673,0.0,0.0,0.0,0.0
11674,0.0,0.0,0.0,0.0
11675,0.0,0.0,0.0,0.0
11676,0.0,0.0,0.0,0.0
11677,0.0,0.0,0.0,0.0
11678,0.0,0.0,0.0,0.0
11679,0.0,0.0,0.0,0.0
11680,0.0,0.0,0.0,0.0
11681,0.0,0.0,0.0,0.0
11682,0.0,0.0,0.0,0.0
11683,0.0,0.0,0.0,0.0
11684,0.0,0.0,0.0,0.0
11685,0.0,0.0,0.0,0.0
11686,0.0,0.0,0.0,0.0
11687,0.0,0.0,0.0,0.0
11688,0.0,0.0,0.0,0.0
11689,0.0,0.0,0.0,0.0
11690,0.0,0.0,0.0,0.0
11691,0.0,0.0,0.0,0.0
11692,0.0,0.0,0.0,0.0
11693,0.0,0.0,0.0,0.0
11694,0.0,0.0,0.0,0.0
11695,0.0,0.0,0.0,0.0
11696,0.0,0.0,0.0,0.0
11697,0.0,0.0,0.0,0.0
11698,0.0,0.0,0.0,0.0
11699,0.0,0.0,0.0,0.0
11700,0.0,0.0,0.0,0.0
11701,0.0,0.0,0.0,0.0
11702,0.0,0.0,0.0,0.0
11703,0.0,0.0,0.0,0.0
11704,0.0,0.0,0.0,0.0
11705,0.0,0.0,0.0,0.0
11706,0.0,0.0,0.0,0.0
11707,0.0,0.0,0.0,0.0
11708,0.0,0.0,0.0,0.0
11709,0.0,0.0,0.0,0.0
11710,0.0,0.0,0.0,0.0
11711,0.0,0.0,0.0,0.0
11712,0.0,0.0,0.0,0.0
11713,0.0,0.0,0.0,0.0
11714,0.0,0.0,0.0,0.0
11715,0.0,0.0,0.0,0.0
11716,0.0,0.0,0.0,0.0
11717,0.0,0.0,0.0,0.0
11718,0.0,0.0,0.0,0.0
11719,0.0,0.0,0.0,0.0
11720,0.0,0.0,0.0,0.0
11721,0.0,0.0,0.0,0.0
11722,0.0,0.0,0.0,0.0
11723,0.0,0.0,0.0,0.0
11724,0.0,0.0,0.0,0.0
11725,0.0,0.0,0.0,0.0
11726,0.0,0.0,0.0,0.0
11727,0.0,0.0,0.0,0.0
11728,0.0,0.0,0.0,0.0
11729,0.0,0.0,0.0,0.0
11730,0.0,0.0,0.0,0.0
11731,0.0,0.0,0.0,0.0
11732,0.0,0.0,0.0,0.0
11733,0.0,0.0,0.0,0.0
11734,0.0,0.0,0.0,0.0
11735,0.0,0.0,0.0,0.0
11736,0.0,0.0,0.0,0.0
11737,0.0,0.0,0.0,0.0
11738,0.0,0.0,0.0,0.0
11739,0.0,0.0,0.0,0.0
11740,0.0,0.0,0.0,0.0
11741,0.0,0.0,0.0,0.0
11742,0.0,0.0,0.0,0.0
11743,0.0,0.0,0.0,0.0
11744,0.0,0.0,0.0,0.0
11745,0.0,0.0,0.0,0.0
11746,0.0,0.0,0.0,0.0
11747,0.0,0.0,0.0,0.0
11748,0.0,0.0,0.0,0.0
11749,0.0,0.0,0.0,0.0
11750,0.0,0.0,0.0,0.0
11751,0.0,0.0,0.0,0.0
11752,0.0,0.0,0.0,0.0
11753,0.0,0.0,0.0,0.0
11754,0.0,0.0,0.0,0.0
11755,0.0,0.0,0.0,0.0
11756,0.0,0.0,0.0,0.0
11757,0.0,0.0,0.0,0.0
11758,0.0,0.0,0.0,0.0
11759,0.0,0.0,0.0,0.0
11760,0.0,0.0,0.0,0.0
11761,0.0,0.0,0.0,0.0
11762,0.0,0.0,0.0,0.0
11763,0.0,0.0,0.0,0.0
11764,0.0,0.0,0.0,0.0
11765,0.0,0.0,0.0,0.0
11766,0.0,0.0,0.0,0.0
11767,0.0,0.0,0.0,0.0
11768,0.0,0.0,0.0,0.0
11769,0.0,0.0,0.0,0.0
11770,0.0,0.0,0.0,0.0
11771,0.0,0.0,0.0,0.0
11772,0.0,0.0,0.0,0.0
11773,0.0,0.0,0.0,0.0
11774,0.0,0.0,0.0,0.0
11775,0.0,0.0,0.0,0.0
11776,0.0,0.0,0.0,0.0
11777,0.0,0.0,0.0,0.0
11778,0.0,0.0,0.0,0.0
11779,0.0,0.0,0.0,0.0
11780,0.0,0.0,0.0,0.0
11781,0.0,0.0,0.0,0.0
11782,0.0,0.0,0.0,0.0
11783,0.0,0.0,0.0,0.0
11784,0.0,0.0,0.0,0.0
11785,0.0,0.0,0.0,0.0
11786,0.0,0.0,0.0,0.0
11787,0.0,0.0,0.0,0.0
11788,0.0,0.0,0.0,0.0
11789,0.0,0.0,0.0,0.0
11790,0.0,0.0,0.0,0.0
11791,0.0,0.0,0.0,0.0
11792,0.0,0.0,0.0,0.0
11793,0.0,0.0,0.0,0.0
11794,0.0,0.0,0.0,0.0
11795,0.0,0.0,0.0,0.0
11796,0.0,0.0,0.0,0.0
11797,0.0,0.0,0.0,0.0
11798,0.0,0.0,0.0,0.0
11799,0.0,0.0,0.0,0.0
11800,0.0,0.0,0.0,0.0
11801,0.0,0.0,0.0,0.0
11802,0.0,0.0,0.0,0.0
11803,0.0,0.0,0.0,0.0
11804,0.0,0.0,0.0,0.0
11805,0.0,0.0,0.0,0.0
11806,0.0,0.0,0.0,0.0
11807,0.0,0.0,0.0,0.0
11808,0.0,0.0,0.0,0.0
11809,0.0,0.0,0.0,0.0
11810,0.0,0.0,0.0,0.0
11811,0.0,0.0,0.0,0.0
11812,0.0,0.0,0.0,0.0
11813,0.0,0.0,0.0,0.0
11814,0.0,0.0,0.0,0.0
11815,0.0,0.0,0.0,0.0
11816,0.0,0.0,0.0,0.0
11817,0.0,0.0,0.0,0.0
11818,0.0,0.0,0.0,0.0
11819,0.0,0.0,0.0,0.0
11820,0.0,0.0,0.0,0.0
11821,0.0,0.0,0.0,0.0
11822,0.0,0.0,0.0,0.0
11823,0.0,0.0,0.0,0.0
11824,0.0,0.0,0.0,0.0
11825,0.0,0.0,0.0,0.0
11826,0.0,0.0,0.0,0.0
11827,0.0,0.0,0.0,0.0
11828,0.0,0.0,0.0,0.0
11829,0.0,0.0,0.0,0.0
11830,0.0,0.0,0.0,0.0
11831,0.0,0.0,0.0,0.0
11832,0.0,0.0,0.0,0.0
11833,0.0,0.0,0.0,0.0
11834,0.0,0.0,0.0,0.0
11835,0.0,0.0,0.0,0.0
11836,0.0,0.0,0.0,0.0
11837,0.0,0.0,0.0,0.0
11838,0.0,0.0,0.0,0.0
11839,0.0,0.0,0.0,0.0
11840,0.0,0.0,0.0,0.0
11841,0.0,0.0,0.0,0.0
11842,0.0,0.0,0.0,0.0
11843,0.0,0.0,0.0,0.0
11844,0.0,0.0,0.0,0.0
11845,0.0,0.0,0.0,0.0
11846,0.0,0.0,0.0,0.0
11847,0.0,0.0,0.0,0.0
11848,0.0,0.0,0.0,0.0
11849,0.0,0.0,0.0,0.0
11850,0.0,0.0,0.0,0.0
11851,0.0,0.0,0.0,0.0
11852,0.0,0.0,0.0,0.0
11853,0.0,0.0,0.0,0.0
11854,0.0,0.0,0.0,0.0
11855,0.0,0.0,0.0,0.0
11856,0.0,0.0,0.0,0.0
11857,0.0,0.0,0.0,0.0
11858,0.0,0.0,0.0,0.0
11859,0.0,0.0,0.0,0.0
11860,0.0,0.0,0.0,0.0
11861,0.0,0.0,0.0,0.0
11862,0.0,0.0,0.0,0.0
11863,0.0,0.0,0.0,0.0
11864,0.0,0.0,0.0,0.0
11865,0.0,0.0,0.0,0.0
11866,0.0,0.0,0.0,0.0
11867,0.0,0.0,0.0,0.0
11868,0.0,0.0,0.0,0.0
11869,0.0,0.0,0.0,0.0
11870,0.0,0.0,0.0,0.0
11871,0.0,0.0,0.0,0.0
11872,0.0,0.0,0.0,0.0
11873,0.0,0.0,0.0,0.0
11874,0.0,0.0,0.0,0.0
11875,0.0,0.0,0.0,0.0
11876,0.0,0.0,0.0,0.0
11877,0.0,0.0,0.0,0.0
11878,0.0,0.0,0.0,0.0
11879,0.0,0.0,0.0,0.0
11880,0.0,0.0,0.0,0.0
11881,0.0,0.0,0.0,0.0
11882,0.0,0.0,0.0,0.0
11883,0.0,0.0,0.0,0.0
11884,0.0,0.0,0.0,0.0
11885,0.0,0.0,0.0,0.0
11886,0.0,0.0,0.0,0.0
11887,0.0,0.0,0.0,0.0
11888,0.0,0.0,0.0,0.0
11889,0.0,0.0,0.0,0.0
11890,0.0,0.0,0.0,0.0
11891,0.0,0.0,0.0,0.0
11892,0.0,0.0,0.0,0.0
11893,0.0,0.0,0.0,0.0
11894,0.0,0.0,0.0,0.0
11895,0.0,0.0,0.0,0.0
11896,0.0,0.0,0.0,0.0
11897,0.0,0.0,0.0,0.0
11898,0.0,0.0,0.0,0.0
11899,0.0,0.0,0.0,0.0
11900,0.0,0.0,0.0,0.0
11901,0.0,0.0,0.0,0.0
11902,0.0,0.0,0.0,0.0
11903,0.0,0.0,0.0,0.0
11904,0.0,0.0,0.0,0.0
11905,0.0,0.0,0.0,0.0
11906,0.0,0.0,0.0,0.0
11907,0.0,0.0,0.0,0.0
11908,0.0,0.0,0.0,0.0
11909,0.0,0.0,0.0,0.0
11910,0.0,0.0,0.0,0.0
11911,0.0,0.0,0.0,0.0
11912,0.0,0.0,0.0,0.0
11913,0.0,0.0,0.0,0.0
11914,0.0,0.0,0.0,0.0
11915,0.0,0.0,0.0,0.0
11916,0.0,0.0,0.0,0.0
11917,0.0,0.0,0.0,0.0
11918,0.0,0.0,0.0,0.0
11919,0.0,0.0,0.0,0.0
11920,0.0,0.0,0.0,0.0
11921,0.0,0.0,0.0,0.0
11922,0.0,0.0,0.0,0.0
11923,0.0,0.0,0.0,0.0
11924,0.0,0.0,0.0,0.0
11925,0.0,0.0,0.0,0.0
11926,0.0,0.0,0.0,0.0
11927,0.0,0.0,0.0,0.0
11928,0.0,0.0,0.0,0.0
11929,0.0,0.0,0.0,0.0
11930,0.0,0.0,0.0,0.0
11931,0.0,0.0,0.0,0.0
11932,0.0,0.0,0.0,0.0
11933,0.0,0.0,0.0,0.0
11934,0.0,0.0,0.0,0.0
11935,0.0,0.0,0.0,0.0
11936,0.0,0.0,0.0,0.0
11937,0.0,0.0,0.0,0.0
11938,0.0,0.0,0.0,0.0
11939,0.0,0.0,0.0,0.0
11940,0.0,0.0,0.0,0.0
11941,0.0,0.0,0.0,0.0
11942,0.0,0.0,0.0,0.0
11943,0.0,0.0,0.0,0.0
11944,0.0,0.0,0.0,0.0
11945,0.0,0.0,0.0,0.0
11946,0.0,0.0,0.0,0.0
11947,0.0,0.0,0.0,0.0
11948,0.0,0.0,0.0,0.0
11949,0.0,0.0,0.0,0.0
11950,0.0,0.0,0.0,0.0
11951,0.0,0.0,0.0,0.0
11952,0.0,0.0,0.0,0.0
11953,0.0,0.0,0.0,0.0
11954,0.0,0.0,0.0,0.0
11955,0.0,0.0,0.0,0.0
11956,0.0,0.0,0.0,0.0
11957,0.0,0.0,0.0,0.0
11958,0.0,0.0,0.0,0.0
11959,0.0,0.0,0.0,0.0
11960,0.0,0.0,0.0,0.0
11961,0.0,0.0,0.0,0.0
11962,0.0,0.0,0.0,0.0
11963,0.0,0.0,0.0,0.0
11964,0.0,0.0,0.0,0.0
11965,0.0,0.0,0.0,0.0
11966,0.0,0.0,0.0,0.0
11967,0.0,0.0,0.0,0.0
11968,0.0,0.0,0.0,0.0
11969,0.0,0.0,0.0,0.0
11970,0.0,0.0,0.0,0.0
11971,0.0,0.0,0.0,0.0
11972,0.0,0.0,0.0,0.0
11973,0.0,0.0,0.0,0.0
11974,0.0,0.0,0.0,0.0
11975,0.0,0.0,0.0,0.0
11976,0.0,0.0,0.0,0.0
11977,0.0,0.0,0.0,0.0
11978,0.0,0.0,0.0,0.0
11979,0.0,0.0,0.0,0.0
11980,0.0,0.0,0.0,0.0
11981,0.0,0.0,0.0,0.0
11982,0.0,0.0,0.0,0.0
11983,0.0,0.0,0.0,0.0
11984,0.0,0.0,0.0,0.0
11985,0.0,0.0,0.0,0.0
11986,0.0,0.0,0.0,0.0
11987,0.0,0.0,0.0,0.0
11988,0.0,0.0,0.0,0.0
11989,0.0,0.0,0.0,0.0
11990,0.0,0.0,0.0,0.0
11991,0.0,0.0,0.0,0.0
11992,0.0,0.0,0.0,0.0
11993,0.0,0.0,0.0,0.0
11994,0.0,0.0,0.0,0.0
11995,0.0,0.0,0.0,0.0
11996,0.0,0.0,0.0,0.0
11997,0.0,0.0,0.0,0.0
11998,0.0,0.0,0.0,0.0
11999,0.0,0.0,0.0,0.0
12000,0.0,0.0,0.0,0.0
12001,0.0,0.0,0.0,0.0
12002,0.0,0.0,0.0,0.0
12003,0.0,0.0,0.0,0.0
12004,0.0,0.0,0.0,0.0
12005,0.0,0.0,0.0,0.0
12006,0.0,0.0,0.0,0.0
12007,0.0,0.0,0.0,0.0
12008,0.0,0.0,0.0,0.0
12009,0.0,0.0,0.0,0.0
12010,0.0,0.0,0.0,0.0
12011,0.0,0.0,0.0,0.0
12012,0.0,0.0,0.0,0.0
12013,0.0,0.0,0.0,0.0
12014,0.0,0.0,0.0,0.0
12015,0.0,0.0,0.0,0.0
12016,0.0,0.0,0.0,0.0
12017,0.0,0.0,0.0,0.0
12018,0.0,0.0,0.0,0.0
12019,0.0,0.0,0.0,0.0
12020,0.0,0.0,0.0,0.0
12021,0.0,0.0,0.0,0.0
12022,0.0,0.0,0.0,0.0
12023,0.0,0.0,0.0,0.0
12024,0.0,0.0,0.0,0.0
12025,0.0,0.0,0.0,0.0
12026,0.0,0.0,0.0,0.0
12027,0.0,0.0,0.0,0.0
12028,0.0,0.0,0.0,0.0
12029,0.0,0.0,0.0,0.0
12030,0.0,0.0,0.0,0.0
12031,0.0,0.0,0.0,0.0
12032,0.0,0.0,0.0,0.0
12033,0.0,0.0,0.0,0.0
12034,0.0,0.0,0.0,0.0
12035,0.0,0.0,0.0,0.0
12036,0.0,0.0,0.0,0.0
12037,0.0,0.0,0.0,0.0
12038,0.0,0.0,0.0,0.0
12039,0.0,0.0,0.0,0.0
12040,0.0,0.0,0.0,0.0
12041,0.0,0.0,0.0,0.0
12042,0.0,0.0,0.0,0.0
12043,0.0,0.0,0.0,0.0
12044,0.0,0.0,0.0,0.0
12045,0.0,0.0,0.0,0.0
12046,0.0,0.0,0.0,0.0
12047,0.0,0.0,0.0,0.0
12048,0.0,0.0,0.0,0.0
12049,0.0,0.0,0.0,0.0
12050,0.0,0.0,0.0,0.0
12051,0.0,0.0,0.0,0.0
12052,0.0,0.0,0.0,0.0
12053,0.0,0.0,0.0,0.0
12054,0.0,0.0,0.0,0.0
12055,0.0,0.0,0.0,0.0
12056,0.0,0.0,0.0,0.0
12057,0.0,0.0,0.0,0.0
12058,0.0,0.0,0.0,0.0
12059,0.0,0.0,0.0,0.0
12060,0.0,0.0,0.0,0.0
12061,0.0,0.0,0.0,0.0
12062,0.0,0.0,0.0,0.0
12063,0.0,0.0,0.0,0.0
12064,0.0,0.0,0.0,0.0
12065,0.0,0.0,0.0,0.0
12066,0.0,0.0,0.0,0.0
12067,0.0,0.0,0.0,0.0
12068,0.0,0.0,0.0,0.0
12069,0.0,0.0,0.0,0.0
12070,0.0,0.0,0.0,0.0
12071,0.0,0.0,0.0,0.0
12072,0.0,0.0,0.0,0.0
12073,0.0,0.0,0.0,0.0
12074,0.0,0.0,0.0,0.0
12075,0.0,0.0,0.0,0.0
12076,0.0,0.0,0.0,0.0
12077,0.0,0.0,0.0,0.0
12078,0.0,0.0,0.0,0.0
12079,0.0,0.0,0.0,0.0
12080,0.0,0.0,0.0,0.0
12081,0.0,0.0,0.0,0.0
12082,0.0,0.0,0.0,0.0
12083,0.0,0.0,0.0,0.0
12084,0.0,0.0,0.0,0.0
12085,0.0,0.0,0.0,0.0
12086,0.0,0.0,0.0,0.0
12087,0.0,0.0,0.0,0.0
12088,0.0,0.0,0.0,0.0
12089,0.0,0.0,0.0,0.0
12090,0.0,0.0,0.0,0.0
12091,0.0,0.0,0.0,0.0
12092,0.0,0.0,0.0,0.0
12093,0.0,0.0,0.0,0.0
12094,0.0,0.0,0.0,0.0
12095,0.0,0.0,0.0,0.0
12096,0.0,0.0,0.0,0.0
12097,0.0,0.0,0.0,0.0
12098,0.0,0.0,0.0,0.0
12099,0.0,0.0,0.0,0.0
12100,0.0,0.0,0.0,0.0
12101,0.0,0.0,0.0,0.0
12102,0.0,0.0,0.0,0.0
12103,0.0,0.0,0.0,0.0
12104,0.0,0.0,0.0,0.0
12105,0.0,0.0,0.0,0.0
12106,0.0,0.0,0.0,0.0
12107,0.0,0.0,0.0,0.0
12108,0.0,0.0,0.0,0.0
12109,0.0,0.0,0.0,0.0
12110,0.0,0.0,0.0,0.0
12111,0.0,0.0,0.0,0.0
12112,0.0,0.0,0.0,0.0
12113,0.0,0.0,0.0,0.0
12114,0.0,0.0,0.0,0.0
12115,0.0,0.0,0.0,0.0
12116,0.0,0.0,0.0,0.0
12117,0.0,0.0,0.0,0.0
12118,0.0,0.0,0.0,0.0
12119,0.0,0.0,0.0,0.0
12120,0.0,0.0,0.0,0.0
12121,0.0,0.0,0.0,0.0
12122,0.0,0.0,0.0,0.0
12123,0.0,0.0,0.0,0.0
12124,0.0,0.0,0.0,0.0
12125,0.0,0.0,0.0,0.0
12126,0.0,0.0,0.0,0.0
12127,0.0,0.0,0.0,0.0
12128,0.0,0.0,0.0,0.0
12129,0.0,0.0,0.0,0.0
12130,0.0,0.0,0.0,0.0
12131,0.0,0.0,0.0,0.0
12132,0.0,0.0,0.0,0.0
12133,0.0,0.0,0.0,0.0
12134,0.0,0.0,0.0,0.0
12135,0.0,0.0,0.0,0.0
12136,0.0,0.0,0.0,0.0
12137,0.0,0.0,0.0,0.0
12138,0.0,0.0,0.0,0.0
12139,0.0,0.0,0.0,0.0
12140,0.0,0.0,0.0,0.0
12141,0.0,0.0,0.0,0.0
12142,0.0,0.0,0.0,0.0
12143,0.0,0.0,0.0,0.0
12144,0.0,0.0,0.0,0.0
12145,0.0,0.0,0.0,0.0
12146,0.0,0.0,0.0,0.0
12147,0.0,0.0,0.0,0.0
12148,0.0,0.0,0.0,0.0
12149,0.0,0.0,0.0,0.0
12150,0.0,0.0,0.0,0.0
12151,0.0,0.0,0.0,0.0
12152,0.0,0.0,0.0,0.0
12153,0.0,0.0,0.0,0.0
12154,0.0,0.0,0.0,0.0
12155,0.0,0.0,0.0,0.0
12156,0.0,0.0,0.0,0.0
12157,0.0,0.0,0.0,0.0
12158,0.0,0.0,0.0,0.0
12159,0.0,0.0,0.0,0.0
12160,0.0,0.0,0.0,0.0
12161,0.0,0.0,0.0,0.0
12162,0.0,0.0,0.0,0.0
12163,0.0,0.0,0.0,0.0
12164,0.0,0.0,0.0,0.0
12165,0.0,0.0,0.0,0.0
12166,0.0,0.0,0.0,0.0
12167,0.0,0.0,0.0,0.0
12168,0.0,0.0,0.0,0.0
12169,0.0,0.0,0.0,0.0
12170,0.0,0.0,0.0,0.0
12171,0.0,0.0,0.0,0.0
12172,0.0,0.0,0.0,0.0
12173,0.0,0.0,0.0,0.0
12174,0.0,0.0,0.0,0.0
12175,0.0,0.0,0.0,0.0
12176,0.0,0.0,0.0,0.0
12177,0.0,0.0,0.0,0.0
12178,0.0,0.0,0.0,0.0
12179,0.0,0.0,0.0,0.0
12180,0.0,0.0,0.0,0.0
12181,0.0,0.0,0.0,0.0
12182,0.0,0.0,0.0,0.0
12183,0.0,0.0,0.0,0.0
12184,0.0,0.0,0.0,0.0
12185,0.0,0.0,0.0,0.0
12186,0.0,0.0,0.0,0.0
12187,0.0,0.0,0.0,0.0
12188,0.0,0.0,0.0,0.0
12189,0.0,0.0,0.0,0.0
12190,0.0,0.0,0.0,0.0
12191,0.0,0.0,0.0,0.0
12192,0.0,0.0,0.0,0.0
12193,0.0,0.0,0.0,0.0
12194,0.0,0.0,0.0,0.0
12195,0.0,0.0,0.0,0.0
12196,0.0,0.0,0.0,0.0
12197,0.0,0.0,0.0,0.0
12198,0.0,0.0,0.0,0.0
12199,0.0,0.0,0.0,0.0
12200,0.0,0.0,0.0,0.0
12201,0.0,0.0,0.0,0.0
12202,0.0,0.0,0.0,0.0
12203,0.0,0.0,0.0,0.0
12204,0.0,0.0,0.0,0.0
12205,0.0,0.0,0.0,0.0
12206,0.0,0.0,0.0,0.0
12207,0.0,0.0,0.0,0.0
12208,0.0,0.0,0.0,0.0
12209,0.0,0.0,0.0,0.0
12210,0.0,0.0,0.0,0.0
12211,0.0,0.0,0.0,0.0
12212,0.0,0.0,0.0,0.0
12213,0.0,0.0,0.0,0.0
12214,0.0,0.0,0.0,0.0
12215,0.0,0.0,0.0,0.0
12216,0.0,0.0,0.0,0.0
12217,0.0,0.0,0.0,0.0
12218,0.0,0.0,0.0,0.0
12219,0.0,0.0,0.0,0.0
12220,0.0,0.0,0.0,0.0
12221,0.0,0.0,0.0,0.0
12222,0.0,0.0,0.0,0.0
12223,0.0,0.0,0.0,0.0
12224,0.0,0.0,0.0,0.0
12225,0.0,0.0,0.0,0.0
12226,0.0,0.0,0.0,0.0
12227,0.0,0.0,0.0,0.0
12228,0.0,0.0,0.0,0.0
12229,0.0,0.0,0.0,0.0
12230,0.0,0.0,0.0,0.0
12231,0.0,0.0,0.0,0.0
12232,0.0,0.0,0.0,0.0
12233,0.0,0.0,0.0,0.0
12234,0.0,0.0,0.0,0.0
12235,0.0,0.0,0.0,0.0
12236,0.0,0.0,0.0,0.0
12237,0.0,0.0,0.0,0.0
12238,0.0,0.0,0.0,0.0
12239,0.0,0.0,0.0,0.0
12240,0.0,0.0,0.0,0.0
12241,0.0,0.0,0.0,0.0
12242,0.0,0.0,0.0,0.0
12243,0.0,0.0,0.0,0.0
12244,0.0,0.0,0.0,0.0
12245,0.0,0.0,0.0,0.0
12246,0.0,0.0,0.0,0.0
12247,0.0,0.0,0.0,0.0
12248,0.0,0.0,0.0,0.0
12249,0.0,0.0,0.0,0.0
12250,0.0,0.0,0.0,0.0
12251,0.0,0.0,0.0,0.0
12252,0.0,0.0,0.0,0.0
12253,0.0,0.0,0.0,0.0
12254,0.0,0.0,0.0,0.0
12255,0.0,0.0,0.0,0.0
12256,0.0,0.0,0.0,0.0
12257,0.0,0.0,0.0,0.0
12258,0.0,0.0,0.0,0.0
12259,0.0,0.0,0.0,0.0
12260,0.0,0.0,0.0,0.0
12261,0.0,0.0,0.0,0.0
12262,0.0,0.0,0.0,0.0
12263,0.0,0.0,0.0,0.0
12264,0.0,0.0,0.0,0.0
12265,0.0,0.0,0.0,0.0
12266,0.0,0.0,0.0,0.0
12267,0.0,0.0,0.0,0.0
12268,0.0,0.0,0.0,0.0
12269,0.0,0.0,0.0,0.0
12270,0.0,0.0,0.0,0.0
12271,0.0,0.0,0.0,0.0
12272,0.0,0.0,0.0,0.0
12273,0.0,0.0,0.0,0.0
12274,0.0,0.0,0.0,0.0
12275,0.0,0.0,0.0,0.0
12276,0.0,0.0,0.0,0.0
12277,0.0,0.0,0.0,0.0
12278,0.0,0.0,0.0,0.0
12279,0.0,0.0,0.0,0.0
12280,0.0,0.0,0.0,0.0
12281,0.0,0.0,0.0,0.0
12282,0.0,0.0,0.0,0.0
12283,0.0,0.0,0.0,0.0
12284,0.0,0.0,0.0,0.0
12285,0.0,0.0,0.0,0.0
12286,0.0,0.0,0.0,0.0
12287,0.0,0.0,0.0,0.0
12288,0.0,0.0,0.0,0.0
12289,0.0,0.0,0.0,0.0
12290,0.0,0.0,0.0,0.0
12291,0.0,0.0,0.0,0.0
12292,0.0,0.0,0.0,0.0
12293,0.0,0.0,0.0,0.0
12294,0.0,0.0,0.0,0.0
12295,0.0,0.0,0.0,0.0
12296,0.0,0.0,0.0,0.0
12297,0.0,0.0,0.0,0.0
12298,0.0,0.0,0.0,0.0
12299,0.0,0.0,0.0,0.0
12300,0.0,0.0,0.0,0.0
12301,0.0,0.0,0.0,0.0
12302,0.0,0.0,0.0,0.0
12303,0.0,0.0,0.0,0.0
12304,0.0,0.0,0.0,0.0
12305,0.0,0.0,0.0,0.0
12306,0.0,0.0,0.0,0.0
12307,0.0,0.0,0.0,0.0
12308,0.0,0.0,0.0,0.0
12309,0.0,0.0,0.0,0.0
12310,0.0,0.0,0.0,0.0
12311,0.0,0.0,0.0,0.0
12312,0.0,0.0,0.0,0.0
12313,0.0,0.0,0.0,0.0
12314,0.0,0.0,0.0,0.0
12315,0.0,0.0,0.0,0.0
12316,0.0,0.0,0.0,0.0
12317,0.0,0.0,0.0,0.0
12318,0.0,0.0,0.0,0.0
12319,0.0,0.0,0.0,0.0
12320,0.0,0.0,0.0,0.0
12321,0.0,0.0,0.0,0.0
12322,0.0,0.0,0.0,0.0
12323,0.0,0.0,0.0,0.0
12324,0.0,0.0,0.0,0.0
12325,0.0,0.0,0.0,0.0
12326,0.0,0.0,0.0,0.0
12327,0.0,0.0,0.0,0.0
12328,0.0,0.0,0.0,0.0
12329,0.0,0.0,0.0,0.0
12330,0.0,0.0,0.0,0.0
12331,0.0,0.0,0.0,0.0
12332,0.0,0.0,0.0,0.0
12333,0.0,0.0,0.0,0.0
12334,0.0,0.0,0.0,0.0
12335,0.0,0.0,0.0,0.0
12336,0.0,0.0,0.0,0.0
12337,0.0,0.0,0.0,0.0
12338,0.0,0.0,0.0,0.0
12339,0.0,0.0,0.0,0.0
12340,0.0,0.0,0.0,0.0
12341,0.0,0.0,0.0,0.0
12342,0.0,0.0,0.0,0.0
12343,0.0,0.0,0.0,0.0
12344,0.0,0.0,0.0,0.0
12345,0.0,0.0,0.0,0.0
12346,0.0,0.0,0.0,0.0
12347,0.0,0.0,0.0,0.0
12348,0.0,0.0,0.0,0.0
12349,0.0,0.0,0.0,0.0
12350,0.0,0.0,0.0,0.0
12351,0.0,0.0,0.0,0.0
12352,0.0,0.0,0.0,0.0
12353,0.0,0.0,0.0,0.0
12354,0.0,0.0,0.0,0.0
12355,0.0,0.0,0.0,0.0
12356,0.0,0.0,0.0,0.0
12357,0.0,0.0,0.0,0.0
12358,0.0,0.0,0.0,0.0
12359,0.0,0.0,0.0,0.0
12360,0.0,0.0,0.0,0.0
12361,0.0,0.0,0.0,0.0
12362,0.0,0.0,0.0,0.0
12363,0.0,0.0,0.0,0.0
12364,0.0,0.0,0.0,0.0
12365,0.0,0.0,0.0,0.0
12366,0.0,0.0,0.0,0.0
12367,0.0,0.0,0.0,0.0
12368,0.0,0.0,0.0,0.0
12369,0.0,0.0,0.0,0.0
12370,0.0,0.0,0.0,0.0
12371,0.0,0.0,0.0,0.0
12372,0.0,0.0,0.0,0.0
12373,0.0,0.0,0.0,0.0
12374,0.0,0.0,0.0,0.0
12375,0.0,0.0,0.0,0.0
12376,0.0,0.0,0.0,0.0
12377,0.0,0.0,0.0,0.0
12378,0.0,0.0,0.0,0.0
12379,0.0,0.0,0.0,0.0
12380,0.0,0.0,0.0,0.0
12381,0.0,0.0,0.0,0.0
12382,0.0,0.0,0.0,0.0
12383,0.0,0.0,0.0,0.0
12384,0.0,0.0,0.0,0.0
12385,0.0,0.0,0.0,0.0
12386,0.0,0.0,0.0,0.0
12387,0.0,0.0,0.0,0.0
12388,0.0,0.0,0.0,0.0
12389,0.0,0.0,0.0,0.0
12390,0.0,0.0,0.0,0.0
12391,0.0,0.0,0.0,0.0
12392,0.0,0.0,0.0,0.0
12393,0.0,0.0,0.0,0.0
12394,0.0,0.0,0.0,0.0
12395,0.0,0.0,0.0,0.0
12396,0.0,0.0,0.0,0.0
12397,0.0,0.0,0.0,0.0
12398,0.0,0.0,0.0,0.0
12399,0.0,0.0,0.0,0.0
12400,0.0,0.0,0.0,0.0
12401,0.0,0.0,0.0,0.0
12402,0.0,0.0,0.0,0.0
12403,0.0,0.0,0.0,0.0
12404,0.0,0.0,0.0,0.0
12405,0.0,0.0,0.0,0.0
12406,0.0,0.0,0.0,0.0
12407,0.0,0.0,0.0,0.0
12408,0.0,0.0,0.0,0.0
12409,0.0,0.0,0.0,0.0
12410,0.0,0.0,0.0,0.0
12411,0.0,0.0,0.0,0.0
12412,0.0,0.0,0.0,0.0
12413,0.0,0.0,0.0,0.0
12414,0.0,0.0,0.0,0.0
12415,0.0,0.0,0.0,0.0
12416,0.0,0.0,0.0,0.0
12417,0.0,0.0,0.0,0.0
12418,0.0,0.0,0.0,0.0
12419,0.0,0.0,0.0,0.0
12420,0.0,0.0,0.0,0.0
12421,0.0,0.0,0.0,0.0
12422,0.0,0.0,0.0,0.0
12423,0.0,0.0,0.0,0.0
12424,0.0,0.0,0.0,0.0
12425,0.0,0.0,0.0,0.0
12426,0.0,0.0,0.0,0.0
12427,0.0,0.0,0.0,0.0
12428,0.0,0.0,0.0,0.0
12429,0.0,0.0,0.0,0.0
12430,0.0,0.0,0.0,0.0
12431,0.0,0.0,0.0,0.0
12432,0.0,0.0,0.0,0.0
12433,0.0,0.0,0.0,0.0
12434,0.0,0.0,0.0,0.0
12435,0.0,0.0,0.0,0.0
12436,0.0,0.0,0.0,0.0
12437,0.0,0.0,0.0,0.0
12438,0.0,0.0,0.0,0.0
12439,0.0,0.0,0.0,0.0
12440,0.0,0.0,0.0,0.0
12441,0.0,0.0,0.0,0.0
12442,0.0,0.0,0.0,0.0
12443,0.0,0.0,0.0,0.0
12444,0.0,0.0,0.0,0.0
12445,0.0,0.0,0.0,0.0
12446,0.0,0.0,0.0,0.0
12447,0.0,0.0,0.0,0.0
12448,0.0,0.0,0.0,0.0
12449,0.0,0.0,0.0,0.0
12450,0.0,0.0,0.0,0.0
12451,0.0,0.0,0.0,0.0
12452,0.0,0.0,0.0,0.0
12453,0.0,0.0,0.0,0.0
12454,0.0,0.0,0.0,0.0
12455,0.0,0.0,0.0,0.0
12456,0.0,0.0,0.0,0.0
12457,0.0,0.0,0.0,0.0
12458,0.0,0.0,0.0,0.0
12459,0.0,0.0,0.0,0.0
12460,0.0,0.0,0.0,0.0
12461,0.0,0.0,0.0,0.0
12462,0.0,0.0,0.0,0.0
12463,0.0,0.0,0.0,0.0
12464,0.0,0.0,0.0,0.0
12465,0.0,0.0,0.0,0.0
12466,0.0,0.0,0.0,0.0
12467,0.0,0.0,0.0,0.0
12468,0.0,0.0,0.0,0.0
12469,0.0,0.0,0.0,0.0
12470,0.0,0.0,0.0,0.0
12471,0.0,0.0,0.0,0.0
12472,0.0,0.0,0.0,0.0
12473,0.0,0.0,0.0,0.0
12474,0.0,0.0,0.0,0.0
12475,0.0,0.0,0.0,0.0
12476,0.0,0.0,0.0,0.0
12477,0.0,0.0,0.0,0.0
12478,0.0,0.0,0.0,0.0
12479,0.0,0.0,0.0,0.0
12480,0.0,0.0,0.0,0.0
12481,0.0,0.0,0.0,0.0
12482,0.0,0.0,0.0,0.0
12483,0.0,0.0,0.0,0.0
12484,0.0,0.0,0.0,0.0
12485,0.0,0.0,0.0,0.0
12486,0.0,0.0,0.0,0.0
12487,0.0,0.0,0.0,0.0
12488,0.0,0.0,0.0,0.0
12489,0.0,0.0,0.0,0.0
12490,0.0,0.0,0.0,0.0
12491,0.0,0.0,0.0,0.0
12492,0.0,0.0,0.0,0.0
12493,0.0,0.0,0.0,0.0
12494,0.0,0.0,0.0,0.0
12495,0.0,0.0,0.0,0.0
12496,0.0,0.0,0.0,0.0
12497,0.0,0.0,0.0,0.0
12498,0.0,0.0,0.0,0.0
12499,0.0,0.0,0.0,0.0
12500,0.0,0.0,0.0,0.0
12501,0.0,0.0,0.0,0.0
12502,0.0,0.0,0.0,0.0
12503,0.0,0.0,0.0,0.0
12504,0.0,0.0,0.0,0.0
12505,0.0,0.0,0.0,0.0
12506,0.0,0.0,0.0,0.0
12507,0.0,0.0,0.0,0.0
12508,0.0,0.0,0.0,0.0
12509,0.0,0.0,0.0,0.0
12510,0.0,0.0,0.0,0.0
12511,0.0,0.0,0.0,0.0
12512,0.0,0.0,0.0,0.0
12513,0.0,0.0,0.0,0.0
12514,0.0,0.0,0.0,0.0
12515,0.0,0.0,0.0,0.0
12516,0.0,0.0,0.0,0.0
12517,0.0,0.0,0.0,0.0
12518,0.0,0.0,0.0,0.0
12519,0.0,0.0,0.0,0.0
12520,0.0,0.0,0.0,0.0
12521,0.0,0.0,0.0,0.0
12522,0.0,0.0,0.0,0.0
12523,0.0,0.0,0.0,0.0
12524,0.0,0.0,0.0,0.0
12525,0.0,0.0,0.0,0.0
12526,0.0,0.0,0.0,0.0
12527,0.0,0.0,0.0,0.0
12528,0.0,0.0,0.0,0.0
12529,0.0,0.0,0.0,0.0
12530,0.0,0.0,0.0,0.0
12531,0.0,0.0,0.0,0.0
12532,0.0,0.0,0.0,0.0
12533,0.0,0.0,0.0,0.0
12534,0.0,0.0,0.0,0.0
12535,0.0,0.0,0.0,0.0
12536,0.0,0.0,0.0,0.0
12537,0.0,0.0,0.0,0.0
12538,0.0,0.0,0.0,0.0
12539,0.0,0.0,0.0,0.0
12540,0.0,0.0,0.0,0.0
12541,0.0,0.0,0.0,0.0
12542,0.0,0.0,0.0,0.0
12543,0.0,0.0,0.0,0.0
12544,0.0,0.0,0.0,0.0
12545,0.0,0.0,0.0,0.0
12546,0.0,0.0,0.0,0.0
12547,0.0,0.0,0.0,0.0
12548,0.0,0.0,0.0,0.0
12549,0.0,0.0,0.0,0.0
12550,0.0,0.0,0.0,0.0
12551,0.0,0.0,0.0,0.0
12552,0.0,0.0,0.0,0.0
12553,0.0,0.0,0.0,0.0
12554,0.0,0.0,0.0,0.0
12555,0.0,0.0,0.0,0.0
12556,0.0,0.0,0.0,0.0
12557,0.0,0.0,0.0,0.0
12558,0.0,0.0,0.0,0.0
12559,0.0,0.0,0.0,0.0
12560,0.0,0.0,0.0,0.0
12561,0.0,0.0,0.0,0.0
12562,0.0,0.0,0.0,0.0
12563,0.0,0.0,0.0,0.0
12564,0.0,0.0,0.0,0.0
12565,0.0,0.0,0.0,0.0
12566,0.0,0.0,0.0,0.0
12567,0.0,0.0,0.0,0.0
12568,0.0,0.0,0.0,0.0
12569,0.0,0.0,0.0,0.0
12570,0.0,0.0,0.0,0.0
12571,0.0,0.0,0.0,0.0
12572,0.0,0.0,0.0,0.0
12573,0.0,0.0,0.0,0.0
12574,0.0,0.0,0.0,0.0
12575,0.0,0.0,0.0,0.0
12576,0.0,0.0,0.0,0.0
12577,0.0,0.0,0.0,0.0
12578,0.0,0.0,0.0,0.0
12579,0.0,0.0,0.0,0.0
12580,0.0,0.0,0.0,0.0
12581,0.0,0.0,0.0,0.0
12582,0.0,0.0,0.0,0.0
12583,0.0,0.0,0.0,0.0
12584,0.0,0.0,0.0,0.0
12585,0.0,0.0,0.0,0.0
12586,0.0,0.0,0.0,0.0
12587,0.0,0.0,0.0,0.0
12588,0.0,0.0,0.0,0.0
12589,0.0,0.0,0.0,0.0
12590,0.0,0.0,0.0,0.0
12591,0.0,0.0,0.0,0.0
12592,0.0,0.0,0.0,0.0
12593,0.0,0.0,0.0,0.0
12594,0.0,0.0,0.0,0.0
12595,0.0,0.0,0.0,0.0
12596,0.0,0.0,0.0,0.0
12597,0.0,0.0,0.0,0.0
12598,0.0,0.0,0.0,0.0
12599,0.0,0.0,0.0,0.0
12600,0.0,0.0,0.0,0.0
12601,0.0,0.0,0.0,0.0
12602,0.0,0.0,0.0,0.0
12603,0.0,0.0,0.0,0.0
12604,0.0,0.0,0.0,0.0
12605,0.0,0.0,0.0,0.0
12606,0.0,0.0,0.0,0.0
12607,0.0,0.0,0.0,0.0
12608,0.0,0.0,0.0,0.0
12609,0.0,0.0,0.0,0.0
12610,0.0,0.0,0.0,0.0
12611,0.0,0.0,0.0,0.0
12612,0.0,0.0,0.0,0.0
12613,0.0,0.0,0.0,0.0
12614,0.0,0.0,0.0,0.0
12615,0.0,0.0,0.0,0.0
12616,0.0,0.0,0.0,0.0
12617,0.0,0.0,0.0,0.0
12618,0.0,0.0,0.0,0.0
12619,0.0,0.0,0.0,0.0
12620,0.0,0.0,0.0,0.0
12621,0.0,0.0,0.0,0.0
12622,0.0,0.0,0.0,0.0
12623,0.0,0.0,0.0,0.0
12624,0.0,0.0,0.0,0.0
12625,0.0,0.0,0.0,0.0
12626,0.0,0.0,0.0,0.0
12627,0.0,0.0,0.0,0.0
12628,0.0,0.0,0.0,0.0
12629,0.0,0.0,0.0,0.0
12630,0.0,0.0,0.0,0.0
12631,0.0,0.0,0.0,0.0
12632,0.0,0.0,0.0,0.0
12633,0.0,0.0,0.0,0.0
12634,0.0,0.0,0.0,0.0
12635,0.0,0.0,0.0,0.0
12636,0.0,0.0,0.0,0.0
12637,0.0,0.0,0.0,0.0
12638,0.0,0.0,0.0,0.0
12639,0.0,0.0,0.0,0.0
12640,0.0,0.0,0.0,0.0
12641,0.0,0.0,0.0,0.0
12642,0.0,0.0,0.0,0.0
12643,0.0,0.0,0.0,0.0
12644,0.0,0.0,0.0,0.0
12645,0.0,0.0,0.0,0.0
12646,0.0,0.0,0.0,0.0
12647,0.0,0.0,0.0,0.0
12648,0.0,0.0,0.0,0.0
12649,0.0,0.0,0.0,0.0
12650,0.0,0.0,0.0,0.0
12651,0.0,0.0,0.0,0.0
12652,0.0,0.0,0.0,0.0
12653,0.0,0.0,0.0,0.0
12654,0.0,0.0,0.0,0.0
12655,0.0,0.0,0.0,0.0
12656,0.0,0.0,0.0,0.0
12657,0.0,0.0,0.0,0.0
12658,0.0,0.0,0.0,0.0
12659,0.0,0.0,0.0,0.0
12660,0.0,0.0,0.0,0.0
12661,0.0,0.0,0.0,0.0
12662,0.0,0.0,0.0,0.0
12663,0.0,0.0,0.0,0.0
12664,0.0,0.0,0.0,0.0
12665,0.0,0.0,0.0,0.0
12666,0.0,0.0,0.0,0.0
12667,0.0,0.0,0.0,0.0
12668,0.0,0.0,0.0,0.0
12669,0.0,0.0,0.0,0.0
12670,0.0,0.0,0.0,0.0
12671,0.0,0.0,0.0,0.0
12672,0.0,0.0,0.0,0.0
12673,0.0,0.0,0.0,0.0
12674,0.0,0.0,0.0,0.0
12675,0.0,0.0,0.0,0.0
12676,0.0,0.0,0.0,0.0
12677,0.0,0.0,0.0,0.0
12678,0.0,0.0,0.0,0.0
12679,0.0,0.0,0.0,0.0
12680,0.0,0.0,0.0,0.0
12681,0.0,0.0,0.0,0.0
12682,0.0,0.0,0.0,0.0
12683,0.0,0.0,0.0,0.0
12684,0.0,0.0,0.0,0.0
12685,0.0,0.0,0.0,0.0
12686,0.0,0.0,0.0,0.0
12687,0.0,0.0,0.0,0.0
12688,0.0,0.0,0.0,0.0
12689,0.0,0.0,0.0,0.0
12690,0.0,0.0,0.0,0.0
12691,0.0,0.0,0.0,0.0
12692,0.0,0.0,0.0,0.0
12693,0.0,0.0,0.0,0.0
12694,0.0,0.0,0.0,0.0
12695,0.0,0.0,0.0,0.0
12696,0.0,0.0,0.0,0.0
12697,0.0,0.0,0.0,0.0
12698,0.0,0.0,0.0,0.0
12699,0.0,0.0,0.0,0.0
12700,0.0,0.0,0.0,0.0
12701,0.0,0.0,0.0,0.0
12702,0.0,0.0,0.0,0.0
12703,0.0,0.0,0.0,0.0
12704,0.0,0.0,0.0,0.0
12705,0.0,0.0,0.0,0.0
12706,0.0,0.0,0.0,0.0
12707,0.0,0.0,0.0,0.0
12708,0.0,0.0,0.0,0.0
12709,0.0,0.0,0.0,0.0
12710,0.0,0.0,0.0,0.0
12711,0.0,0.0,0.0,0.0
12712,0.0,0.0,0.0,0.0
12713,0.0,0.0,0.0,0.0
12714,0.0,0.0,0.0,0.0
12715,0.0,0.0,0.0,0.0
12716,0.0,0.0,0.0,0.0
12717,0.0,0.0,0.0,0.0
12718,0.0,0.0,0.0,0.0
12719,0.0,0.0,0.0,0.0
12720,0.0,0.0,0.0,0.0
12721,0.0,0.0,0.0,0.0
12722,0.0,0.0,0.0,0.0
12723,0.0,0.0,0.0,0.0
12724,0.0,0.0,0.0,0.0
12725,0.0,0.0,0.0,0.0
12726,0.0,0.0,0.0,0.0
12727,0.0,0.0,0.0,0.0
12728,0.0,0.0,0.0,0.0
12729,0.0,0.0,0.0,0.0
12730,0.0,0.0,0.0,0.0
12731,0.0,0.0,0.0,0.0
12732,0.0,0.0,0.0,0.0
12733,0.0,0.0,0.0,0.0
12734,0.0,0.0,0.0,0.0
12735,0.0,0.0,0.0,0.0
12736,0.0,0.0,0.0,0.0
12737,0.0,0.0,0.0,0.0
12738,0.0,0.0,0.0,0.0
12739,0.0,0.0,0.0,0.0
12740,0.0,0.0,0.0,0.0
12741,0.0,0.0,0.0,0.0
12742,0.0,0.0,0.0,0.0
12743,0.0,0.0,0.0,0.0
12744,0.0,0.0,0.0,0.0
12745,0.0,0.0,0.0,0.0
12746,0.0,0.0,0.0,0.0
12747,0.0,0.0,0.0,0.0
12748,0.0,0.0,0.0,0.0
12749,0.0,0.0,0.0,0.0
12750,0.0,0.0,0.0,0.0
12751,0.0,0.0,0.0,0.0
12752,0.0,0.0,0.0,0.0
12753,0.0,0.0,0.0,0.0
12754,0.0,0.0,0.0,0.0
12755,0.0,0.0,0.0,0.0
12756,0.0,0.0,0.0,0.0
12757,0.0,0.0,0.0,0.0
12758,0.0,0.0,0.0,0.0
12759,0.0,0.0,0.0,0.0
12760,0.0,0.0,0.0,0.0
12761,0.0,0.0,0.0,0.0
12762,0.0,0.0,0.0,0.0
12763,0.0,0.0,0.0,0.0
12764,0.0,0.0,0.0,0.0
12765,0.0,0.0,0.0,0.0
12766,0.0,0.0,0.0,0.0
12767,0.0,0.0,0.0,0.0
12768,0.0,0.0,0.0,0.0
12769,0.0,0.0,0.0,0.0
12770,0.0,0.0,0.0,0.0
12771,0.0,0.0,0.0,0.0
12772,0.0,0.0,0.0,0.0
12773,0.0,0.0,0.0,0.0
12774,0.0,0.0,0.0,0.0
12775,0.0,0.0,0.0,0.0
12776,0.0,0.0,0.0,0.0
12777,0.0,0.0,0.0,0.0
12778,0.0,0.0,0.0,0.0
12779,0.0,0.0,0.0,0.0
12780,0.0,0.0,0.0,0.0
12781,0.0,0.0,0.0,0.0
12782,0.0,0.0,0.0,0.0
12783,0.0,0.0,0.0,0.0
12784,0.0,0.0,0.0,0.0
12785,0.0,0.0,0.0,0.0
12786,0.0,0.0,0.0,0.0
12787,0.0,0.0,0.0,0.0
12788,0.0,0.0,0.0,0.0
12789,0.0,0.0,0.0,0.0
12790,0.0,0.0,0.0,0.0
12791,0.0,0.0,0.0,0.0
12792,0.0,0.0,0.0,0.0
12793,0.0,0.0,0.0,0.0
12794,0.0,0.0,0.0,0.0
12795,0.0,0.0,0.0,0.0
12796,0.0,0.0,0.0,0.0
12797,0.0,0.0,0.0,0.0
12798,0.0,0.0,0.0,0.0
12799,0.0,0.0,0.0,0.0
12800,0.0,0.0,0.0,0.0
12801,0.0,0.0,0.0,0.0
12802,0.0,0.0,0.0,0.0
12803,0.0,0.0,0.0,0.0
12804,0.0,0.0,0.0,0.0
12805,0.0,0.0,0.0,0.0
12806,0.0,0.0,0.0,0.0
12807,0.0,0.0,0.0,0.0
12808,0.0,0.0,0.0,0.0
12809,0.0,0.0,0.0,0.0
12810,0.0,0.0,0.0,0.0
12811,0.0,0.0,0.0,0.0
12812,0.0,0.0,0.0,0.0
12813,0.0,0.0,0.0,0.0
12814,0.0,0.0,0.0,0.0
12815,0.0,0.0,0.0,0.0
12816,0.0,0.0,0.0,0.0
12817,0.0,0.0,0.0,0.0
12818,0.0,0.0,0.0,0.0
12819,0.0,0.0,0.0,0.0
12820,0.0,0.0,0.0,0.0
12821,0.0,0.0,0.0,0.0
12822,0.0,0.0,0.0,0.0
12823,0.0,0.0,0.0,0.0
12824,0.0,0.0,0.0,0.0
12825,0.0,0.0,0.0,0.0
12826,0.0,0.0,0.0,0.0
12827,0.0,0.0,0.0,0.0
12828,0.0,0.0,0.0,0.0
12829,0.0,0.0,0.0,0.0
12830,0.0,0.0,0.0,0.0
12831,0.0,0.0,0.0,0.0
12832,0.0,0.0,0.0,0.0
12833,0.0,0.0,0.0,0.0
12834,0.0,0.0,0.0,0.0
12835,0.0,0.0,0.0,0.0
12836,0.0,0.0,0.0,0.0
12837,0.0,0.0,0.0,0.0
12838,0.0,0.0,0.0,0.0
12839,0.0,0.0,0.0,0.0
12840,0.0,0.0,0.0,0.0
12841,0.0,0.0,0.0,0.0
12842,0.0,0.0,0.0,0.0
12843,0.0,0.0,0.0,0.0
12844,0.0,0.0,0.0,0.0
12845,0.0,0.0,0.0,0.0
12846,0.0,0.0,0.0,0.0
12847,0.0,0.0,0.0,0.0
12848,0.0,0.0,0.0,0.0
12849,0.0,0.0,0.0,0.0
12850,0.0,0.0,0.0,0.0
12851,0.0,0.0,0.0,0.0
12852,0.0,0.0,0.0,0.0
12853,0.0,0.0,0.0,0.0
12854,0.0,0.0,0.0,0.0
12855,0.0,0.0,0.0,0.0
12856,0.0,0.0,0.0,0.0
12857,0.0,0.0,0.0,0.0
12858,0.0,0.0,0.0,0.0
12859,0.0,0.0,0.0,0.0
12860,0.0,0.0,0.0,0.0
12861,0.0,0.0,0.0,0.0
12862,0.0,0.0,0.0,0.0
12863,0.0,0.0,0.0,0.0
12864,0.0,0.0,0.0,0.0
12865,0.0,0.0,0.0,0.0
12866,0.0,0.0,0.0,0.0
12867,0.0,0.0,0.0,0.0
12868,0.0,0.0,0.0,0.0
12869,0.0,0.0,0.0,0.0
12870,0.0,0.0,0.0,0.0
12871,0.0,0.0,0.0,0.0
12872,0.0,0.0,0.0,0.0
12873,0.0,0.0,0.0,0.0
12874,0.0,0.0,0.0,0.0
12875,0.0,0.0,0.0,0.0
12876,0.0,0.0,0.0,0.0
12877,0.0,0.0,0.0,0.0
12878,0.0,0.0,0.0,0.0
12879,0.0,0.0,0.0,0.0
12880,0.0,0.0,0.0,0.0
12881,0.0,0.0,0.0,0.0
12882,0.0,0.0,0.0,0.0
12883,0.0,0.0,0.0,0.0
12884,0.0,0.0,0.0,0.0
12885,0.0,0.0,0.0,0.0
12886,0.0,0.0,0.0,0.0
12887,0.0,0.0,0.0,0.0
12888,0.0,0.0,0.0,0.0
12889,0.0,0.0,0.0,0.0
12890,0.0,0.0,0.0,0.0
12891,0.0,0.0,0.0,0.0
12892,0.0,0.0,0.0,0.0
12893,0.0,0.0,0.0,0.0
12894,0.0,0.0,0.0,0.0
12895,0.0,0.0,0.0,0.0
12896,0.0,0.0,0.0,0.0
12897,0.0,0.0,0.0,0.0
12898,0.0,0.0,0.0,0.0
12899,0.0,0.0,0.0,0.0
12900,0.0,0.0,0.0,0.0
12901,0.0,0.0,0.0,0.0
12902,0.0,0.0,0.0,0.0
12903,0.0,0.0,0.0,0.0
12904,0.0,0.0,0.0,0.0
12905,0.0,0.0,0.0,0.0
12906,0.0,0.0,0.0,0.0
12907,0.0,0.0,0.0,0.0
12908,0.0,0.0,0.0,0.0
12909,0.0,0.0,0.0,0.0
12910,0.0,0.0,0.0,0.0
12911,0.0,0.0,0.0,0.0
12912,0.0,0.0,0.0,0.0
12913,0.0,0.0,0.0,0.0
12914,0.0,0.0,0.0,0.0
12915,0.0,0.0,0.0,0.0
12916,0.0,0.0,0.0,0.0
12917,0.0,0.0,0.0,0.0
12918,0.0,0.0,0.0,0.0
12919,0.0,0.0,0.0,0.0
12920,0.0,0.0,0.0,0.0
12921,0.0,0.0,0.0,0.0
12922,0.0,0.0,0.0,0.0
12923,0.0,0.0,0.0,0.0
12924,0.0,0.0,0.0,0.0
12925,0.0,0.0,0.0,0.0
12926,0.0,0.0,0.0,0.0
12927,0.0,0.0,0.0,0.0
12928,0.0,0.0,0.0,0.0
12929,0.0,0.0,0.0,0.0
12930,0.0,0.0,0.0,0.0
12931,0.0,0.0,0.0,0.0
12932,0.0,0.0,0.0,0.0
12933,0.0,0.0,0.0,0.0
12934,0.0,0.0,0.0,0.0
12935,0.0,0.0,0.0,0.0
12936,0.0,0.0,0.0,0.0
12937,0.0,0.0,0.0,0.0
12938,0.0,0.0,0.0,0.0
12939,0.0,0.0,0.0,0.0
12940,0.0,0.0,0.0,0.0
12941,0.0,0.0,0.0,0.0
12942,0.0,0.0,0.0,0.0
12943,0.0,0.0,0.0,0.0
12944,0.0,0.0,0.0,0.0
12945,0.0,0.0,0.0,0.0
12946,0.0,0.0,0.0,0.0
12947,0.0,0.0,0.0,0.0
12948,0.0,0.0,0.0,0.0
12949,0.0,0.0,0.0,0.0
12950,0.0,0.0,0.0,0.0
12951,0.0,0.0,0.0,0.0
12952,0.0,0.0,0.0,0.0
12953,0.0,0.0,0.0,0.0
12954,0.0,0.0,0.0,0.0
12955,0.0,0.0,0.0,0.0
12956,0.0,0.0,0.0,0.0
12957,0.0,0.0,0.0,0.0
12958,0.0,0.0,0.0,0.0
12959,0.0,0.0,0.0,0.0
12960,0.0,0.0,0.0,0.0
12961,0.0,0.0,0.0,0.0
12962,0.0,0.0,0.0,0.0
12963,0.0,0.0,0.0,0.0
12964,0.0,0.0,0.0,0.0
12965,0.0,0.0,0.0,0.0
12966,0.0,0.0,0.0,0.0
12967,0.0,0.0,0.0,0.0
12968,0.0,0.0,0.0,0.0
12969,0.0,0.0,0.0,0.0
12970,0.0,0.0,0.0,0.0
12971,0.0,0.0,0.0,0.0
12972,0.0,0.0,0.0,0.0
12973,0.0,0.0,0.0,0.0
12974,0.0,0.0,0.0,0.0
12975,0.0,0.0,0.0,0.0
12976,0.0,0.0,0.0,0.0
12977,0.0,0.0,0.0,0.0
12978,0.0,0.0,0.0,0.0
12979,0.0,0.0,0.0,0.0
12980,0.0,0.0,0.0,0.0
12981,0.0,0.0,0.0,0.0
12982,0.0,0.0,0.0,0.0
12983,0.0,0.0,0.0,0.0
12984,0.0,0.0,0.0,0.0
12985,0.0,0.0,0.0,0.0
12986,0.0,0.0,0.0,0.0
12987,0.0,0.0,0.0,0.0
12988,0.0,0.0,0.0,0.0
12989,0.0,0.0,0.0,0.0
12990,0.0,0.0,0.0,0.0
12991,0.0,0.0,0.0,0.0
12992,0.0,0.0,0.0,0.0
12993,0.0,0.0,0.0,0.0
12994,0.0,0.0,0.0,0.0
12995,0.0,0.0,0.0,0.0
12996,0.0,0.0,0.0,0.0
12997,0.0,0.0,0.0,0.0
12998,0.0,0.0,0.0,0.0
12999,0.0,0.0,0.0,0.0
13000,0.0,0.0,0.0,0.0
13001,0.0,0.0,0.0,0.0
13002,0.0,0.0,0.0,0.0
13003,0.0,0.0,0.0,0.0
13004,0.0,0.0,0.0,0.0
13005,0.0,0.0,0.0,0.0
13006,0.0,0.0,0.0,0.0
13007,0.0,0.0,0.0,0.0
13008,0.0,0.0,0.0,0.0
13009,0.0,0.0,0.0,0.0
13010,0.0,0.0,0.0,0.0
13011,0.0,0.0,0.0,0.0
13012,0.0,0.0,0.0,0.0
13013,0.0,0.0,0.0,0.0
13014,0.0,0.0,0.0,0.0
13015,0.0,0.0,0.0,0.0
13016,0.0,0.0,0.0,0.0
13017,0.0,0.0,0.0,0.0
13018,0.0,0.0,0.0,0.0
13019,0.0,0.0,0.0,0.0
13020,0.0,0.0,0.0,0.0
13021,0.0,0.0,0.0,0.0
13022,0.0,0.0,0.0,0.0
13023,0.0,0.0,0.0,0.0
13024,0.0,0.0,0.0,0.0
13025,0.0,0.0,0.0,0.0
13026,0.0,0.0,0.0,0.0
13027,0.0,0.0,0.0,0.0
13028,0.0,0.0,0.0,0.0
13029,0.0,0.0,0.0,0.0
13030,0.0,0.0,0.0,0.0
13031,0.0,0.0,0.0,0.0
13032,0.0,0.0,0.0,0.0
13033,0.0,0.0,0.0,0.0
13034,0.0,0.0,0.0,0.0
13035,0.0,0.0,0.0,0.0
13036,0.0,0.0,0.0,0.0
13037,0.0,0.0,0.0,0.0
13038,0.0,0.0,0.0,0.0
13039,0.0,0.0,0.0,0.0
13040,0.0,0.0,0.0,0.0
13041,0.0,0.0,0.0,0.0
13042,0.0,0.0,0.0,0.0
13043,0.0,0.0,0.0,0.0
13044,0.0,0.0,0.0,0.0
13045,0.0,0.0,0.0,0.0
13046,0.0,0.0,0.0,0.0
13047,0.0,0.0,0.0,0.0
13048,0.0,0.0,0.0,0.0
13049,0.0,0.0,0.0,0.0
13050,0.0,0.0,0.0,0.0
13051,0.0,0.0,0.0,0.0
13052,0.0,0.0,0.0,0.0
13053,0.0,0.0,0.0,0.0
13054,0.0,0.0,0.0,0.0
13055,0.0,0.0,0.0,0.0
13056,0.0,0.0,0.0,0.0
13057,0.0,0.0,0.0,0.0
13058,0.0,0.0,0.0,0.0
13059,0.0,0.0,0.0,0.0
13060,0.0,0.0,0.0,0.0
13061,0.0,0.0,0.0,0.0
13062,0.0,0.0,0.0,0.0
13063,0.0,0.0,0.0,0.0
13064,0.0,0.0,0.0,0.0
13065,0.0,0.0,0.0,0.0
13066,0.0,0.0,0.0,0.0
13067,0.0,0.0,0.0,0.0
13068,0.0,0.0,0.0,0.0
13069,0.0,0.0,0.0,0.0
13070,0.0,0.0,0.0,0.0
13071,0.0,0.0,0.0,0.0
13072,0.0,0.0,0.0,0.0
13073,0.0,0.0,0.0,0.0
13074,0.0,0.0,0.0,0.0
13075,0.0,0.0,0.0,0.0
13076,0.0,0.0,0.0,0.0
13077,0.0,0.0,0.0,0.0
13078,0.0,0.0,0.0,0.0
13079,0.0,0.0,0.0,0.0
13080,0.0,0.0,0.0,0.0
13081,0.0,0.0,0.0,0.0
13082,0.0,0.0,0.0,0.0
13083,0.0,0.0,0.0,0.0
13084,0.0,0.0,0.0,0.0
13085,0.0,0.0,0.0,0.0
13086,0.0,0.0,0.0,0.0
13087,0.0,0.0,0.0,0.0
13088,0.0,0.0,0.0,0.0
13089,0.0,0.0,0.0,0.0
13090,0.0,0.0,0.0,0.0
13091,0.0,0.0,0.0,0.0
13092,0.0,0.0,0.0,0.0
13093,0.0,0.0,0.0,0.0
13094,0.0,0.0,0.0,0.0
13095,0.0,0.0,0.0,0.0
13096,0.0,0.0,0.0,0.0
13097,0.0,0.0,0.0,0.0
13098,0.0,0.0,0.0,0.0
13099,0.0,0.0,0.0,0.0
13100,0.0,0.0,0.0,0.0
13101,0.0,0.0,0.0,0.0
13102,0.0,0.0,0.0,0.0
13103,0.0,0.0,0.0,0.0
13104,0.0,0.0,0.0,0.0
13105,0.0,0.0,0.0,0.0
13106,0.0,0.0,0.0,0.0
13107,0.0,0.0,0.0,0.0
13108,0.0,0.0,0.0,0.0
13109,0.0,0.0,0.0,0.0
13110,0.0,0.0,0.0,0.0
13111,0.0,0.0,0.0,0.0
13112,0.0,0.0,0.0,0.0
13113,0.0,0.0,0.0,0.0
13114,0.0,0.0,0.0,0.0
13115,0.0,0.0,0.0,0.0
13116,0.0,0.0,0.0,0.0
13117,0.0,0.0,0.0,0.0
13118,0.0,0.0,0.0,0.0
13119,0.0,0.0,0.0,0.0
13120,0.0,0.0,0.0,0.0
13121,0.0,0.0,0.0,0.0
13122,0.0,0.0,0.0,0.0
13123,0.0,0.0,0.0,0.0
13124,0.0,0.0,0.0,0.0
13125,0.0,0.0,0.0,0.0
13126,0.0,0.0,0.0,0.0
13127,0.0,0.0,0.0,0.0
13128,0.0,0.0,0.0,0.0
13129,0.0,0.0,0.0,0.0
13130,0.0,0.0,0.0,0.0
13131,0.0,0.0,0.0,0.0
13132,0.0,0.0,0.0,0.0
13133,0.0,0.0,0.0,0.0
13134,0.0,0.0,0.0,0.0
13135,0.0,0.0,0.0,0.0
13136,0.0,0.0,0.0,0.0
13137,0.0,0.0,0.0,0.0
13138,0.0,0.0,0.0,0.0
13139,0.0,0.0,0.0,0.0
13140,0.0,0.0,0.0,0.0
13141,0.0,0.0,0.0,0.0
13142,0.0,0.0,0.0,0.0
13143,0.0,0.0,0.0,0.0
13144,0.0,0.0,0.0,0.0
13145,0.0,0.0,0.0,0.0
13146,0.0,0.0,0.0,0.0
13147,0.0,0.0,0.0,0.0
13148,0.0,0.0,0.0,0.0
13149,0.0,0.0,0.0,0.0
13150,0.0,0.0,0.0,0.0
13151,0.0,0.0,0.0,0.0
13152,0.0,0.0,0.0,0.0
13153,0.0,0.0,0.0,0.0
13154,0.0,0.0,0.0,0.0
13155,0.0,0.0,0.0,0.0
13156,0.0,0.0,0.0,0.0
13157,0.0,0.0,0.0,0.0
13158,0.0,0.0,0.0,0.0
13159,0.0,0.0,0.0,0.0
13160,0.0,0.0,0.0,0.0
13161,0.0,0.0,0.0,0.0
13162,0.0,0.0,0.0,0.0
13163,0.0,0.0,0.0,0.0
13164,0.0,0.0,0.0,0.0
13165,0.0,0.0,0.0,0.0
13166,0.0,0.0,0.0,0.0
13167,0.0,0.0,0.0,0.0
13168,0.0,0.0,0.0,0.0
13169,0.0,0.0,0.0,0.0
13170,0.0,0.0,0.0,0.0
13171,0.0,0.0,0.0,0.0
13172,0.0,0.0,0.0,0.0
13173,0.0,0.0,0.0,0.0
13174,0.0,0.0,0.0,0.0
13175,0.0,0.0,0.0,0.0
13176,0.0,0.0,0.0,0.0
13177,0.0,0.0,0.0,0.0
13178,0.0,0.0,0.0,0.0
13179,0.0,0.0,0.0,0.0
13180,0.0,0.0,0.0,0.0
13181,0.0,0.0,0.0,0.0
13182,0.0,0.0,0.0,0.0
13183,0.0,0.0,0.0,0.0
13184,0.0,0.0,0.0,0.0
13185,0.0,0.0,0.0,0.0
13186,0.0,0.0,0.0,0.0
13187,0.0,0.0,0.0,0.0
13188,0.0,0.0,0.0,0.0
13189,0.0,0.0,0.0,0.0
13190,0.0,0.0,0.0,0.0
13191,0.0,0.0,0.0,0.0
13192,0.0,0.0,0.0,0.0
13193,0.0,0.0,0.0,0.0
13194,0.0,0.0,0.0,0.0
13195,0.0,0.0,0.0,0.0
13196,0.0,0.0,0.0,0.0
13197,0.0,0.0,0.0,0.0
13198,0.0,0.0,0.0,0.0
13199,0.0,0.0,0.0,0.0
13200,0.0,0.0,0.0,0.0
13201,0.0,0.0,0.0,0.0
13202,0.0,0.0,0.0,0.0
13203,0.0,0.0,0.0,0.0
13204,0.0,0.0,0.0,0.0
13205,0.0,0.0,0.0,0.0
13206,0.0,0.0,0.0,0.0
13207,0.0,0.0,0.0,0.0
13208,0.0,0.0,0.0,0.0
13209,0.0,0.0,0.0,0.0
13210,0.0,0.0,0.0,0.0
13211,0.0,0.0,0.0,0.0
13212,0.0,0.0,0.0,0.0
13213,0.0,0.0,0.0,0.0
13214,0.0,0.0,0.0,0.0
13215,0.0,0.0,0.0,0.0
13216,0.0,0.0,0.0,0.0
13217,0.0,0.0,0.0,0.0
13218,0.0,0.0,0.0,0.0
13219,0.0,0.0,0.0,0.0
13220,0.0,0.0,0.0,0.0
13221,0.0,0.0,0.0,0.0
13222,0.0,0.0,0.0,0.0
13223,0.0,0.0,0.0,0.0
13224,0.0,0.0,0.0,0.0
13225,0.0,0.0,0.0,0.0
13226,0.0,0.0,0.0,0.0
13227,0.0,0.0,0.0,0.0
13228,0.0,0.0,0.0,0.0
13229,0.0,0.0,0.0,0.0
13230,0.0,0.0,0.0,0.0
13231,0.0,0.0,0.0,0.0
13232,0.0,0.0,0.0,0.0
13233,0.0,0.0,0.0,0.0
13234,0.0,0.0,0.0,0.0
13235,0.0,0.0,0.0,0.0
13236,0.0,0.0,0.0,0.0
13237,0.0,0.0,0.0,0.0
13238,0.0,0.0,0.0,0.0
13239,0.0,0.0,0.0,0.0
13240,0.0,0.0,0.0,0.0
13241,0.0,0.0,0.0,0.0
13242,0.0,0.0,0.0,0.0
13243,0.0,0.0,0.0,0.0
13244,0.0,0.0,0.0,0.0
13245,0.0,0.0,0.0,0.0
13246,0.0,0.0,0.0,0.0
13247,0.0,0.0,0.0,0.0
13248,0.0,0.0,0.0,0.0
13249,0.0,0.0,0.0,0.0
13250,0.0,0.0,0.0,0.0
13251,0.0,0.0,0.0,0.0
13252,0.0,0.0,0.0,0.0
13253,0.0,0.0,0.0,0.0
13254,0.0,0.0,0.0,0.0
13255,0.0,0.0,0.0,0.0
13256,0.0,0.0,0.0,0.0
13257,0.0,0.0,0.0,0.0
13258,0.0,0.0,0.0,0.0
13259,0.0,0.0,0.0,0.0
13260,0.0,0.0,0.0,0.0
13261,0.0,0.0,0.0,0.0
13262,0.0,0.0,0.0,0.0
13263,0.0,0.0,0.0,0.0
13264,0.0,0.0,0.0,0.0
13265,0.0,0.0,0.0,0.0
13266,0.0,0.0,0.0,0.0
13267,0.0,0.0,0.0,0.0
13268,0.0,0.0,0.0,0.0
13269,0.0,0.0,0.0,0.0
13270,0.0,0.0,0.0,0.0
13271,0.0,0.0,0.0,0.0
13272,0.0,0.0,0.0,0.0
13273,0.0,0.0,0.0,0.0
13274,0.0,0.0,0.0,0.0
13275,0.0,0.0,0.0,0.0
13276,0.0,0.0,0.0,0.0
13277,0.0,0.0,0.0,0.0
13278,0.0,0.0,0.0,0.0
13279,0.0,0.0,0.0,0.0
13280,0.0,0.0,0.0,0.0
13281,0.0,0.0,0.0,0.0
13282,0.0,0.0,0.0,0.0
13283,0.0,0.0,0.0,0.0
13284,0.0,0.0,0.0,0.0
13285,0.0,0.0,0.0,0.0
13286,0.0,0.0,0.0,0.0
13287,0.0,0.0,0.0,0.0
13288,0.0,0.0,0.0,0.0
13289,0.0,0.0,0.0,0.0
13290,0.0,0.0,0.0,0.0
13291,0.0,0.0,0.0,0.0
13292,0.0,0.0,0.0,0.0
13293,0.0,0.0,0.0,0.0
13294,0.0,0.0,0.0,0.0
13295,0.0,0.0,0.0,0.0
13296,0.0,0.0,0.0,0.0
13297,0.0,0.0,0.0,0.0
13298,0.0,0.0,0.0,0.0
13299,0.0,0.0,0.0,0.0
13300,0.0,0.0,0.0,0.0
13301,0.0,0.0,0.0,0.0
13302,0.0,0.0,0.0,0.0
13303,0.0,0.0,0.0,0.0
13304,0.0,0.0,0.0,0.0
13305,0.0,0.0,0.0,0.0
13306,0.0,0.0,0.0,0.0
13307,0.0,0.0,0.0,0.0
13308,0.0,0.0,0.0,0.0
13309,0.0,0.0,0.0,0.0
13310,0.0,0.0,0.0,0.0
13311,0.0,0.0,0.0,0.0
13312,0.0,0.0,0.0,0.0
13313,0.0,0.0,0.0,0.0
13314,0.0,0.0,0.0,0.0
13315,0.0,0.0,0.0,0.0
13316,0.0,0.0,0.0,0.0
13317,0.0,0.0,0.0,0.0
13318,0.0,0.0,0.0,0.0
13319,0.0,0.0,0.0,0.0
13320,0.0,0.0,0.0,0.0
13321,0.0,0.0,0.0,0.0
13322,0.0,0.0,0.0,0.0
13323,0.0,0.0,0.0,0.0
13324,0.0,0.0,0.0,0.0
13325,0.0,0.0,0.0,0.0
13326,0.0,0.0,0.0,0.0
13327,0.0,0.0,0.0,0.0
13328,0.0,0.0,0.0,0.0
13329,0.0,0.0,0.0,0.0
13330,0.0,0.0,0.0,0.0
13331,0.0,0.0,0.0,0.0
13332,0.0,0.0,0.0,0.0
13333,0.0,0.0,0.0,0.0
13334,0.0,0.0,0.0,0.0
13335,0.0,0.0,0.0,0.0
13336,0.0,0.0,0.0,0.0
13337,0.0,0.0,0.0,0.0
13338,0.0,0.0,0.0,0.0
13339,0.0,0.0,0.0,0.0
13340,0.0,0.0,0.0,0.0
13341,0.0,0.0,0.0,0.0
13342,0.0,0.0,0.0,0.0
13343,0.0,0.0,0.0,0.0
13344,0.0,0.0,0.0,0.0
13345,0.0,0.0,0.0,0.0
13346,0.0,0.0,0.0,0.0
13347,0.0,0.0,0.0,0.0
13348,0.0,0.0,0.0,0.0
13349,0.0,0.0,0.0,0.0
13350,0.0,0.0,0.0,0.0
13351,0.0,0.0,0.0,0.0
13352,0.0,0.0,0.0,0.0
13353,0.0,0.0,0.0,0.0
13354,0.0,0.0,0.0,0.0
13355,0.0,0.0,0.0,0.0
13356,0.0,0.0,0.0,0.0
13357,0.0,0.0,0.0,0.0
13358,0.0,0.0,0.0,0.0
13359,0.0,0.0,0.0,0.0
13360,0.0,0.0,0.0,0.0
13361,0.0,0.0,0.0,0.0
13362,0.0,0.0,0.0,0.0
13363,0.0,0.0,0.0,0.0
13364,0.0,0.0,0.0,0.0
13365,0.0,0.0,0.0,0.0
13366,0.0,0.0,0.0,0.0
13367,0.0,0.0,0.0,0.0
13368,0.0,0.0,0.0,0.0
13369,0.0,0.0,0.0,0.0
13370,0.0,0.0,0.0,0.0
13371,0.0,0.0,0.0,0.0
13372,0.0,0.0,0.0,0.0
13373,0.0,0.0,0.0,0.0
13374,0.0,0.0,0.0,0.0
13375,0.0,0.0,0.0,0.0
13376,0.0,0.0,0.0,0.0
13377,0.0,0.0,0.0,0.0
13378,0.0,0.0,0.0,0.0
13379,0.0,0.0,0.0,0.0
13380,0.0,0.0,0.0,0.0
13381,0.0,0.0,0.0,0.0
13382,0.0,0.0,0.0,0.0
13383,0.0,0.0,0.0,0.0
13384,0.0,0.0,0.0,0.0
13385,0.0,0.0,0.0,0.0
13386,0.0,0.0,0.0,0.0
13387,0.0,0.0,0.0,0.0
13388,0.0,0.0,0.0,0.0
13389,0.0,0.0,0.0,0.0
13390,0.0,0.0,0.0,0.0
13391,0.0,0.0,0.0,0.0
13392,0.0,0.0,0.0,0.0
13393,0.0,0.0,0.0,0.0
13394,0.0,0.0,0.0,0.0
13395,0.0,0.0,0.0,0.0
13396,0.0,0.0,0.0,0.0
13397,0.0,0.0,0.0,0.0
13398,0.0,0.0,0.0,0.0
13399,0.0,0.0,0.0,0.0
13400,0.0,0.0,0.0,0.0
13401,0.0,0.0,0.0,0.0
13402,0.0,0.0,0.0,0.0
13403,0.0,0.0,0.0,0.0
13404,0.0,0.0,0.0,0.0
13405,0.0,0.0,0.0,0.0
13406,0.0,0.0,0.0,0.0
13407,0.0,0.0,0.0,0.0
13408,0.0,0.0,0.0,0.0
13409,0.0,0.0,0.0,0.0
13410,0.0,0.0,0.0,0.0
13411,0.0,0.0,0.0,0.0
13412,0.0,0.0,0.0,0.0
13413,0.0,0.0,0.0,0.0
13414,0.0,0.0,0.0,0.0
13415,0.0,0.0,0.0,0.0
13416,0.0,0.0,0.0,0.0
13417,0.0,0.0,0.0,0.0
13418,0.0,0.0,0.0,0.0
13419,0.0,0.0,0.0,0.0
13420,0.0,0.0,0.0,0.0
13421,0.0,0.0,0.0,0.0
13422,0.0,0.0,0.0,0.0
13423,0.0,0.0,0.0,0.0
13424,0.0,0.0,0.0,0.0
13425,0.0,0.0,0.0,0.0
13426,0.0,0.0,0.0,0.0
13427,0.0,0.0,0.0,0.0
13428,0.0,0.0,0.0,0.0
13429,0.0,0.0,0.0,0.0
13430,0.0,0.0,0.0,0.0
13431,0.0,0.0,0.0,0.0
13432,0.0,0.0,0.0,0.0
13433,0.0,0.0,0.0,0.0
13434,0.0,0.0,0.0,0.0
13435,0.0,0.0,0.0,0.0
13436,0.0,0.0,0.0,0.0
13437,0.0,0.0,0.0,0.0
13438,0.0,0.0,0.0,0.0
13439,0.0,0.0,0.0,0.0
13440,0.0,0.0,0.0,0.0
13441,0.0,0.0,0.0,0.0
13442,0.0,0.0,0.0,0.0
13443,0.0,0.0,0.0,0.0
13444,0.0,0.0,0.0,0.0
13445,0.0,0.0,0.0,0.0
13446,0.0,0.0,0.0,0.0
13447,0.0,0.0,0.0,0.0
13448,0.0,0.0,0.0,0.0
13449,0.0,0.0,0.0,0.0
13450,0.0,0.0,0.0,0.0
13451,0.0,0.0,0.0,0.0
13452,0.0,0.0,0.0,0.0
13453,0.0,0.0,0.0,0.0
13454,0.0,0.0,0.0,0.0
13455,0.0,0.0,0.0,0.0
13456,0.0,0.0,0.0,0.0
13457,0.0,0.0,0.0,0.0
13458,0.0,0.0,0.0,0.0
13459,0.0,0.0,0.0,0.0
13460,0.0,0.0,0.0,0.0
13461,0.0,0.0,0.0,0.0
13462,0.0,0.0,0.0,0.0
13463,0.0,0.0,0.0,0.0
13464,0.0,0.0,0.0,0.0
13465,0.0,0.0,0.0,0.0
13466,0.0,0.0,0.0,0.0
13467,0.0,0.0,0.0,0.0
13468,0.0,0.0,0.0,0.0
13469,0.0,0.0,0.0,0.0
13470,0.0,0.0,0.0,0.0
13471,0.0,0.0,0.0,0.0
13472,0.0,0.0,0.0,0.0
13473,0.0,0.0,0.0,0.0
13474,0.0,0.0,0.0,0.0
13475,0.0,0.0,0.0,0.0
13476,0.0,0.0,0.0,0.0
13477,0.0,0.0,0.0,0.0
13478,0.0,0.0,0.0,0.0
13479,0.0,0.0,0.0,0.0
13480,0.0,0.0,0.0,0.0
13481,0.0,0.0,0.0,0.0
13482,0.0,0.0,0.0,0.0
13483,0.0,0.0,0.0,0.0
13484,0.0,0.0,0.0,0.0
13485,0.0,0.0,0.0,0.0
13486,0.0,0.0,0.0,0.0
13487,0.0,0.0,0.0,0.0
13488,0.0,0.0,0.0,0.0
13489,0.0,0.0,0.0,0.0
13490,0.0,0.0,0.0,0.0
13491,0.0,0.0,0.0,0.0
13492,0.0,0.0,0.0,0.0
13493,0.0,0.0,0.0,0.0
13494,0.0,0.0,0.0,0.0
13495,0.0,0.0,0.0,0.0
13496,0.0,0.0,0.0,0.0
13497,0.0,0.0,0.0,0.0
13498,0.0,0.0,0.0,0.0
13499,0.0,0.0,0.0,0.0
13500,0.0,0.0,0.0,0.0
13501,0.0,0.0,0.0,0.0
13502,0.0,0.0,0.0,0.0
13503,0.0,0.0,0.0,0.0
13504,0.0,0.0,0.0,0.0
13505,0.0,0.0,0.0,0.0
13506,0.0,0.0,0.0,0.0
13507,0.0,0.0,0.0,0.0
13508,0.0,0.0,0.0,0.0
13509,0.0,0.0,0.0,0.0
13510,0.0,0.0,0.0,0.0
13511,0.0,0.0,0.0,0.0
13512,0.0,0.0,0.0,0.0
13513,0.0,0.0,0.0,0.0
13514,0.0,0.0,0.0,0.0
13515,0.0,0.0,0.0,0.0
13516,0.0,0.0,0.0,0.0
13517,0.0,0.0,0.0,0.0
13518,0.0,0.0,0.0,0.0
13519,0.0,0.0,0.0,0.0
13520,0.0,0.0,0.0,0.0
13521,0.0,0.0,0.0,0.0
13522,0.0,0.0,0.0,0.0
13523,0.0,0.0,0.0,0.0
13524,0.0,0.0,0.0,0.0
13525,0.0,0.0,0.0,0.0
13526,0.0,0.0,0.0,0.0
13527,0.0,0.0,0.0,0.0
13528,0.0,0.0,0.0,0.0
13529,0.0,0.0,0.0,0.0
13530,0.0,0.0,0.0,0.0
13531,0.0,0.0,0.0,0.0
13532,0.0,0.0,0.0,0.0
13533,0.0,0.0,0.0,0.0
13534,0.0,0.0,0.0,0.0
13535,0.0,0.0,0.0,0.0
13536,0.0,0.0,0.0,0.0
13537,0.0,0.0,0.0,0.0
13538,0.0,0.0,0.0,0.0
13539,0.0,0.0,0.0,0.0
13540,0.0,0.0,0.0,0.0
13541,0.0,0.0,0.0,0.0
13542,0.0,0.0,0.0,0.0
13543,0.0,0.0,0.0,0.0
13544,0.0,0.0,0.0,0.0
13545,0.0,0.0,0.0,0.0
13546,0.0,0.0,0.0,0.0
13547,0.0,0.0,0.0,0.0
13548,0.0,0.0,0.0,0.0
13549,0.0,0.0,0.0,0.0
13550,0.0,0.0,0.0,0.0
13551,0.0,0.0,0.0,0.0
13552,0.0,0.0,0.0,0.0
13553,0.0,0.0,0.0,0.0
13554,0.0,0.0,0.0,0.0
13555,0.0,0.0,0.0,0.0
13556,0.0,0.0,0.0,0.0
13557,0.0,0.0,0.0,0.0
13558,0.0,0.0,0.0,0.0
13559,0.0,0.0,0.0,0.0
13560,0.0,0.0,0.0,0.0
13561,0.0,0.0,0.0,0.0
13562,0.0,0.0,0.0,0.0
13563,0.0,0.0,0.0,0.0
13564,0.0,0.0,0.0,0.0
13565,0.0,0.0,0.0,0.0
13566,0.0,0.0,0.0,0.0
13567,0.0,0.0,0.0,0.0
13568,0.0,0.0,0.0,0.0
13569,0.0,0.0,0.0,0.0
13570,0.0,0.0,0.0,0.0
13571,0.0,0.0,0.0,0.0
13572,0.0,0.0,0.0,0.0
13573,0.0,0.0,0.0,0.0
13574,0.0,0.0,0.0,0.0
13575,0.0,0.0,0.0,0.0
13576,0.0,0.0,0.0,0.0
13577,0.0,0.0,0.0,0.0
13578,0.0,0.0,0.0,0.0
13579,0.0,0.0,0.0,0.0
13580,0.0,0.0,0.0,0.0
13581,0.0,0.0,0.0,0.0
13582,0.0,0.0,0.0,0.0
13583,0.0,0.0,0.0,0.0
13584,0.0,0.0,0.0,0.0
13585,0.0,0.0,0.0,0.0
13586,0.0,0.0,0.0,0.0
13587,0.0,0.0,0.0,0.0
13588,0.0,0.0,0.0,0.0
13589,0.0,0.0,0.0,0.0
13590,0.0,0.0,0.0,0.0
13591,0.0,0.0,0.0,0.0
13592,0.0,0.0,0.0,0.0
13593,0.0,0.0,0.0,0.0
13594,0.0,0.0,0.0,0.0
13595,0.0,0.0,0.0,0.0
13596,0.0,0.0,0.0,0.0
13597,0.0,0.0,0.0,0.0
13598,0.0,0.0,0.0,0.0
13599,0.0,0.0,0.0,0.0
13600,0.0,0.0,0.0,0.0
13601,0.0,0.0,0.0,0.0
13602,0.0,0.0,0.0,0.0
13603,0.0,0.0,0.0,0.0
13604,0.0,0.0,0.0,0.0
13605,0.0,0.0,0.0,0.0
13606,0.0,0.0,0.0,0.0
13607,0.0,0.0,0.0,0.0
13608,0.0,0.0,0.0,0.0
13609,0.0,0.0,0.0,0.0
13610,0.0,0.0,0.0,0.0
13611,0.0,0.0,0.0,0.0
13612,0.0,0.0,0.0,0.0
13613,0.0,0.0,0.0,0.0
13614,0.0,0.0,0.0,0.0
13615,0.0,0.0,0.0,0.0
13616,0.0,0.0,0.0,0.0
13617,0.0,0.0,0.0,0.0
13618,0.0,0.0,0.0,0.0
13619,0.0,0.0,0.0,0.0
13620,0.0,0.0,0.0,0.0
13621,0.0,0.0,0.0,0.0
13622,0.0,0.0,0.0,0.0
13623,0.0,0.0,0.0,0.0
13624,0.0,0.0,0.0,0.0
13625,0.0,0.0,0.0,0.0
13626,0.0,0.0,0.0,0.0
13627,0.0,0.0,0.0,0.0
13628,0.0,0.0,0.0,0.0
13629,0.0,0.0,0.0,0.0
13630,0.0,0.0,0.0,0.0
13631,0.0,0.0,0.0,0.0
13632,0.0,0.0,0.0,0.0
13633,0.0,0.0,0.0,0.0
13634,0.0,0.0,0.0,0.0
13635,0.0,0.0,0.0,0.0
13636,0.0,0.0,0.0,0.0
13637,0.0,0.0,0.0,0.0
13638,0.0,0.0,0.0,0.0
13639,0.0,0.0,0.0,0.0
13640,0.0,0.0,0.0,0.0
13641,0.0,0.0,0.0,0.0
13642,0.0,0.0,0.0,0.0
13643,0.0,0.0,0.0,0.0
13644,0.0,0.0,0.0,0.0
13645,0.0,0.0,0.0,0.0
13646,0.0,0.0,0.0,0.0
13647,0.0,0.0,0.0,0.0
13648,0.0,0.0,0.0,0.0
13649,0.0,0.0,0.0,0.0
13650,0.0,0.0,0.0,0.0
13651,0.0,0.0,0.0,0.0
13652,0.0,0.0,0.0,0.0
13653,0.0,0.0,0.0,0.0
13654,0.0,0.0,0.0,0.0
13655,0.0,0.0,0.0,0.0
13656,0.0,0.0,0.0,0.0
13657,0.0,0.0,0.0,0.0
13658,0.0,0.0,0.0,0.0
13659,0.0,0.0,0.0,0.0
13660,0.0,0.0,0.0,0.0
13661,0.0,0.0,0.0,0.0
13662,0.0,0.0,0.0,0.0
13663,0.0,0.0,0.0,0.0
13664,0.0,0.0,0.0,0.0
13665,0.0,0.0,0.0,0.0
13666,0.0,0.0,0.0,0.0
13667,0.0,0.0,0.0,0.0
13668,0.0,0.0,0.0,0.0
13669,0.0,0.0,0.0,0.0
13670,0.0,0.0,0.0,0.0
13671,0.0,0.0,0.0,0.0
13672,0.0,0.0,0.0,0.0
13673,0.0,0.0,0.0,0.0
13674,0.0,0.0,0.0,0.0
13675,0.0,0.0,0.0,0.0
13676,0.0,0.0,0.0,0.0
13677,0.0,0.0,0.0,0.0
13678,0.0,0.0,0.0,0.0
13679,0.0,0.0,0.0,0.0
13680,0.0,0.0,0.0,0.0
13681,0.0,0.0,0.0,0.0
13682,0.0,0.0,0.0,0.0
13683,0.0,0.0,0.0,0.0
13684,0.0,0.0,0.0,0.0
13685,0.0,0.0,0.0,0.0
13686,0.0,0.0,0.0,0.0
13687,0.0,0.0,0.0,0.0
13688,0.0,0.0,0.0,0.0
13689,0.0,0.0,0.0,0.0
13690,0.0,0.0,0.0,0.0
13691,0.0,0.0,0.0,0.0
13692,0.0,0.0,0.0,0.0
13693,0.0,0.0,0.0,0.0
13694,0.0,0.0,0.0,0.0
13695,0.0,0.0,0.0,0.0
13696,0.0,0.0,0.0,0.0
13697,0.0,0.0,0.0,0.0
13698,0.0,0.0,0.0,0.0
13699,0.0,0.0,0.0,0.0
13700,0.0,0.0,0.0,0.0
13701,0.0,0.0,0.0,0.0
13702,0.0,0.0,0.0,0.0
13703,0.0,0.0,0.0,0.0
13704,0.0,0.0,0.0,0.0
13705,0.0,0.0,0.0,0.0
13706,0.0,0.0,0.0,0.0
13707,0.0,0.0,0.0,0.0
13708,0.0,0.0,0.0,0.0
13709,0.0,0.0,0.0,0.0
13710,0.0,0.0,0.0,0.0
13711,0.0,0.0,0.0,0.0
13712,0.0,0.0,0.0,0.0
13713,0.0,0.0,0.0,0.0
13714,0.0,0.0,0.0,0.0
13715,0.0,0.0,0.0,0.0
13716,0.0,0.0,0.0,0.0
13717,0.0,0.0,0.0,0.0
13718,0.0,0.0,0.0,0.0
13719,0.0,0.0,0.0,0.0
13720,0.0,0.0,0.0,0.0
13721,0.0,0.0,0.0,0.0
13722,0.0,0.0,0.0,0.0
13723,0.0,0.0,0.0,0.0
13724,0.0,0.0,0.0,0.0
13725,0.0,0.0,0.0,0.0
13726,0.0,0.0,0.0,0.0
13727,0.0,0.0,0.0,0.0
13728,0.0,0.0,0.0,0.0
13729,0.0,0.0,0.0,0.0
13730,0.0,0.0,0.0,0.0
13731,0.0,0.0,0.0,0.0
13732,0.0,0.0,0.0,0.0
13733,0.0,0.0,0.0,0.0
13734,0.0,0.0,0.0,0.0
13735,0.0,0.0,0.0,0.0
13736,0.0,0.0,0.0,0.0
13737,0.0,0.0,0.0,0.0
13738,0.0,0.0,0.0,0.0
13739,0.0,0.0,0.0,0.0
13740,0.0,0.0,0.0,0.0
13741,0.0,0.0,0.0,0.0
13742,0.0,0.0,0.0,0.0
13743,0.0,0.0,0.0,0.0
13744,0.0,0.0,0.0,0.0
13745,0.0,0.0,0.0,0.0
13746,0.0,0.0,0.0,0.0
13747,0.0,0.0,0.0,0.0
13748,0.0,0.0,0.0,0.0
13749,0.0,0.0,0.0,0.0
13750,0.0,0.0,0.0,0.0
13751,0.0,0.0,0.0,0.0
13752,0.0,0.0,0.0,0.0
13753,0.0,0.0,0.0,0.0
13754,0.0,0.0,0.0,0.0
13755,0.0,0.0,0.0,0.0
13756,0.0,0.0,0.0,0.0
13757,0.0,0.0,0.0,0.0
13758,0.0,0.0,0.0,0.0
13759,0.0,0.0,0.0,0.0
13760,0.0,0.0,0.0,0.0
13761,0.0,0.0,0.0,0.0
13762,0.0,0.0,0.0,0.0
13763,0.0,0.0,0.0,0.0
13764,0.0,0.0,0.0,0.0
13765,0.0,0.0,0.0,0.0
13766,0.0,0.0,0.0,0.0
13767,0.0,0.0,0.0,0.0
13768,0.0,0.0,0.0,0.0
13769,0.0,0.0,0.0,0.0
13770,0.0,0.0,0.0,0.0
13771,0.0,0.0,0.0,0.0
13772,0.0,0.0,0.0,0.0
13773,0.0,0.0,0.0,0.0
13774,0.0,0.0,0.0,0.0
13775,0.0,0.0,0.0,0.0
13776,0.0,0.0,0.0,0.0
13777,0.0,0.0,0.0,0.0
13778,0.0,0.0,0.0,0.0
13779,0.0,0.0,0.0,0.0
13780,0.0,0.0,0.0,0.0
13781,0.0,0.0,0.0,0.0
13782,0.0,0.0,0.0,0.0
13783,0.0,0.0,0.0,0.0
13784,0.0,0.0,0.0,0.0
13785,0.0,0.0,0.0,0.0
13786,0.0,0.0,0.0,0.0
13787,0.0,0.0,0.0,0.0
13788,0.0,0.0,0.0,0.0
13789,0.0,0.0,0.0,0.0
13790,0.0,0.0,0.0,0.0
13791,0.0,0.0,0.0,0.0
13792,0.0,0.0,0.0,0.0
13793,0.0,0.0,0.0,0.0
13794,0.0,0.0,0.0,0.0
13795,0.0,0.0,0.0,0.0
13796,0.0,0.0,0.0,0.0
13797,0.0,0.0,0.0,0.0
13798,0.0,0.0,0.0,0.0
13799,0.0,0.0,0.0,0.0
13800,0.0,0.0,0.0,0.0
13801,0.0,0.0,0.0,0.0
13802,0.0,0.0,0.0,0.0
13803,0.0,0.0,0.0,0.0
13804,0.0,0.0,0.0,0.0
13805,0.0,0.0,0.0,0.0
13806,0.0,0.0,0.0,0.0
13807,0.0,0.0,0.0,0.0
13808,0.0,0.0,0.0,0.0
13809,0.0,0.0,0.0,0.0
13810,0.0,0.0,0.0,0.0
13811,0.0,0.0,0.0,0.0
13812,0.0,0.0,0.0,0.0
13813,0.0,0.0,0.0,0.0
13814,0.0,0.0,0.0,0.0
13815,0.0,0.0,0.0,0.0
13816,0.0,0.0,0.0,0.0
13817,0.0,0.0,0.0,0.0
13818,0.0,0.0,0.0,0.0
13819,0.0,0.0,0.0,0.0
13820,0.0,0.0,0.0,0.0
13821,0.0,0.0,0.0,0.0
13822,0.0,0.0,0.0,0.0
13823,0.0,0.0,0.0,0.0
13824,0.0,0.0,0.0,0.0
13825,0.0,0.0,0.0,0.0
13826,0.0,0.0,0.0,0.0
13827,0.0,0.0,0.0,0.0
13828,0.0,0.0,0.0,0.0
13829,0.0,0.0,0.0,0.0
13830,0.0,0.0,0.0,0.0
13831,0.0,0.0,0.0,0.0
13832,0.0,0.0,0.0,0.0
13833,0.0,0.0,0.0,0.0
13834,0.0,0.0,0.0,0.0
13835,0.0,0.0,0.0,0.0
13836,0.0,0.0,0.0,0.0
13837,0.0,0.0,0.0,0.0
13838,0.0,0.0,0.0,0.0
13839,0.0,0.0,0.0,0.0
13840,0.0,0.0,0.0,0.0
13841,0.0,0.0,0.0,0.0
13842,0.0,0.0,0.0,0.0
13843,0.0,0.0,0.0,0.0
13844,0.0,0.0,0.0,0.0
13845,0.0,0.0,0.0,0.0
13846,0.0,0.0,0.0,0.0
13847,0.0,0.0,0.0,0.0
13848,0.0,0.0,0.0,0.0
13849,0.0,0.0,0.0,0.0
13850,0.0,0.0,0.0,0.0
13851,0.0,0.0,0.0,0.0
13852,0.0,0.0,0.0,0.0
13853,0.0,0.0,0.0,0.0
13854,0.0,0.0,0.0,0.0
13855,0.0,0.0,0.0,0.0
13856,0.0,0.0,0.0,0.0
13857,0.0,0.0,0.0,0.0
13858,0.0,0.0,0.0,0.0
13859,0.0,0.0,0.0,0.0
13860,0.0,0.0,0.0,0.0
13861,0.0,0.0,0.0,0.0
13862,0.0,0.0,0.0,0.0
13863,0.0,0.0,0.0,0.0
13864,0.0,0.0,0.0,0.0
13865,0.0,0.0,0.0,0.0
13866,0.0,0.0,0.0,0.0
13867,0.0,0.0,0.0,0.0
13868,0.0,0.0,0.0,0.0
13869,0.0,0.0,0.0,0.0
13870,0.0,0.0,0.0,0.0
13871,0.0,0.0,0.0,0.0
13872,0.0,0.0,0.0,0.0
13873,0.0,0.0,0.0,0.0
13874,0.0,0.0,0.0,0.0
13875,0.0,0.0,0.0,0.0
13876,0.0,0.0,0.0,0.0
13877,0.0,0.0,0.0,0.0
13878,0.0,0.0,0.0,0.0
13879,0.0,0.0,0.0,0.0
13880,0.0,0.0,0.0,0.0
13881,0.0,0.0,0.0,0.0
13882,0.0,0.0,0.0,0.0
13883,0.0,0.0,0.0,0.0
13884,0.0,0.0,0.0,0.0
13885,0.0,0.0,0.0,0.0
13886,0.0,0.0,0.0,0.0
13887,0.0,0.0,0.0,0.0
13888,0.0,0.0,0.0,0.0
13889,0.0,0.0,0.0,0.0
13890,0.0,0.0,0.0,0.0
13891,0.0,0.0,0.0,0.0
13892,0.0,0.0,0.0,0.0
13893,0.0,0.0,0.0,0.0
13894,0.0,0.0,0.0,0.0
13895,0.0,0.0,0.0,0.0
13896,0.0,0.0,0.0,0.0
13897,0.0,0.0,0.0,0.0
13898,0.0,0.0,0.0,0.0
13899,0.0,0.0,0.0,0.0
13900,0.0,0.0,0.0,0.0
13901,0.0,0.0,0.0,0.0
13902,0.0,0.0,0.0,0.0
13903,0.0,0.0,0.0,0.0
13904,0.0,0.0,0.0,0.0
13905,0.0,0.0,0.0,0.0
13906,0.0,0.0,0.0,0.0
13907,0.0,0.0,0.0,0.0
13908,0.0,0.0,0.0,0.0
13909,0.0,0.0,0.0,0.0
13910,0.0,0.0,0.0,0.0
13911,0.0,0.0,0.0,0.0
13912,0.0,0.0,0.0,0.0
13913,0.0,0.0,0.0,0.0
13914,0.0,0.0,0.0,0.0
13915,0.0,0.0,0.0,0.0
13916,0.0,0.0,0.0,0.0
13917,0.0,0.0,0.0,0.0
13918,0.0,0.0,0.0,0.0
13919,0.0,0.0,0.0,0.0
13920,0.0,0.0,0.0,0.0
13921,0.0,0.0,0.0,0.0
13922,0.0,0.0,0.0,0.0
13923,0.0,0.0,0.0,0.0
13924,0.0,0.0,0.0,0.0
13925,0.0,0.0,0.0,0.0
13926,0.0,0.0,0.0,0.0
13927,0.0,0.0,0.0,0.0
13928,0.0,0.0,0.0,0.0
13929,0.0,0.0,0.0,0.0
13930,0.0,0.0,0.0,0.0
13931,0.0,0.0,0.0,0.0
13932,0.0,0.0,0.0,0.0
13933,0.0,0.0,0.0,0.0
13934,0.0,0.0,0.0,0.0
13935,0.0,0.0,0.0,0.0
13936,0.0,0.0,0.0,0.0
13937,0.0,0.0,0.0,0.0
13938,0.0,0.0,0.0,0.0
13939,0.0,0.0,0.0,0.0
13940,0.0,0.0,0.0,0.0
13941,0.0,0.0,0.0,0.0
13942,0.0,0.0,0.0,0.0
13943,0.0,0.0,0.0,0.0
13944,0.0,0.0,0.0,0.0
13945,0.0,0.0,0.0,0.0
13946,0.0,0.0,0.0,0.0
13947,0.0,0.0,0.0,0.0
13948,0.0,0.0,0.0,0.0
13949,0.0,0.0,0.0,0.0
13950,0.0,0.0,0.0,0.0
13951,0.0,0.0,0.0,0.0
13952,0.0,0.0,0.0,0.0
13953,0.0,0.0,0.0,0.0
13954,0.0,0.0,0.0,0.0
13955,0.0,0.0,0.0,0.0
13956,0.0,0.0,0.0,0.0
13957,0.0,0.0,0.0,0.0
13958,0.0,0.0,0.0,0.0
13959,0.0,0.0,0.0,0.0
13960,0.0,0.0,0.0,0.0
13961,0.0,0.0,0.0,0.0
13962,0.0,0.0,0.0,0.0
13963,0.0,0.0,0.0,0.0
13964,0.0,0.0,0.0,0.0
13965,0.0,0.0,0.0,0.0
13966,0.0,0.0,0.0,0.0
13967,0.0,0.0,0.0,0.0
13968,0.0,0.0,0.0,0.0
13969,0.0,0.0,0.0,0.0
13970,0.0,0.0,0.0,0.0
13971,0.0,0.0,0.0,0.0
13972,0.0,0.0,0.0,0.0
13973,0.0,0.0,0.0,0.0
13974,0.0,0.0,0.0,0.0
13975,0.0,0.0,0.0,0.0
13976,0.0,0.0,0.0,0.0
13977,0.0,0.0,0.0,0.0
13978,0.0,0.0,0.0,0.0
13979,0.0,0.0,0.0,0.0
13980,0.0,0.0,0.0,0.0
13981,0.0,0.0,0.0,0.0
13982,0.0,0.0,0.0,0.0
13983,0.0,0.0,0.0,0.0
13984,0.0,0.0,0.0,0.0
13985,0.0,0.0,0.0,0.0
13986,0.0,0.0,0.0,0.0
13987,0.0,0.0,0.0,0.0
13988,0.0,0.0,0.0,0.0
13989,0.0,0.0,0.0,0.0
13990,0.0,0.0,0.0,0.0
13991,0.0,0.0,0.0,0.0
13992,0.0,0.0,0.0,0.0
13993,0.0,0.0,0.0,0.0
13994,0.0,0.0,0.0,0.0
13995,0.0,0.0,0.0,0.0
13996,0.0,0.0,0.0,0.0
13997,0.0,0.0,0.0,0.0
13998,0.0,0.0,0.0,0.0
13999,0.0,0.0,0.0,0.0
14000,0.0,0.0,0.0,0.0
14001,0.0,0.0,0.0,0.0
14002,0.0,0.0,0.0,0.0
14003,0.0,0.0,0.0,0.0
14004,0.0,0.0,0.0,0.0
14005,0.0,0.0,0.0,0.0
14006,0.0,0.0,0.0,0.0
14007,0.0,0.0,0.0,0.0
14008,0.0,0.0,0.0,0.0
14009,0.0,0.0,0.0,0.0
14010,0.0,0.0,0.0,0.0
14011,0.0,0.0,0.0,0.0
14012,0.0,0.0,0.0,0.0
14013,0.0,0.0,0.0,0.0
14014,0.0,0.0,0.0,0.0
14015,0.0,0.0,0.0,0.0
14016,0.0,0.0,0.0,0.0
14017,0.0,0.0,0.0,0.0
14018,0.0,0.0,0.0,0.0
14019,0.0,0.0,0.0,0.0
14020,0.0,0.0,0.0,0.0
14021,0.0,0.0,0.0,0.0
14022,0.0,0.0,0.0,0.0
14023,0.0,0.0,0.0,0.0
14024,0.0,0.0,0.0,0.0
14025,0.0,0.0,0.0,0.0
14026,0.0,0.0,0.0,0.0
14027,0.0,0.0,0.0,0.0
14028,0.0,0.0,0.0,0.0
14029,0.0,0.0,0.0,0.0
14030,0.0,0.0,0.0,0.0
14031,0.0,0.0,0.0,0.0
14032,0.0,0.0,0.0,0.0
14033,0.0,0.0,0.0,0.0
14034,0.0,0.0,0.0,0.0
14035,0.0,0.0,0.0,0.0
14036,0.0,0.0,0.0,0.0
14037,0.0,0.0,0.0,0.0
14038,0.0,0.0,0.0,0.0
14039,0.0,0.0,0.0,0.0
14040,0.0,0.0,0.0,0.0
14041,0.0,0.0,0.0,0.0
14042,0.0,0.0,0.0,0.0
14043,0.0,0.0,0.0,0.0
14044,0.0,0.0,0.0,0.0
14045,0.0,0.0,0.0,0.0
14046,0.0,0.0,0.0,0.0
14047,0.0,0.0,0.0,0.0
14048,0.0,0.0,0.0,0.0
14049,0.0,0.0,0.0,0.0
14050,0.0,0.0,0.0,0.0
14051,0.0,0.0,0.0,0.0
14052,0.0,0.0,0.0,0.0
14053,0.0,0.0,0.0,0.0
14054,0.0,0.0,0.0,0.0
14055,0.0,0.0,0.0,0.0
14056,0.0,0.0,0.0,0.0
14057,0.0,0.0,0.0,0.0
14058,0.0,0.0,0.0,0.0
14059,0.0,0.0,0.0,0.0
14060,0.0,0.0,0.0,0.0
14061,0.0,0.0,0.0,0.0
14062,0.0,0.0,0.0,0.0
14063,0.0,0.0,0.0,0.0
14064,0.0,0.0,0.0,0.0
14065,0.0,0.0,0.0,0.0
14066,0.0,0.0,0.0,0.0
14067,0.0,0.0,0.0,0.0
14068,0.0,0.0,0.0,0.0
14069,0.0,0.0,0.0,0.0
14070,0.0,0.0,0.0,0.0
14071,0.0,0.0,0.0,0.0
14072,0.0,0.0,0.0,0.0
14073,0.0,0.0,0.0,0.0
14074,0.0,0.0,0.0,0.0
14075,0.0,0.0,0.0,0.0
14076,0.0,0.0,0.0,0.0
14077,0.0,0.0,0.0,0.0
14078,0.0,0.0,0.0,0.0
14079,0.0,0.0,0.0,0.0
14080,0.0,0.0,0.0,0.0
14081,0.0,0.0,0.0,0.0
14082,0.0,0.0,0.0,0.0
14083,0.0,0.0,0.0,0.0
14084,0.0,0.0,0.0,0.0
14085,0.0,0.0,0.0,0.0
14086,0.0,0.0,0.0,0.0
14087,0.0,0.0,0.0,0.0
14088,0.0,0.0,0.0,0.0
14089,0.0,0.0,0.0,0.0
14090,0.0,0.0,0.0,0.0
14091,0.0,0.0,0.0,0.0
14092,0.0,0.0,0.0,0.0
14093,0.0,0.0,0.0,0.0
14094,0.0,0.0,0.0,0.0
14095,0.0,0.0,0.0,0.0
14096,0.0,0.0,0.0,0.0
14097,0.0,0.0,0.0,0.0
14098,0.0,0.0,0.0,0.0
14099,0.0,0.0,0.0,0.0
14100,0.0,0.0,0.0,0.0
14101,0.0,0.0,0.0,0.0
14102,0.0,0.0,0.0,0.0
14103,0.0,0.0,0.0,0.0
14104,0.0,0.0,0.0,0.0
14105,0.0,0.0,0.0,0.0
14106,0.0,0.0,0.0,0.0
14107,0.0,0.0,0.0,0.0
14108,0.0,0.0,0.0,0.0
14109,0.0,0.0,0.0,0.0
14110,0.0,0.0,0.0,0.0
14111,0.0,0.0,0.0,0.0
14112,0.0,0.0,0.0,0.0
14113,0.0,0.0,0.0,0.0
14114,0.0,0.0,0.0,0.0
14115,0.0,0.0,0.0,0.0
14116,0.0,0.0,0.0,0.0
14117,0.0,0.0,0.0,0.0
14118,0.0,0.0,0.0,0.0
14119,0.0,0.0,0.0,0.0
14120,0.0,0.0,0.0,0.0
14121,0.0,0.0,0.0,0.0
14122,0.0,0.0,0.0,0.0
14123,0.0,0.0,0.0,0.0
14124,0.0,0.0,0.0,0.0
14125,0.0,0.0,0.0,0.0
14126,0.0,0.0,0.0,0.0
14127,0.0,0.0,0.0,0.0
14128,0.0,0.0,0.0,0.0
14129,0.0,0.0,0.0,0.0
14130,0.0,0.0,0.0,0.0
14131,0.0,0.0,0.0,0.0
14132,0.0,0.0,0.0,0.0
14133,0.0,0.0,0.0,0.0
14134,0.0,0.0,0.0,0.0
14135,0.0,0.0,0.0,0.0
14136,0.0,0.0,0.0,0.0
14137,0.0,0.0,0.0,0.0
14138,0.0,0.0,0.0,0.0
14139,0.0,0.0,0.0,0.0
14140,0.0,0.0,0.0,0.0
14141,0.0,0.0,0.0,0.0
14142,0.0,0.0,0.0,0.0
14143,0.0,0.0,0.0,0.0
14144,0.0,0.0,0.0,0.0
14145,0.0,0.0,0.0,0.0
14146,0.0,0.0,0.0,0.0
14147,0.0,0.0,0.0,0.0
14148,0.0,0.0,0.0,0.0
14149,0.0,0.0,0.0,0.0
14150,0.0,0.0,0.0,0.0
14151,0.0,0.0,0.0,0.0
14152,0.0,0.0,0.0,0.0
14153,0.0,0.0,0.0,0.0
14154,0.0,0.0,0.0,0.0
14155,0.0,0.0,0.0,0.0
14156,0.0,0.0,0.0,0.0
14157,0.0,0.0,0.0,0.0
14158,0.0,0.0,0.0,0.0
14159,0.0,0.0,0.0,0.0
14160,0.0,0.0,0.0,0.0
14161,0.0,0.0,0.0,0.0
14162,0.0,0.0,0.0,0.0
14163,0.0,0.0,0.0,0.0
14164,0.0,0.0,0.0,0.0
14165,0.0,0.0,0.0,0.0
14166,0.0,0.0,0.0,0.0
14167,0.0,0.0,0.0,0.0
14168,0.0,0.0,0.0,0.0
14169,0.0,0.0,0.0,0.0
14170,0.0,0.0,0.0,0.0
14171,0.0,0.0,0.0,0.0
14172,0.0,0.0,0.0,0.0
14173,0.0,0.0,0.0,0.0
14174,0.0,0.0,0.0,0.0
14175,0.0,0.0,0.0,0.0
14176,0.0,0.0,0.0,0.0
14177,0.0,0.0,0.0,0.0
14178,0.0,0.0,0.0,0.0
14179,0.0,0.0,0.0,0.0
14180,0.0,0.0,0.0,0.0
14181,0.0,0.0,0.0,0.0
14182,0.0,0.0,0.0,0.0
14183,0.0,0.0,0.0,0.0
14184,0.0,0.0,0.0,0.0
14185,0.0,0.0,0.0,0.0
14186,0.0,0.0,0.0,0.0
14187,0.0,0.0,0.0,0.0
14188,0.0,0.0,0.0,0.0
14189,0.0,0.0,0.0,0.0
14190,0.0,0.0,0.0,0.0
14191,0.0,0.0,0.0,0.0
14192,0.0,0.0,0.0,0.0
14193,0.0,0.0,0.0,0.0
14194,0.0,0.0,0.0,0.0
14195,0.0,0.0,0.0,0.0
14196,0.0,0.0,0.0,0.0
14197,0.0,0.0,0.0,0.0
14198,0.0,0.0,0.0,0.0
14199,0.0,0.0,0.0,0.0
14200,0.0,0.0,0.0,0.0
14201,0.0,0.0,0.0,0.0
14202,0.0,0.0,0.0,0.0
14203,0.0,0.0,0.0,0.0
14204,0.0,0.0,0.0,0.0
14205,0.0,0.0,0.0,0.0
14206,0.0,0.0,0.0,0.0
14207,0.0,0.0,0.0,0.0
14208,0.0,0.0,0.0,0.0
14209,0.0,0.0,0.0,0.0
14210,0.0,0.0,0.0,0.0
14211,0.0,0.0,0.0,0.0
14212,0.0,0.0,0.0,0.0
14213,0.0,0.0,0.0,0.0
14214,0.0,0.0,0.0,0.0
14215,0.0,0.0,0.0,0.0
14216,0.0,0.0,0.0,0.0
14217,0.0,0.0,0.0,0.0
14218,0.0,0.0,0.0,0.0
14219,0.0,0.0,0.0,0.0
14220,0.0,0.0,0.0,0.0
14221,0.0,0.0,0.0,0.0
14222,0.0,0.0,0.0,0.0
14223,0.0,0.0,0.0,0.0
14224,0.0,0.0,0.0,0.0
14225,0.0,0.0,0.0,0.0
14226,0.0,0.0,0.0,0.0
14227,0.0,0.0,0.0,0.0
14228,0.0,0.0,0.0,0.0
14229,0.0,0.0,0.0,0.0
14230,0.0,0.0,0.0,0.0
14231,0.0,0.0,0.0,0.0
14232,0.0,0.0,0.0,0.0
14233,0.0,0.0,0.0,0.0
14234,0.0,0.0,0.0,0.0
14235,0.0,0.0,0.0,0.0
14236,0.0,0.0,0.0,0.0
14237,0.0,0.0,0.0,0.0
14238,0.0,0.0,0.0,0.0
14239,0.0,0.0,0.0,0.0
14240,0.0,0.0,0.0,0.0
14241,0.0,0.0,0.0,0.0
14242,0.0,0.0,0.0,0.0
14243,0.0,0.0,0.0,0.0
14244,0.0,0.0,0.0,0.0
14245,0.0,0.0,0.0,0.0
14246,0.0,0.0,0.0,0.0
14247,0.0,0.0,0.0,0.0
14248,0.0,0.0,0.0,0.0
14249,0.0,0.0,0.0,0.0
14250,0.0,0.0,0.0,0.0
14251,0.0,0.0,0.0,0.0
14252,0.0,0.0,0.0,0.0
14253,0.0,0.0,0.0,0.0
14254,0.0,0.0,0.0,0.0
14255,0.0,0.0,0.0,0.0
14256,0.0,0.0,0.0,0.0
14257,0.0,0.0,0.0,0.0
14258,0.0,0.0,0.0,0.0
14259,0.0,0.0,0.0,0.0
14260,0.0,0.0,0.0,0.0
14261,0.0,0.0,0.0,0.0
14262,0.0,0.0,0.0,0.0
14263,0.0,0.0,0.0,0.0
14264,0.0,0.0,0.0,0.0
14265,0.0,0.0,0.0,0.0
14266,0.0,0.0,0.0,0.0
14267,0.0,0.0,0.0,0.0
14268,0.0,0.0,0.0,0.0
14269,0.0,0.0,0.0,0.0
14270,0.0,0.0,0.0,0.0
14271,0.0,0.0,0.0,0.0
14272,0.0,0.0,0.0,0.0
14273,0.0,0.0,0.0,0.0
14274,0.0,0.0,0.0,0.0
14275,0.0,0.0,0.0,0.0
14276,0.0,0.0,0.0,0.0
14277,0.0,0.0,0.0,0.0
14278,0.0,0.0,0.0,0.0
14279,0.0,0.0,0.0,0.0
14280,0.0,0.0,0.0,0.0
14281,0.0,0.0,0.0,0.0
14282,0.0,0.0,0.0,0.0
14283,0.0,0.0,0.0,0.0
14284,0.0,0.0,0.0,0.0
14285,0.0,0.0,0.0,0.0
14286,0.0,0.0,0.0,0.0
14287,0.0,0.0,0.0,0.0
14288,0.0,0.0,0.0,0.0
14289,0.0,0.0,0.0,0.0
14290,0.0,0.0,0.0,0.0
14291,0.0,0.0,0.0,0.0
14292,0.0,0.0,0.0,0.0
14293,0.0,0.0,0.0,0.0
14294,0.0,0.0,0.0,0.0
14295,0.0,0.0,0.0,0.0
14296,0.0,0.0,0.0,0.0
14297,0.0,0.0,0.0,0.0
14298,0.0,0.0,0.0,0.0
14299,0.0,0.0,0.0,0.0
14300,0.0,0.0,0.0,0.0
14301,0.0,0.0,0.0,0.0
14302,0.0,0.0,0.0,0.0
14303,0.0,0.0,0.0,0.0
14304,0.0,0.0,0.0,0.0
14305,0.0,0.0,0.0,0.0
14306,0.0,0.0,0.0,0.0
14307,0.0,0.0,0.0,0.0
14308,0.0,0.0,0.0,0.0
14309,0.0,0.0,0.0,0.0
14310,0.0,0.0,0.0,0.0
14311,0.0,0.0,0.0,0.0
14312,0.0,0.0,0.0,0.0
14313,0.0,0.0,0.0,0.0
14314,0.0,0.0,0.0,0.0
14315,0.0,0.0,0.0,0.0
14316,0.0,0.0,0.0,0.0
14317,0.0,0.0,0.0,0.0
14318,0.0,0.0,0.0,0.0
14319,0.0,0.0,0.0,0.0
14320,0.0,0.0,0.0,0.0
14321,0.0,0.0,0.0,0.0
14322,0.0,0.0,0.0,0.0
14323,0.0,0.0,0.0,0.0
14324,0.0,0.0,0.0,0.0
14325,0.0,0.0,0.0,0.0
14326,0.0,0.0,0.0,0.0
14327,0.0,0.0,0.0,0.0
14328,0.0,0.0,0.0,0.0
14329,0.0,0.0,0.0,0.0
14330,0.0,0.0,0.0,0.0
14331,0.0,0.0,0.0,0.0
14332,0.0,0.0,0.0,0.0
14333,0.0,0.0,0.0,0.0
14334,0.0,0.0,0.0,0.0
14335,0.0,0.0,0.0,0.0
14336,0.0,0.0,0.0,0.0
14337,0.0,0.0,0.0,0.0
14338,0.0,0.0,0.0,0.0
14339,0.0,0.0,0.0,0.0
14340,0.0,0.0,0.0,0.0
14341,0.0,0.0,0.0,0.0
14342,0.0,0.0,0.0,0.0
14343,0.0,0.0,0.0,0.0
14344,0.0,0.0,0.0,0.0
14345,0.0,0.0,0.0,0.0
14346,0.0,0.0,0.0,0.0
14347,0.0,0.0,0.0,0.0
14348,0.0,0.0,0.0,0.0
14349,0.0,0.0,0.0,0.0
14350,0.0,0.0,0.0,0.0
14351,0.0,0.0,0.0,0.0
14352,0.0,0.0,0.0,0.0
14353,0.0,0.0,0.0,0.0
14354,0.0,0.0,0.0,0.0
14355,0.0,0.0,0.0,0.0
14356,0.0,0.0,0.0,0.0
14357,0.0,0.0,0.0,0.0
14358,0.0,0.0,0.0,0.0
14359,0.0,0.0,0.0,0.0
14360,0.0,0.0,0.0,0.0
14361,0.0,0.0,0.0,0.0
14362,0.0,0.0,0.0,0.0
14363,0.0,0.0,0.0,0.0
14364,0.0,0.0,0.0,0.0
14365,0.0,0.0,0.0,0.0
14366,0.0,0.0,0.0,0.0
14367,0.0,0.0,0.0,0.0
14368,0.0,0.0,0.0,0.0
14369,0.0,0.0,0.0,0.0
14370,0.0,0.0,0.0,0.0
14371,0.0,0.0,0.0,0.0
14372,0.0,0.0,0.0,0.0
14373,0.0,0.0,0.0,0.0
14374,0.0,0.0,0.0,0.0
14375,0.0,0.0,0.0,0.0
14376,0.0,0.0,0.0,0.0
14377,0.0,0.0,0.0,0.0
14378,0.0,0.0,0.0,0.0
14379,0.0,0.0,0.0,0.0
14380,0.0,0.0,0.0,0.0
14381,0.0,0.0,0.0,0.0
14382,0.0,0.0,0.0,0.0
14383,0.0,0.0,0.0,0.0
14384,0.0,0.0,0.0,0.0
14385,0.0,0.0,0.0,0.0
14386,0.0,0.0,0.0,0.0
14387,0.0,0.0,0.0,0.0
14388,0.0,0.0,0.0,0.0
14389,0.0,0.0,0.0,0.0
14390,0.0,0.0,0.0,0.0
14391,0.0,0.0,0.0,0.0
14392,0.0,0.0,0.0,0.0
14393,0.0,0.0,0.0,0.0
14394,0.0,0.0,0.0,0.0
14395,0.0,0.0,0.0,0.0
14396,0.0,0.0,0.0,0.0
14397,0.0,0.0,0.0,0.0
14398,0.0,0.0,0.0,0.0
14399,0.0,0.0,0.0,0.0
14400,0.0,0.0,0.0,0.0
14401,0.0,0.0,0.0,0.0
14402,0.0,0.0,0.0,0.0
14403,0.0,0.0,0.0,0.0
14404,0.0,0.0,0.0,0.0
14405,0.0,0.0,0.0,0.0
14406,0.0,0.0,0.0,0.0
14407,0.0,0.0,0.0,0.0
14408,0.0,0.0,0.0,0.0
14409,0.0,0.0,0.0,0.0
14410,0.0,0.0,0.0,0.0
14411,0.0,0.0,0.0,0.0
14412,0.0,0.0,0.0,0.0
14413,0.0,0.0,0.0,0.0
14414,0.0,0.0,0.0,0.0
14415,0.0,0.0,0.0,0.0
14416,0.0,0.0,0.0,0.0
14417,0.0,0.0,0.0,0.0
14418,0.0,0.0,0.0,0.0
14419,0.0,0.0,0.0,0.0
14420,0.0,0.0,0.0,0.0
14421,0.0,0.0,0.0,0.0
14422,0.0,0.0,0.0,0.0
14423,0.0,0.0,0.0,0.0
14424,0.0,0.0,0.0,0.0
14425,0.0,0.0,0.0,0.0
14426,0.0,0.0,0.0,0.0
14427,0.0,0.0,0.0,0.0
14428,0.0,0.0,0.0,0.0
14429,0.0,0.0,0.0,0.0
14430,0.0,0.0,0.0,0.0
14431,0.0,0.0,0.0,0.0
14432,0.0,0.0,0.0,0.0
14433,0.0,0.0,0.0,0.0
14434,0.0,0.0,0.0,0.0
14435,0.0,0.0,0.0,0.0
14436,0.0,0.0,0.0,0.0
14437,0.0,0.0,0.0,0.0
14438,0.0,0.0,0.0,0.0
14439,0.0,0.0,0.0,0.0
14440,0.0,0.0,0.0,0.0
14441,0.0,0.0,0.0,0.0
14442,0.0,0.0,0.0,0.0
14443,0.0,0.0,0.0,0.0
14444,0.0,0.0,0.0,0.0
14445,0.0,0.0,0.0,0.0
14446,0.0,0.0,0.0,0.0
14447,0.0,0.0,0.0,0.0
14448,0.0,0.0,0.0,0.0
14449,0.0,0.0,0.0,0.0
14450,0.0,0.0,0.0,0.0
14451,0.0,0.0,0.0,0.0
14452,0.0,0.0,0.0,0.0
14453,0.0,0.0,0.0,0.0
14454,0.0,0.0,0.0,0.0
14455,0.0,0.0,0.0,0.0
14456,0.0,0.0,0.0,0.0
14457,0.0,0.0,0.0,0.0
14458,0.0,0.0,0.0,0.0
14459,0.0,0.0,0.0,0.0
14460,0.0,0.0,0.0,0.0
14461,0.0,0.0,0.0,0.0
14462,0.0,0.0,0.0,0.0
14463,0.0,0.0,0.0,0.0
14464,0.0,0.0,0.0,0.0
14465,0.0,0.0,0.0,0.0
14466,0.0,0.0,0.0,0.0
14467,0.0,0.0,0.0,0.0
14468,0.0,0.0,0.0,0.0
14469,0.0,0.0,0.0,0.0
14470,0.0,0.0,0.0,0.0
14471,0.0,0.0,0.0,0.0
14472,0.0,0.0,0.0,0.0
14473,0.0,0.0,0.0,0.0
14474,0.0,0.0,0.0,0.0
14475,0.0,0.0,0.0,0.0
14476,0.0,0.0,0.0,0.0
14477,0.0,0.0,0.0,0.0
14478,0.0,0.0,0.0,0.0
14479,0.0,0.0,0.0,0.0
14480,0.0,0.0,0.0,0.0
14481,0.0,0.0,0.0,0.0
14482,0.0,0.0,0.0,0.0
14483,0.0,0.0,0.0,0.0
14484,0.0,0.0,0.0,0.0
14485,0.0,0.0,0.0,0.0
14486,0.0,0.0,0.0,0.0
14487,0.0,0.0,0.0,0.0
14488,0.0,0.0,0.0,0.0
14489,0.0,0.0,0.0,0.0
14490,0.0,0.0,0.0,0.0
14491,0.0,0.0,0.0,0.0
14492,0.0,0.0,0.0,0.0
14493,0.0,0.0,0.0,0.0
14494,0.0,0.0,0.0,0.0
14495,0.0,0.0,0.0,0.0
14496,0.0,0.0,0.0,0.0
14497,0.0,0.0,0.0,0.0
14498,0.0,0.0,0.0,0.0
14499,0.0,0.0,0.0,0.0
14500,0.0,0.0,0.0,0.0
14501,0.0,0.0,0.0,0.0
14502,0.0,0.0,0.0,0.0
14503,0.0,0.0,0.0,0.0
14504,0.0,0.0,0.0,0.0
14505,0.0,0.0,0.0,0.0
14506,0.0,0.0,0.0,0.0
14507,0.0,0.0,0.0,0.0
14508,0.0,0.0,0.0,0.0
14509,0.0,0.0,0.0,0.0
14510,0.0,0.0,0.0,0.0
14511,0.0,0.0,0.0,0.0
14512,0.0,0.0,0.0,0.0
14513,0.0,0.0,0.0,0.0
14514,0.0,0.0,0.0,0.0
14515,0.0,0.0,0.0,0.0
14516,0.0,0.0,0.0,0.0
14517,0.0,0.0,0.0,0.0
14518,0.0,0.0,0.0,0.0
14519,0.0,0.0,0.0,0.0
14520,0.0,0.0,0.0,0.0
14521,0.0,0.0,0.0,0.0
14522,0.0,0.0,0.0,0.0
14523,0.0,0.0,0.0,0.0
14524,0.0,0.0,0.0,0.0
14525,0.0,0.0,0.0,0.0
14526,0.0,0.0,0.0,0.0
14527,0.0,0.0,0.0,0.0
14528,0.0,0.0,0.0,0.0
14529,0.0,0.0,0.0,0.0
14530,0.0,0.0,0.0,0.0
14531,0.0,0.0,0.0,0.0
14532,0.0,0.0,0.0,0.0
14533,0.0,0.0,0.0,0.0
14534,0.0,0.0,0.0,0.0
14535,0.0,0.0,0.0,0.0
14536,0.0,0.0,0.0,0.0
14537,0.0,0.0,0.0,0.0
14538,0.0,0.0,0.0,0.0
14539,0.0,0.0,0.0,0.0
14540,0.0,0.0,0.0,0.0
14541,0.0,0.0,0.0,0.0
14542,0.0,0.0,0.0,0.0
14543,0.0,0.0,0.0,0.0
14544,0.0,0.0,0.0,0.0
14545,0.0,0.0,0.0,0.0
14546,0.0,0.0,0.0,0.0
14547,0.0,0.0,0.0,0.0
14548,0.0,0.0,0.0,0.0
14549,0.0,0.0,0.0,0.0
14550,0.0,0.0,0.0,0.0
14551,0.0,0.0,0.0,0.0
14552,0.0,0.0,0.0,0.0
14553,0.0,0.0,0.0,0.0
14554,0.0,0.0,0.0,0.0
14555,0.0,0.0,0.0,0.0
14556,0.0,0.0,0.0,0.0
14557,0.0,0.0,0.0,0.0
14558,0.0,0.0,0.0,0.0
14559,0.0,0.0,0.0,0.0
14560,0.0,0.0,0.0,0.0
14561,0.0,0.0,0.0,0.0
14562,0.0,0.0,0.0,0.0
14563,0.0,0.0,0.0,0.0
14564,0.0,0.0,0.0,0.0
14565,0.0,0.0,0.0,0.0
14566,0.0,0.0,0.0,0.0
14567,0.0,0.0,0.0,0.0
14568,0.0,0.0,0.0,0.0
14569,0.0,0.0,0.0,0.0
14570,0.0,0.0,0.0,0.0
14571,0.0,0.0,0.0,0.0
14572,0.0,0.0,0.0,0.0
14573,0.0,0.0,0.0,0.0
14574,0.0,0.0,0.0,0.0
14575,0.0,0.0,0.0,0.0
14576,0.0,0.0,0.0,0.0
14577,0.0,0.0,0.0,0.0
14578,0.0,0.0,0.0,0.0
14579,0.0,0.0,0.0,0.0
14580,0.0,0.0,0.0,0.0
14581,0.0,0.0,0.0,0.0
14582,0.0,0.0,0.0,0.0
14583,0.0,0.0,0.0,0.0
14584,0.0,0.0,0.0,0.0
14585,0.0,0.0,0.0,0.0
14586,0.0,0.0,0.0,0.0
14587,0.0,0.0,0.0,0.0
14588,0.0,0.0,0.0,0.0
14589,0.0,0.0,0.0,0.0
14590,0.0,0.0,0.0,0.0
14591,0.0,0.0,0.0,0.0
14592,0.0,0.0,0.0,0.0
14593,0.0,0.0,0.0,0.0
14594,0.0,0.0,0.0,0.0
14595,0.0,0.0,0.0,0.0
14596,0.0,0.0,0.0,0.0
14597,0.0,0.0,0.0,0.0
14598,0.0,0.0,0.0,0.0
14599,0.0,0.0,0.0,0.0
14600,0.0,0.0,0.0,0.0
14601,0.0,0.0,0.0,0.0
14602,0.0,0.0,0.0,0.0
14603,0.0,0.0,0.0,0.0
14604,0.0,0.0,0.0,0.0
14605,0.0,0.0,0.0,0.0
14606,0.0,0.0,0.0,0.0
14607,0.0,0.0,0.0,0.0
14608,0.0,0.0,0.0,0.0
14609,0.0,0.0,0.0,0.0
14610,0.0,0.0,0.0,0.0
14611,0.0,0.0,0.0,0.0
14612,0.0,0.0,0.0,0.0
14613,0.0,0.0,0.0,0.0
14614,0.0,0.0,0.0,0.0
14615,0.0,0.0,0.0,0.0
14616,0.0,0.0,0.0,0.0
14617,0.0,0.0,0.0,0.0
14618,0.0,0.0,0.0,0.0
14619,0.0,0.0,0.0,0.0
14620,0.0,0.0,0.0,0.0
14621,0.0,0.0,0.0,0.0
14622,0.0,0.0,0.0,0.0
14623,0.0,0.0,0.0,0.0
14624,0.0,0.0,0.0,0.0
14625,0.0,0.0,0.0,0.0
14626,0.0,0.0,0.0,0.0
14627,0.0,0.0,0.0,0.0
14628,0.0,0.0,0.0,0.0
14629,0.0,0.0,0.0,0.0
14630,0.0,0.0,0.0,0.0
14631,0.0,0.0,0.0,0.0
14632,0.0,0.0,0.0,0.0
14633,0.0,0.0,0.0,0.0
14634,0.0,0.0,0.0,0.0
14635,0.0,0.0,0.0,0.0
14636,0.0,0.0,0.0,0.0
14637,0.0,0.0,0.0,0.0
14638,0.0,0.0,0.0,0.0
14639,0.0,0.0,0.0,0.0
14640,0.0,0.0,0.0,0.0
14641,0.0,0.0,0.0,0.0
14642,0.0,0.0,0.0,0.0
14643,0.0,0.0,0.0,0.0
14644,0.0,0.0,0.0,0.0
14645,0.0,0.0,0.0,0.0
14646,0.0,0.0,0.0,0.0
14647,0.0,0.0,0.0,0.0
14648,0.0,0.0,0.0,0.0
14649,0.0,0.0,0.0,0.0
14650,0.0,0.0,0.0,0.0
14651,0.0,0.0,0.0,0.0
14652,0.0,0.0,0.0,0.0
14653,0.0,0.0,0.0,0.0
14654,0.0,0.0,0.0,0.0
14655,0.0,0.0,0.0,0.0
14656,0.0,0.0,0.0,0.0
14657,0.0,0.0,0.0,0.0
14658,0.0,0.0,0.0,0.0
14659,0.0,0.0,0.0,0.0
14660,0.0,0.0,0.0,0.0
14661,0.0,0.0,0.0,0.0
14662,0.0,0.0,0.0,0.0
14663,0.0,0.0,0.0,0.0
14664,0.0,0.0,0.0,0.0
14665,0.0,0.0,0.0,0.0
14666,0.0,0.0,0.0,0.0
14667,0.0,0.0,0.0,0.0
14668,0.0,0.0,0.0,0.0
14669,0.0,0.0,0.0,0.0
14670,0.0,0.0,0.0,0.0
14671,0.0,0.0,0.0,0.0
14672,0.0,0.0,0.0,0.0
14673,0.0,0.0,0.0,0.0
14674,0.0,0.0,0.0,0.0
14675,0.0,0.0,0.0,0.0
14676,0.0,0.0,0.0,0.0
14677,0.0,0.0,0.0,0.0
14678,0.0,0.0,0.0,0.0
14679,0.0,0.0,0.0,0.0
14680,0.0,0.0,0.0,0.0
14681,0.0,0.0,0.0,0.0
14682,0.0,0.0,0.0,0.0
14683,0.0,0.0,0.0,0.0
14684,0.0,0.0,0.0,0.0
14685,0.0,0.0,0.0,0.0
14686,0.0,0.0,0.0,0.0
14687,0.0,0.0,0.0,0.0
14688,0.0,0.0,0.0,0.0
14689,0.0,0.0,0.0,0.0
14690,0.0,0.0,0.0,0.0
14691,0.0,0.0,0.0,0.0
14692,0.0,0.0,0.0,0.0
14693,0.0,0.0,0.0,0.0
14694,0.0,0.0,0.0,0.0
14695,0.0,0.0,0.0,0.0
14696,0.0,0.0,0.0,0.0
14697,0.0,0.0,0.0,0.0
14698,0.0,0.0,0.0,0.0
14699,0.0,0.0,0.0,0.0
14700,0.0,0.0,0.0,0.0
14701,0.0,0.0,0.0,0.0
14702,0.0,0.0,0.0,0.0
14703,0.0,0.0,0.0,0.0
14704,0.0,0.0,0.0,0.0
14705,0.0,0.0,0.0,0.0
14706,0.0,0.0,0.0,0.0
14707,0.0,0.0,0.0,0.0
14708,0.0,0.0,0.0,0.0
14709,0.0,0.0,0.0,0.0
14710,0.0,0.0,0.0,0.0
14711,0.0,0.0,0.0,0.0
14712,0.0,0.0,0.0,0.0
14713,0.0,0.0,0.0,0.0
14714,0.0,0.0,0.0,0.0
14715,0.0,0.0,0.0,0.0
14716,0.0,0.0,0.0,0.0
14717,0.0,0.0,0.0,0.0
14718,0.0,0.0,0.0,0.0
14719,0.0,0.0,0.0,0.0
14720,0.0,0.0,0.0,0.0
14721,0.0,0.0,0.0,0.0
14722,0.0,0.0,0.0,0.0
14723,0.0,0.0,0.0,0.0
14724,0.0,0.0,0.0,0.0
14725,0.0,0.0,0.0,0.0
14726,0.0,0.0,0.0,0.0
14727,0.0,0.0,0.0,0.0
14728,0.0,0.0,0.0,0.0
14729,0.0,0.0,0.0,0.0
14730,0.0,0.0,0.0,0.0
14731,0.0,0.0,0.0,0.0
14732,0.0,0.0,0.0,0.0
14733,0.0,0.0,0.0,0.0
14734,0.0,0.0,0.0,0.0
14735,0.0,0.0,0.0,0.0
14736,0.0,0.0,0.0,0.0
14737,0.0,0.0,0.0,0.0
14738,0.0,0.0,0.0,0.0
14739,0.0,0.0,0.0,0.0
14740,0.0,0.0,0.0,0.0
14741,0.0,0.0,0.0,0.0
14742,0.0,0.0,0.0,0.0
14743,0.0,0.0,0.0,0.0
14744,0.0,0.0,0.0,0.0
14745,0.0,0.0,0.0,0.0
14746,0.0,0.0,0.0,0.0
14747,0.0,0.0,0.0,0.0
14748,0.0,0.0,0.0,0.0
14749,0.0,0.0,0.0,0.0
14750,0.0,0.0,0.0,0.0
14751,0.0,0.0,0.0,0.0
14752,0.0,0.0,0.0,0.0
14753,0.0,0.0,0.0,0.0
14754,0.0,0.0,0.0,0.0
14755,0.0,0.0,0.0,0.0
14756,0.0,0.0,0.0,0.0
14757,0.0,0.0,0.0,0.0
14758,0.0,0.0,0.0,0.0
14759,0.0,0.0,0.0,0.0
14760,0.0,0.0,0.0,0.0
14761,0.0,0.0,0.0,0.0
14762,0.0,0.0,0.0,0.0
14763,0.0,0.0,0.0,0.0
14764,0.0,0.0,0.0,0.0
14765,0.0,0.0,0.0,0.0
14766,0.0,0.0,0.0,0.0
14767,0.0,0.0,0.0,0.0
14768,0.0,0.0,0.0,0.0
14769,0.0,0.0,0.0,0.0
14770,0.0,0.0,0.0,0.0
14771,0.0,0.0,0.0,0.0
14772,0.0,0.0,0.0,0.0
14773,0.0,0.0,0.0,0.0
14774,0.0,0.0,0.0,0.0
14775,0.0,0.0,0.0,0.0
14776,0.0,0.0,0.0,0.0
14777,0.0,0.0,0.0,0.0
14778,0.0,0.0,0.0,0.0
14779,0.0,0.0,0.0,0.0
14780,0.0,0.0,0.0,0.0
14781,0.0,0.0,0.0,0.0
14782,0.0,0.0,0.0,0.0
14783,0.0,0.0,0.0,0.0
14784,0.0,0.0,0.0,0.0
14785,0.0,0.0,0.0,0.0
14786,0.0,0.0,0.0,0.0
14787,0.0,0.0,0.0,0.0
14788,0.0,0.0,0.0,0.0
14789,0.0,0.0,0.0,0.0
14790,0.0,0.0,0.0,0.0
14791,0.0,0.0,0.0,0.0
14792,0.0,0.0,0.0,0.0
14793,0.0,0.0,0.0,0.0
14794,0.0,0.0,0.0,0.0
14795,0.0,0.0,0.0,0.0
14796,0.0,0.0,0.0,0.0
14797,0.0,0.0,0.0,0.0
14798,0.0,0.0,0.0,0.0
14799,0.0,0.0,0.0,0.0
14800,0.0,0.0,0.0,0.0
14801,0.0,0.0,0.0,0.0
14802,0.0,0.0,0.0,0.0
14803,0.0,0.0,0.0,0.0
14804,0.0,0.0,0.0,0.0
14805,0.0,0.0,0.0,0.0
14806,0.0,0.0,0.0,0.0
14807,0.0,0.0,0.0,0.0
14808,0.0,0.0,0.0,0.0
14809,0.0,0.0,0.0,0.0
14810,0.0,0.0,0.0,0.0
14811,0.0,0.0,0.0,0.0
14812,0.0,0.0,0.0,0.0
14813,0.0,0.0,0.0,0.0
14814,0.0,0.0,0.0,0.0
14815,0.0,0.0,0.0,0.0
14816,0.0,0.0,0.0,0.0
14817,0.0,0.0,0.0,0.0
14818,0.0,0.0,0.0,0.0
14819,0.0,0.0,0.0,0.0
14820,0.0,0.0,0.0,0.0
14821,0.0,0.0,0.0,0.0
14822,0.0,0.0,0.0,0.0
14823,0.0,0.0,0.0,0.0
14824,0.0,0.0,0.0,0.0
14825,0.0,0.0,0.0,0.0
14826,0.0,0.0,0.0,0.0
14827,0.0,0.0,0.0,0.0
14828,0.0,0.0,0.0,0.0
14829,0.0,0.0,0.0,0.0
14830,0.0,0.0,0.0,0.0
14831,0.0,0.0,0.0,0.0
14832,0.0,0.0,0.0,0.0
14833,0.0,0.0,0.0,0.0
14834,0.0,0.0,0.0,0.0
14835,0.0,0.0,0.0,0.0
14836,0.0,0.0,0.0,0.0
14837,0.0,0.0,0.0,0.0
14838,0.0,0.0,0.0,0.0
14839,0.0,0.0,0.0,0.0
14840,0.0,0.0,0.0,0.0
14841,0.0,0.0,0.0,0.0
14842,0.0,0.0,0.0,0.0
14843,0.0,0.0,0.0,0.0
14844,0.0,0.0,0.0,0.0
14845,0.0,0.0,0.0,0.0
14846,0.0,0.0,0.0,0.0
14847,0.0,0.0,0.0,0.0
14848,0.0,0.0,0.0,0.0
14849,0.0,0.0,0.0,0.0
14850,0.0,0.0,0.0,0.0
14851,0.0,0.0,0.0,0.0
14852,0.0,0.0,0.0,0.0
14853,0.0,0.0,0.0,0.0
14854,0.0,0.0,0.0,0.0
14855,0.0,0.0,0.0,0.0
14856,0.0,0.0,0.0,0.0
14857,0.0,0.0,0.0,0.0
14858,0.0,0.0,0.0,0.0
14859,0.0,0.0,0.0,0.0
14860,0.0,0.0,0.0,0.0
14861,0.0,0.0,0.0,0.0
14862,0.0,0.0,0.0,0.0
14863,0.0,0.0,0.0,0.0
14864,0.0,0.0,0.0,0.0
14865,0.0,0.0,0.0,0.0
14866,0.0,0.0,0.0,0.0
14867,0.0,0.0,0.0,0.0
14868,0.0,0.0,0.0,0.0
14869,0.0,0.0,0.0,0.0
14870,0.0,0.0,0.0,0.0
14871,0.0,0.0,0.0,0.0
14872,0.0,0.0,0.0,0.0
14873,0.0,0.0,0.0,0.0
14874,0.0,0.0,0.0,0.0
14875,0.0,0.0,0.0,0.0
14876,0.0,0.0,0.0,0.0
14877,0.0,0.0,0.0,0.0
14878,0.0,0.0,0.0,0.0
14879,0.0,0.0,0.0,0.0
14880,0.0,0.0,0.0,0.0
14881,0.0,0.0,0.0,0.0
14882,0.0,0.0,0.0,0.0
14883,0.0,0.0,0.0,0.0
14884,0.0,0.0,0.0,0.0
14885,0.0,0.0,0.0,0.0
14886,0.0,0.0,0.0,0.0
14887,0.0,0.0,0.0,0.0
14888,0.0,0.0,0.0,0.0
14889,0.0,0.0,0.0,0.0
14890,0.0,0.0,0.0,0.0
14891,0.0,0.0,0.0,0.0
14892,0.0,0.0,0.0,0.0
14893,0.0,0.0,0.0,0.0
14894,0.0,0.0,0.0,0.0
14895,0.0,0.0,0.0,0.0
14896,0.0,0.0,0.0,0.0
14897,0.0,0.0,0.0,0.0
14898,0.0,0.0,0.0,0.0
14899,0.0,0.0,0.0,0.0
14900,0.0,0.0,0.0,0.0
14901,0.0,0.0,0.0,0.0
14902,0.0,0.0,0.0,0.0
14903,0.0,0.0,0.0,0.0
14904,0.0,0.0,0.0,0.0
14905,0.0,0.0,0.0,0.0
14906,0.0,0.0,0.0,0.0
14907,0.0,0.0,0.0,0.0
14908,0.0,0.0,0.0,0.0
14909,0.0,0.0,0.0,0.0
14910,0.0,0.0,0.0,0.0
14911,0.0,0.0,0.0,0.0
14912,0.0,0.0,0.0,0.0
14913,0.0,0.0,0.0,0.0
14914,0.0,0.0,0.0,0.0
14915,0.0,0.0,0.0,0.0
14916,0.0,0.0,0.0,0.0
14917,0.0,0.0,0.0,0.0
14918,0.0,0.0,0.0,0.0
14919,0.0,0.0,0.0,0.0
14920,0.0,0.0,0.0,0.0
14921,0.0,0.0,0.0,0.0
14922,0.0,0.0,0.0,0.0
14923,0.0,0.0,0.0,0.0
14924,0.0,0.0,0.0,0.0
14925,0.0,0.0,0.0,0.0
14926,0.0,0.0,0.0,0.0
14927,0.0,0.0,0.0,0.0
14928,0.0,0.0,0.0,0.0
14929,0.0,0.0,0.0,0.0
14930,0.0,0.0,0.0,0.0
14931,0.0,0.0,0.0,0.0
14932,0.0,0.0,0.0,0.0
14933,0.0,0.0,0.0,0.0
14934,0.0,0.0,0.0,0.0
14935,0.0,0.0,0.0,0.0
14936,0.0,0.0,0.0,0.0
14937,0.0,0.0,0.0,0.0
14938,0.0,0.0,0.0,0.0
14939,0.0,0.0,0.0,0.0
14940,0.0,0.0,0.0,0.0
14941,0.0,0.0,0.0,0.0
14942,0.0,0.0,0.0,0.0
14943,0.0,0.0,0.0,0.0
14944,0.0,0.0,0.0,0.0
14945,0.0,0.0,0.0,0.0
14946,0.0,0.0,0.0,0.0
14947,0.0,0.0,0.0,0.0
14948,0.0,0.0,0.0,0.0
14949,0.0,0.0,0.0,0.0
14950,0.0,0.0,0.0,0.0
14951,0.0,0.0,0.0,0.0
14952,0.0,0.0,0.0,0.0
14953,0.0,0.0,0.0,0.0
14954,0.0,0.0,0.0,0.0
14955,0.0,0.0,0.0,0.0
14956,0.0,0.0,0.0,0.0
14957,0.0,0.0,0.0,0.0
14958,0.0,0.0,0.0,0.0
14959,0.0,0.0,0.0,0.0
14960,0.0,0.0,0.0,0.0
14961,0.0,0.0,0.0,0.0
14962,0.0,0.0,0.0,0.0
14963,0.0,0.0,0.0,0.0
14964,0.0,0.0,0.0,0.0
14965,0.0,0.0,0.0,0.0
14966,0.0,0.0,0.0,0.0
14967,0.0,0.0,0.0,0.0
14968,0.0,0.0,0.0,0.0
14969,0.0,0.0,0.0,0.0
14970,0.0,0.0,0.0,0.0
14971,0.0,0.0,0.0,0.0
14972,0.0,0.0,0.0,0.0
14973,0.0,0.0,0.0,0.0
14974,0.0,0.0,0.0,0.0
14975,0.0,0.0,0.0,0.0
14976,0.0,0.0,0.0,0.0
14977,0.0,0.0,0.0,0.0
14978,0.0,0.0,0.0,0.0
14979,0.0,0.0,0.0,0.0
14980,0.0,0.0,0.0,0.0
14981,0.0,0.0,0.0,0.0
14982,0.0,0.0,0.0,0.0
14983,0.0,0.0,0.0,0.0
14984,0.0,0.0,0.0,0.0
14985,0.0,0.0,0.0,0.0
14986,0.0,0.0,0.0,0.0
14987,0.0,0.0,0.0,0.0
14988,0.0,0.0,0.0,0.0
14989,0.0,0.0,0.0,0.0
14990,0.0,0.0,0.0,0.0
14991,0.0,0.0,0.0,0.0
14992,0.0,0.0,0.0,0.0
14993,0.0,0.0,0.0,0.0
14994,0.0,0.0,0.0,0.0
14995,0.0,0.0,0.0,0.0
14996,0.0,0.0,0.0,0.0
14997,0.0,0.0,0.0,0.0
14998,0.0,0.0,0.0,0.0
14999,0.0,0.0,0.0,0.0
15000,0.0,0.0,0.0,0.0
15001,0.0,0.0,0.0,0.0
15002,0.0,0.0,0.0,0.0
15003,0.0,0.0,0.0,0.0
15004,0.0,0.0,0.0,0.0
15005,0.0,0.0,0.0,0.0
15006,0.0,0.0,0.0,0.0
15007,0.0,0.0,0.0,0.0
15008,0.0,0.0,0.0,0.0
15009,0.0,0.0,0.0,0.0
15010,0.0,0.0,0.0,0.0
15011,0.0,0.0,0.0,0.0
15012,0.0,0.0,0.0,0.0
15013,0.0,0.0,0.0,0.0
15014,0.0,0.0,0.0,0.0
15015,0.0,0.0,0.0,0.0
15016,0.0,0.0,0.0,0.0
15017,0.0,0.0,0.0,0.0
15018,0.0,0.0,0.0,0.0
15019,0.0,0.0,0.0,0.0
15020,0.0,0.0,0.0,0.0
15021,0.0,0.0,0.0,0.0
15022,0.0,0.0,0.0,0.0
15023,0.0,0.0,0.0,0.0
15024,0.0,0.0,0.0,0.0
15025,0.0,0.0,0.0,0.0
15026,0.0,0.0,0.0,0.0
15027,0.0,0.0,0.0,0.0
15028,0.0,0.0,0.0,0.0
15029,0.0,0.0,0.0,0.0
15030,0.0,0.0,0.0,0.0
15031,0.0,0.0,0.0,0.0
15032,0.0,0.0,0.0,0.0
15033,0.0,0.0,0.0,0.0
15034,0.0,0.0,0.0,0.0
15035,0.0,0.0,0.0,0.0
15036,0.0,0.0,0.0,0.0
15037,0.0,0.0,0.0,0.0
15038,0.0,0.0,0.0,0.0
15039,0.0,0.0,0.0,0.0
15040,0.0,0.0,0.0,0.0
15041,0.0,0.0,0.0,0.0
15042,0.0,0.0,0.0,0.0
15043,0.0,0.0,0.0,0.0
15044,0.0,0.0,0.0,0.0
15045,0.0,0.0,0.0,0.0
15046,0.0,0.0,0.0,0.0
15047,0.0,0.0,0.0,0.0
15048,0.0,0.0,0.0,0.0
15049,0.0,0.0,0.0,0.0
15050,0.0,0.0,0.0,0.0
15051,0.0,0.0,0.0,0.0
15052,0.0,0.0,0.0,0.0
15053,0.0,0.0,0.0,0.0
15054,0.0,0.0,0.0,0.0
15055,0.0,0.0,0.0,0.0
15056,0.0,0.0,0.0,0.0
15057,0.0,0.0,0.0,0.0
15058,0.0,0.0,0.0,0.0
15059,0.0,0.0,0.0,0.0
15060,0.0,0.0,0.0,0.0
15061,0.0,0.0,0.0,0.0
15062,0.0,0.0,0.0,0.0
15063,0.0,0.0,0.0,0.0
15064,0.0,0.0,0.0,0.0
15065,0.0,0.0,0.0,0.0
15066,0.0,0.0,0.0,0.0
15067,0.0,0.0,0.0,0.0
15068,0.0,0.0,0.0,0.0
15069,0.0,0.0,0.0,0.0
15070,0.0,0.0,0.0,0.0
15071,0.0,0.0,0.0,0.0
15072,0.0,0.0,0.0,0.0
15073,0.0,0.0,0.0,0.0
15074,0.0,0.0,0.0,0.0
15075,0.0,0.0,0.0,0.0
15076,0.0,0.0,0.0,0.0
15077,0.0,0.0,0.0,0.0
15078,0.0,0.0,0.0,0.0
15079,0.0,0.0,0.0,0.0
15080,0.0,0.0,0.0,0.0
15081,0.0,0.0,0.0,0.0
15082,0.0,0.0,0.0,0.0
15083,0.0,0.0,0.0,0.0
15084,0.0,0.0,0.0,0.0
15085,0.0,0.0,0.0,0.0
15086,0.0,0.0,0.0,0.0
15087,0.0,0.0,0.0,0.0
15088,0.0,0.0,0.0,0.0
15089,0.0,0.0,0.0,0.0
15090,0.0,0.0,0.0,0.0
15091,0.0,0.0,0.0,0.0
15092,0.0,0.0,0.0,0.0
15093,0.0,0.0,0.0,0.0
15094,0.0,0.0,0.0,0.0
15095,0.0,0.0,0.0,0.0
15096,0.0,0.0,0.0,0.0
15097,0.0,0.0,0.0,0.0
15098,0.0,0.0,0.0,0.0
15099,0.0,0.0,0.0,0.0
15100,0.0,0.0,0.0,0.0
15101,0.0,0.0,0.0,0.0
15102,0.0,0.0,0.0,0.0
15103,0.0,0.0,0.0,0.0
15104,0.0,0.0,0.0,0.0
15105,0.0,0.0,0.0,0.0
15106,0.0,0.0,0.0,0.0
15107,0.0,0.0,0.0,0.0
15108,0.0,0.0,0.0,0.0
15109,0.0,0.0,0.0,0.0
15110,0.0,0.0,0.0,0.0
15111,0.0,0.0,0.0,0.0
15112,0.0,0.0,0.0,0.0
15113,0.0,0.0,0.0,0.0
15114,0.0,0.0,0.0,0.0
15115,0.0,0.0,0.0,0.0
15116,0.0,0.0,0.0,0.0
15117,0.0,0.0,0.0,0.0
15118,0.0,0.0,0.0,0.0
15119,0.0,0.0,0.0,0.0
15120,0.0,0.0,0.0,0.0
15121,0.0,0.0,0.0,0.0
15122,0.0,0.0,0.0,0.0
15123,0.0,0.0,0.0,0.0
15124,0.0,0.0,0.0,0.0
15125,0.0,0.0,0.0,0.0
15126,0.0,0.0,0.0,0.0
15127,0.0,0.0,0.0,0.0
15128,0.0,0.0,0.0,0.0
15129,0.0,0.0,0.0,0.0
15130,0.0,0.0,0.0,0.0
15131,0.0,0.0,0.0,0.0
15132,0.0,0.0,0.0,0.0
15133,0.0,0.0,0.0,0.0
15134,0.0,0.0,0.0,0.0
15135,0.0,0.0,0.0,0.0
15136,0.0,0.0,0.0,0.0
15137,0.0,0.0,0.0,0.0
15138,0.0,0.0,0.0,0.0
15139,0.0,0.0,0.0,0.0
15140,0.0,0.0,0.0,0.0
15141,0.0,0.0,0.0,0.0
15142,0.0,0.0,0.0,0.0
15143,0.0,0.0,0.0,0.0
15144,0.0,0.0,0.0,0.0
15145,0.0,0.0,0.0,0.0
15146,0.0,0.0,0.0,0.0
15147,0.0,0.0,0.0,0.0
15148,0.0,0.0,0.0,0.0
15149,0.0,0.0,0.0,0.0
15150,0.0,0.0,0.0,0.0
15151,0.0,0.0,0.0,0.0
15152,0.0,0.0,0.0,0.0
15153,0.0,0.0,0.0,0.0
15154,0.0,0.0,0.0,0.0
15155,0.0,0.0,0.0,0.0
15156,0.0,0.0,0.0,0.0
15157,0.0,0.0,0.0,0.0
15158,0.0,0.0,0.0,0.0
15159,0.0,0.0,0.0,0.0
15160,0.0,0.0,0.0,0.0
15161,0.0,0.0,0.0,0.0
15162,0.0,0.0,0.0,0.0
15163,0.0,0.0,0.0,0.0
15164,0.0,0.0,0.0,0.0
15165,0.0,0.0,0.0,0.0
15166,0.0,0.0,0.0,0.0
15167,0.0,0.0,0.0,0.0
15168,0.0,0.0,0.0,0.0
15169,0.0,0.0,0.0,0.0
15170,0.0,0.0,0.0,0.0
15171,0.0,0.0,0.0,0.0
15172,0.0,0.0,0.0,0.0
15173,0.0,0.0,0.0,0.0
15174,0.0,0.0,0.0,0.0
15175,0.0,0.0,0.0,0.0
15176,0.0,0.0,0.0,0.0
15177,0.0,0.0,0.0,0.0
15178,0.0,0.0,0.0,0.0
15179,0.0,0.0,0.0,0.0
15180,0.0,0.0,0.0,0.0
15181,0.0,0.0,0.0,0.0
15182,0.0,0.0,0.0,0.0
15183,0.0,0.0,0.0,0.0
15184,0.0,0.0,0.0,0.0
15185,0.0,0.0,0.0,0.0
15186,0.0,0.0,0.0,0.0
15187,0.0,0.0,0.0,0.0
15188,0.0,0.0,0.0,0.0
15189,0.0,0.0,0.0,0.0
15190,0.0,0.0,0.0,0.0
15191,0.0,0.0,0.0,0.0
15192,0.0,0.0,0.0,0.0
15193,0.0,0.0,0.0,0.0
15194,0.0,0.0,0.0,0.0
15195,0.0,0.0,0.0,0.0
15196,0.0,0.0,0.0,0.0
15197,0.0,0.0,0.0,0.0
15198,0.0,0.0,0.0,0.0
15199,0.0,0.0,0.0,0.0
15200,0.0,0.0,0.0,0.0
15201,0.0,0.0,0.0,0.0
15202,0.0,0.0,0.0,0.0
15203,0.0,0.0,0.0,0.0
15204,0.0,0.0,0.0,0.0
15205,0.0,0.0,0.0,0.0
15206,0.0,0.0,0.0,0.0
15207,0.0,0.0,0.0,0.0
15208,0.0,0.0,0.0,0.0
15209,0.0,0.0,0.0,0.0
15210,0.0,0.0,0.0,0.0
15211,0.0,0.0,0.0,0.0
15212,0.0,0.0,0.0,0.0
15213,0.0,0.0,0.0,0.0
15214,0.0,0.0,0.0,0.0
15215,0.0,0.0,0.0,0.0
15216,0.0,0.0,0.0,0.0
15217,0.0,0.0,0.0,0.0
15218,0.0,0.0,0.0,0.0
15219,0.0,0.0,0.0,0.0
15220,0.0,0.0,0.0,0.0
15221,0.0,0.0,0.0,0.0
15222,0.0,0.0,0.0,0.0
15223,0.0,0.0,0.0,0.0
15224,0.0,0.0,0.0,0.0
15225,0.0,0.0,0.0,0.0
15226,0.0,0.0,0.0,0.0
15227,0.0,0.0,0.0,0.0
15228,0.0,0.0,0.0,0.0
15229,0.0,0.0,0.0,0.0
15230,0.0,0.0,0.0,0.0
15231,0.0,0.0,0.0,0.0
15232,0.0,0.0,0.0,0.0
15233,0.0,0.0,0.0,0.0
15234,0.0,0.0,0.0,0.0
15235,0.0,0.0,0.0,0.0
15236,0.0,0.0,0.0,0.0
15237,0.0,0.0,0.0,0.0
15238,0.0,0.0,0.0,0.0
15239,0.0,0.0,0.0,0.0
15240,0.0,0.0,0.0,0.0
15241,0.0,0.0,0.0,0.0
15242,0.0,0.0,0.0,0.0
15243,0.0,0.0,0.0,0.0
15244,0.0,0.0,0.0,0.0
15245,0.0,0.0,0.0,0.0
15246,0.0,0.0,0.0,0.0
15247,0.0,0.0,0.0,0.0
15248,0.0,0.0,0.0,0.0
15249,0.0,0.0,0.0,0.0
15250,0.0,0.0,0.0,0.0
15251,0.0,0.0,0.0,0.0
15252,0.0,0.0,0.0,0.0
15253,0.0,0.0,0.0,0.0
15254,0.0,0.0,0.0,0.0
15255,0.0,0.0,0.0,0.0
15256,0.0,0.0,0.0,0.0
15257,0.0,0.0,0.0,0.0
15258,0.0,0.0,0.0,0.0
15259,0.0,0.0,0.0,0.0
15260,0.0,0.0,0.0,0.0
15261,0.0,0.0,0.0,0.0
15262,0.0,0.0,0.0,0.0
15263,0.0,0.0,0.0,0.0
15264,0.0,0.0,0.0,0.0
15265,0.0,0.0,0.0,0.0
15266,0.0,0.0,0.0,0.0
15267,0.0,0.0,0.0,0.0
15268,0.0,0.0,0.0,0.0
15269,0.0,0.0,0.0,0.0
15270,0.0,0.0,0.0,0.0
15271,0.0,0.0,0.0,0.0
15272,0.0,0.0,0.0,0.0
15273,0.0,0.0,0.0,0.0
15274,0.0,0.0,0.0,0.0
15275,0.0,0.0,0.0,0.0
15276,0.0,0.0,0.0,0.0
15277,0.0,0.0,0.0,0.0
15278,0.0,0.0,0.0,0.0
15279,0.0,0.0,0.0,0.0
15280,0.0,0.0,0.0,0.0
15281,0.0,0.0,0.0,0.0
15282,0.0,0.0,0.0,0.0
15283,0.0,0.0,0.0,0.0
15284,0.0,0.0,0.0,0.0
15285,0.0,0.0,0.0,0.0
15286,0.0,0.0,0.0,0.0
15287,0.0,0.0,0.0,0.0
15288,0.0,0.0,0.0,0.0
15289,0.0,0.0,0.0,0.0
15290,0.0,0.0,0.0,0.0
15291,0.0,0.0,0.0,0.0
15292,0.0,0.0,0.0,0.0
15293,0.0,0.0,0.0,0.0
15294,0.0,0.0,0.0,0.0
15295,0.0,0.0,0.0,0.0
15296,0.0,0.0,0.0,0.0
15297,0.0,0.0,0.0,0.0
15298,0.0,0.0,0.0,0.0
15299,0.0,0.0,0.0,0.0
15300,0.0,0.0,0.0,0.0
15301,0.0,0.0,0.0,0.0
15302,0.0,0.0,0.0,0.0
15303,0.0,0.0,0.0,0.0
15304,0.0,0.0,0.0,0.0
15305,0.0,0.0,0.0,0.0
15306,0.0,0.0,0.0,0.0
15307,0.0,0.0,0.0,0.0
15308,0.0,0.0,0.0,0.0
15309,0.0,0.0,0.0,0.0
15310,0.0,0.0,0.0,0.0
15311,0.0,0.0,0.0,0.0
15312,0.0,0.0,0.0,0.0
15313,0.0,0.0,0.0,0.0
15314,0.0,0.0,0.0,0.0
15315,0.0,0.0,0.0,0.0
15316,0.0,0.0,0.0,0.0
15317,0.0,0.0,0.0,0.0
15318,0.0,0.0,0.0,0.0
15319,0.0,0.0,0.0,0.0
15320,0.0,0.0,0.0,0.0
15321,0.0,0.0,0.0,0.0
15322,0.0,0.0,0.0,0.0
15323,0.0,0.0,0.0,0.0
15324,0.0,0.0,0.0,0.0
15325,0.0,0.0,0.0,0.0
15326,0.0,0.0,0.0,0.0
15327,0.0,0.0,0.0,0.0
15328,0.0,0.0,0.0,0.0
15329,0.0,0.0,0.0,0.0
15330,0.0,0.0,0.0,0.0
15331,0.0,0.0,0.0,0.0
15332,0.0,0.0,0.0,0.0
15333,0.0,0.0,0.0,0.0
15334,0.0,0.0,0.0,0.0
15335,0.0,0.0,0.0,0.0
15336,0.0,0.0,0.0,0.0
15337,0.0,0.0,0.0,0.0
15338,0.0,0.0,0.0,0.0
15339,0.0,0.0,0.0,0.0
15340,0.0,0.0,0.0,0.0
15341,0.0,0.0,0.0,0.0
15342,0.0,0.0,0.0,0.0
15343,0.0,0.0,0.0,0.0
15344,0.0,0.0,0.0,0.0
15345,0.0,0.0,0.0,0.0
15346,0.0,0.0,0.0,0.0
15347,0.0,0.0,0.0,0.0
15348,0.0,0.0,0.0,0.0
15349,0.0,0.0,0.0,0.0
15350,0.0,0.0,0.0,0.0
15351,0.0,0.0,0.0,0.0
15352,0.0,0.0,0.0,0.0
15353,0.0,0.0,0.0,0.0
15354,0.0,0.0,0.0,0.0
15355,0.0,0.0,0.0,0.0
15356,0.0,0.0,0.0,0.0
15357,0.0,0.0,0.0,0.0
15358,0.0,0.0,0.0,0.0
15359,0.0,0.0,0.0,0.0
15360,0.0,0.0,0.0,0.0
15361,0.0,0.0,0.0,0.0
15362,0.0,0.0,0.0,0.0
15363,0.0,0.0,0.0,0.0
15364,0.0,0.0,0.0,0.0
15365,0.0,0.0,0.0,0.0
15366,0.0,0.0,0.0,0.0
15367,0.0,0.0,0.0,0.0
15368,0.0,0.0,0.0,0.0
15369,0.0,0.0,0.0,0.0
15370,0.0,0.0,0.0,0.0
15371,0.0,0.0,0.0,0.0
15372,0.0,0.0,0.0,0.0
15373,0.0,0.0,0.0,0.0
15374,0.0,0.0,0.0,0.0
15375,0.0,0.0,0.0,0.0
15376,0.0,0.0,0.0,0.0
15377,0.0,0.0,0.0,0.0
15378,0.0,0.0,0.0,0.0
15379,0.0,0.0,0.0,0.0
15380,0.0,0.0,0.0,0.0
15381,0.0,0.0,0.0,0.0
15382,0.0,0.0,0.0,0.0
15383,0.0,0.0,0.0,0.0
15384,0.0,0.0,0.0,0.0
15385,0.0,0.0,0.0,0.0
15386,0.0,0.0,0.0,0.0
15387,0.0,0.0,0.0,0.0
15388,0.0,0.0,0.0,0.0
15389,0.0,0.0,0.0,0.0
15390,0.0,0.0,0.0,0.0
15391,0.0,0.0,0.0,0.0
15392,0.0,0.0,0.0,0.0
15393,0.0,0.0,0.0,0.0
15394,0.0,0.0,0.0,0.0
15395,0.0,0.0,0.0,0.0
15396,0.0,0.0,0.0,0.0
15397,0.0,0.0,0.0,0.0
15398,0.0,0.0,0.0,0.0
15399,0.0,0.0,0.0,0.0
15400,0.0,0.0,0.0,0.0
15401,0.0,0.0,0.0,0.0
15402,0.0,0.0,0.0,0.0
15403,0.0,0.0,0.0,0.0
15404,0.0,0.0,0.0,0.0
15405,0.0,0.0,0.0,0.0
15406,0.0,0.0,0.0,0.0
15407,0.0,0.0,0.0,0.0
15408,0.0,0.0,0.0,0.0
15409,0.0,0.0,0.0,0.0
15410,0.0,0.0,0.0,0.0
15411,0.0,0.0,0.0,0.0
15412,0.0,0.0,0.0,0.0
15413,0.0,0.0,0.0,0.0
15414,0.0,0.0,0.0,0.0
15415,0.0,0.0,0.0,0.0
15416,0.0,0.0,0.0,0.0
15417,0.0,0.0,0.0,0.0
15418,0.0,0.0,0.0,0.0
15419,0.0,0.0,0.0,0.0
15420,0.0,0.0,0.0,0.0
15421,0.0,0.0,0.0,0.0
15422,0.0,0.0,0.0,0.0
15423,0.0,0.0,0.0,0.0
15424,0.0,0.0,0.0,0.0
15425,0.0,0.0,0.0,0.0
15426,0.0,0.0,0.0,0.0
15427,0.0,0.0,0.0,0.0
15428,0.0,0.0,0.0,0.0
15429,0.0,0.0,0.0,0.0
15430,0.0,0.0,0.0,0.0
15431,0.0,0.0,0.0,0.0
15432,0.0,0.0,0.0,0.0
15433,0.0,0.0,0.0,0.0
15434,0.0,0.0,0.0,0.0
15435,0.0,0.0,0.0,0.0
15436,0.0,0.0,0.0,0.0
15437,0.0,0.0,0.0,0.0
15438,0.0,0.0,0.0,0.0
15439,0.0,0.0,0.0,0.0
15440,0.0,0.0,0.0,0.0
15441,0.0,0.0,0.0,0.0
15442,0.0,0.0,0.0,0.0
15443,0.0,0.0,0.0,0.0
15444,0.0,0.0,0.0,0.0
15445,0.0,0.0,0.0,0.0
15446,0.0,0.0,0.0,0.0
15447,0.0,0.0,0.0,0.0
15448,0.0,0.0,0.0,0.0
15449,0.0,0.0,0.0,0.0
15450,0.0,0.0,0.0,0.0
15451,0.0,0.0,0.0,0.0
15452,0.0,0.0,0.0,0.0
15453,0.0,0.0,0.0,0.0
15454,0.0,0.0,0.0,0.0
15455,0.0,0.0,0.0,0.0
15456,0.0,0.0,0.0,0.0
15457,0.0,0.0,0.0,0.0
15458,0.0,0.0,0.0,0.0
15459,0.0,0.0,0.0,0.0
15460,0.0,0.0,0.0,0.0
15461,0.0,0.0,0.0,0.0
15462,0.0,0.0,0.0,0.0
15463,0.0,0.0,0.0,0.0
15464,0.0,0.0,0.0,0.0
15465,0.0,0.0,0.0,0.0
15466,0.0,0.0,0.0,0.0
15467,0.0,0.0,0.0,0.0
15468,0.0,0.0,0.0,0.0
15469,0.0,0.0,0.0,0.0
15470,0.0,0.0,0.0,0.0
15471,0.0,0.0,0.0,0.0
15472,0.0,0.0,0.0,0.0
15473,0.0,0.0,0.0,0.0
15474,0.0,0.0,0.0,0.0
15475,0.0,0.0,0.0,0.0
15476,0.0,0.0,0.0,0.0
15477,0.0,0.0,0.0,0.0
15478,0.0,0.0,0.0,0.0
15479,0.0,0.0,0.0,0.0
15480,0.0,0.0,0.0,0.0
15481,0.0,0.0,0.0,0.0
15482,0.0,0.0,0.0,0.0
15483,0.0,0.0,0.0,0.0
15484,0.0,0.0,0.0,0.0
15485,0.0,0.0,0.0,0.0
15486,0.0,0.0,0.0,0.0
15487,0.0,0.0,0.0,0.0
15488,0.0,0.0,0.0,0.0
15489,0.0,0.0,0.0,0.0
15490,0.0,0.0,0.0,0.0
15491,0.0,0.0,0.0,0.0
15492,0.0,0.0,0.0,0.0
15493,0.0,0.0,0.0,0.0
15494,0.0,0.0,0.0,0.0
15495,0.0,0.0,0.0,0.0
15496,0.0,0.0,0.0,0.0
15497,0.0,0.0,0.0,0.0
15498,0.0,0.0,0.0,0.0
15499,0.0,0.0,0.0,0.0
15500,0.0,0.0,0.0,0.0
15501,0.0,0.0,0.0,0.0
15502,0.0,0.0,0.0,0.0
15503,0.0,0.0,0.0,0.0
15504,0.0,0.0,0.0,0.0
15505,0.0,0.0,0.0,0.0
15506,0.0,0.0,0.0,0.0
15507,0.0,0.0,0.0,0.0
15508,0.0,0.0,0.0,0.0
15509,0.0,0.0,0.0,0.0
15510,0.0,0.0,0.0,0.0
15511,0.0,0.0,0.0,0.0
15512,0.0,0.0,0.0,0.0
15513,0.0,0.0,0.0,0.0
15514,0.0,0.0,0.0,0.0
15515,0.0,0.0,0.0,0.0
15516,0.0,0.0,0.0,0.0
15517,0.0,0.0,0.0,0.0
15518,0.0,0.0,0.0,0.0
15519,0.0,0.0,0.0,0.0
15520,0.0,0.0,0.0,0.0
15521,0.0,0.0,0.0,0.0
15522,0.0,0.0,0.0,0.0
15523,0.0,0.0,0.0,0.0
15524,0.0,0.0,0.0,0.0
15525,0.0,0.0,0.0,0.0
15526,0.0,0.0,0.0,0.0
15527,0.0,0.0,0.0,0.0
15528,0.0,0.0,0.0,0.0
15529,0.0,0.0,0.0,0.0
15530,0.0,0.0,0.0,0.0
15531,0.0,0.0,0.0,0.0
15532,0.0,0.0,0.0,0.0
15533,0.0,0.0,0.0,0.0
15534,0.0,0.0,0.0,0.0
15535,0.0,0.0,0.0,0.0
15536,0.0,0.0,0.0,0.0
15537,0.0,0.0,0.0,0.0
15538,0.0,0.0,0.0,0.0
15539,0.0,0.0,0.0,0.0
15540,0.0,0.0,0.0,0.0
15541,0.0,0.0,0.0,0.0
15542,0.0,0.0,0.0,0.0
15543,0.0,0.0,0.0,0.0
15544,0.0,0.0,0.0,0.0
15545,0.0,0.0,0.0,0.0
15546,0.0,0.0,0.0,0.0
15547,0.0,0.0,0.0,0.0
15548,0.0,0.0,0.0,0.0
15549,0.0,0.0,0.0,0.0
15550,0.0,0.0,0.0,0.0
15551,0.0,0.0,0.0,0.0
15552,0.0,0.0,0.0,0.0
15553,0.0,0.0,0.0,0.0
15554,0.0,0.0,0.0,0.0
15555,0.0,0.0,0.0,0.0
15556,0.0,0.0,0.0,0.0
15557,0.0,0.0,0.0,0.0
15558,0.0,0.0,0.0,0.0
15559,0.0,0.0,0.0,0.0
15560,0.0,0.0,0.0,0.0
15561,0.0,0.0,0.0,0.0
15562,0.0,0.0,0.0,0.0
15563,0.0,0.0,0.0,0.0
15564,0.0,0.0,0.0,0.0
15565,0.0,0.0,0.0,0.0
15566,0.0,0.0,0.0,0.0
15567,0.0,0.0,0.0,0.0
15568,0.0,0.0,0.0,0.0
15569,0.0,0.0,0.0,0.0
15570,0.0,0.0,0.0,0.0
15571,0.0,0.0,0.0,0.0
15572,0.0,0.0,0.0,0.0
15573,0.0,0.0,0.0,0.0
15574,0.0,0.0,0.0,0.0
15575,0.0,0.0,0.0,0.0
15576,0.0,0.0,0.0,0.0
15577,0.0,0.0,0.0,0.0
15578,0.0,0.0,0.0,0.0
15579,0.0,0.0,0.0,0.0
15580,0.0,0.0,0.0,0.0
15581,0.0,0.0,0.0,0.0
15582,0.0,0.0,0.0,0.0
15583,0.0,0.0,0.0,0.0
15584,0.0,0.0,0.0,0.0
15585,0.0,0.0,0.0,0.0
15586,0.0,0.0,0.0,0.0
15587,0.0,0.0,0.0,0.0
15588,0.0,0.0,0.0,0.0
15589,0.0,0.0,0.0,0.0
15590,0.0,0.0,0.0,0.0
15591,0.0,0.0,0.0,0.0
15592,0.0,0.0,0.0,0.0
15593,0.0,0.0,0.0,0.0
15594,0.0,0.0,0.0,0.0
15595,0.0,0.0,0.0,0.0
15596,0.0,0.0,0.0,0.0
15597,0.0,0.0,0.0,0.0
15598,0.0,0.0,0.0,0.0
15599,0.0,0.0,0.0,0.0
15600,0.0,0.0,0.0,0.0
15601,0.0,0.0,0.0,0.0
15602,0.0,0.0,0.0,0.0
15603,0.0,0.0,0.0,0.0
15604,0.0,0.0,0.0,0.0
15605,0.0,0.0,0.0,0.0
15606,0.0,0.0,0.0,0.0
15607,0.0,0.0,0.0,0.0
15608,0.0,0.0,0.0,0.0
15609,0.0,0.0,0.0,0.0
15610,0.0,0.0,0.0,0.0
15611,0.0,0.0,0.0,0.0
15612,0.0,0.0,0.0,0.0
15613,0.0,0.0,0.0,0.0
15614,0.0,0.0,0.0,0.0
15615,0.0,0.0,0.0,0.0
15616,0.0,0.0,0.0,0.0
15617,0.0,0.0,0.0,0.0
15618,0.0,0.0,0.0,0.0
15619,0.0,0.0,0.0,0.0
15620,0.0,0.0,0.0,0.0
15621,0.0,0.0,0.0,0.0
15622,0.0,0.0,0.0,0.0
15623,0.0,0.0,0.0,0.0
15624,0.0,0.0,0.0,0.0
15625,0.0,0.0,0.0,0.0
15626,0.0,0.0,0.0,0.0
15627,0.0,0.0,0.0,0.0
15628,0.0,0.0,0.0,0.0
15629,0.0,0.0,0.0,0.0
15630,0.0,0.0,0.0,0.0
15631,0.0,0.0,0.0,0.0
15632,0.0,0.0,0.0,0.0
15633,0.0,0.0,0.0,0.0
15634,0.0,0.0,0.0,0.0
15635,0.0,0.0,0.0,0.0
15636,0.0,0.0,0.0,0.0
15637,0.0,0.0,0.0,0.0
15638,0.0,0.0,0.0,0.0
15639,0.0,0.0,0.0,0.0
15640,0.0,0.0,0.0,0.0
15641,0.0,0.0,0.0,0.0
15642,0.0,0.0,0.0,0.0
15643,0.0,0.0,0.0,0.0
15644,0.0,0.0,0.0,0.0
15645,0.0,0.0,0.0,0.0
15646,0.0,0.0,0.0,0.0
15647,0.0,0.0,0.0,0.0
15648,0.0,0.0,0.0,0.0
15649,0.0,0.0,0.0,0.0
15650,0.0,0.0,0.0,0.0
15651,0.0,0.0,0.0,0.0
15652,0.0,0.0,0.0,0.0
15653,0.0,0.0,0.0,0.0
15654,0.0,0.0,0.0,0.0
15655,0.0,0.0,0.0,0.0
15656,0.0,0.0,0.0,0.0
15657,0.0,0.0,0.0,0.0
15658,0.0,0.0,0.0,0.0
15659,0.0,0.0,0.0,0.0
15660,0.0,0.0,0.0,0.0
15661,0.0,0.0,0.0,0.0
15662,0.0,0.0,0.0,0.0
15663,0.0,0.0,0.0,0.0
15664,0.0,0.0,0.0,0.0
15665,0.0,0.0,0.0,0.0
15666,0.0,0.0,0.0,0.0
15667,0.0,0.0,0.0,0.0
15668,0.0,0.0,0.0,0.0
15669,0.0,0.0,0.0,0.0
15670,0.0,0.0,0.0,0.0
15671,0.0,0.0,0.0,0.0
15672,0.0,0.0,0.0,0.0
15673,0.0,0.0,0.0,0.0
15674,0.0,0.0,0.0,0.0
15675,0.0,0.0,0.0,0.0
15676,0.0,0.0,0.0,0.0
15677,0.0,0.0,0.0,0.0
15678,0.0,0.0,0.0,0.0
15679,0.0,0.0,0.0,0.0
15680,0.0,0.0,0.0,0.0
15681,0.0,0.0,0.0,0.0
15682,0.0,0.0,0.0,0.0
15683,0.0,0.0,0.0,0.0
15684,0.0,0.0,0.0,0.0
15685,0.0,0.0,0.0,0.0
15686,0.0,0.0,0.0,0.0
15687,0.0,0.0,0.0,0.0
15688,0.0,0.0,0.0,0.0
15689,0.0,0.0,0.0,0.0
15690,0.0,0.0,0.0,0.0
15691,0.0,0.0,0.0,0.0
15692,0.0,0.0,0.0,0.0
15693,0.0,0.0,0.0,0.0
15694,0.0,0.0,0.0,0.0
15695,0.0,0.0,0.0,0.0
15696,0.0,0.0,0.0,0.0
15697,0.0,0.0,0.0,0.0
15698,0.0,0.0,0.0,0.0
15699,0.0,0.0,0.0,0.0
15700,0.0,0.0,0.0,0.0
15701,0.0,0.0,0.0,0.0
15702,0.0,0.0,0.0,0.0
15703,0.0,0.0,0.0,0.0
15704,0.0,0.0,0.0,0.0
15705,0.0,0.0,0.0,0.0
15706,0.0,0.0,0.0,0.0
15707,0.0,0.0,0.0,0.0
15708,0.0,0.0,0.0,0.0
15709,0.0,0.0,0.0,0.0
15710,0.0,0.0,0.0,0.0
15711,0.0,0.0,0.0,0.0
15712,0.0,0.0,0.0,0.0
15713,0.0,0.0,0.0,0.0
15714,0.0,0.0,0.0,0.0
15715,0.0,0.0,0.0,0.0
15716,0.0,0.0,0.0,0.0
15717,0.0,0.0,0.0,0.0
15718,0.0,0.0,0.0,0.0
15719,0.0,0.0,0.0,0.0
15720,0.0,0.0,0.0,0.0
15721,0.0,0.0,0.0,0.0
15722,0.0,0.0,0.0,0.0
15723,0.0,0.0,0.0,0.0
15724,0.0,0.0,0.0,0.0
15725,0.0,0.0,0.0,0.0
15726,0.0,0.0,0.0,0.0
15727,0.0,0.0,0.0,0.0
15728,0.0,0.0,0.0,0.0
15729,0.0,0.0,0.0,0.0
15730,0.0,0.0,0.0,0.0
15731,0.0,0.0,0.0,0.0
15732,0.0,0.0,0.0,0.0
15733,0.0,0.0,0.0,0.0
15734,0.0,0.0,0.0,0.0
15735,0.0,0.0,0.0,0.0
15736,0.0,0.0,0.0,0.0
15737,0.0,0.0,0.0,0.0
15738,0.0,0.0,0.0,0.0
15739,0.0,0.0,0.0,0.0
15740,0.0,0.0,0.0,0.0
15741,0.0,0.0,0.0,0.0
15742,0.0,0.0,0.0,0.0
15743,0.0,0.0,0.0,0.0
15744,0.0,0.0,0.0,0.0
15745,0.0,0.0,0.0,0.0
15746,0.0,0.0,0.0,0.0
15747,0.0,0.0,0.0,0.0
15748,0.0,0.0,0.0,0.0
15749,0.0,0.0,0.0,0.0
15750,0.0,0.0,0.0,0.0
15751,0.0,0.0,0.0,0.0
15752,0.0,0.0,0.0,0.0
15753,0.0,0.0,0.0,0.0
15754,0.0,0.0,0.0,0.0
15755,0.0,0.0,0.0,0.0
15756,0.0,0.0,0.0,0.0
15757,0.0,0.0,0.0,0.0
15758,0.0,0.0,0.0,0.0
15759,0.0,0.0,0.0,0.0
15760,0.0,0.0,0.0,0.0
15761,0.0,0.0,0.0,0.0
15762,0.0,0.0,0.0,0.0
15763,0.0,0.0,0.0,0.0
15764,0.0,0.0,0.0,0.0
15765,0.0,0.0,0.0,0.0
15766,0.0,0.0,0.0,0.0
15767,0.0,0.0,0.0,0.0
15768,0.0,0.0,0.0,0.0
15769,0.0,0.0,0.0,0.0
15770,0.0,0.0,0.0,0.0
15771,0.0,0.0,0.0,0.0
15772,0.0,0.0,0.0,0.0
15773,0.0,0.0,0.0,0.0
15774,0.0,0.0,0.0,0.0
15775,0.0,0.0,0.0,0.0
15776,0.0,0.0,0.0,0.0
15777,0.0,0.0,0.0,0.0
15778,0.0,0.0,0.0,0.0
15779,0.0,0.0,0.0,0.0
15780,0.0,0.0,0.0,0.0
15781,0.0,0.0,0.0,0.0
15782,0.0,0.0,0.0,0.0
15783,0.0,0.0,0.0,0.0
15784,0.0,0.0,0.0,0.0
15785,0.0,0.0,0.0,0.0
15786,0.0,0.0,0.0,0.0
15787,0.0,0.0,0.0,0.0
15788,0.0,0.0,0.0,0.0
15789,0.0,0.0,0.0,0.0
15790,0.0,0.0,0.0,0.0
15791,0.0,0.0,0.0,0.0
15792,0.0,0.0,0.0,0.0
15793,0.0,0.0,0.0,0.0
15794,0.0,0.0,0.0,0.0
15795,0.0,0.0,0.0,0.0
15796,0.0,0.0,0.0,0.0
15797,0.0,0.0,0.0,0.0
15798,0.0,0.0,0.0,0.0
15799,0.0,0.0,0.0,0.0
15800,0.0,0.0,0.0,0.0
15801,0.0,0.0,0.0,0.0
15802,0.0,0.0,0.0,0.0
15803,0.0,0.0,0.0,0.0
15804,0.0,0.0,0.0,0.0
15805,0.0,0.0,0.0,0.0
15806,0.0,0.0,0.0,0.0
15807,0.0,0.0,0.0,0.0
15808,0.0,0.0,0.0,0.0
15809,0.0,0.0,0.0,0.0
15810,0.0,0.0,0.0,0.0
15811,0.0,0.0,0.0,0.0
15812,0.0,0.0,0.0,0.0
15813,0.0,0.0,0.0,0.0
15814,0.0,0.0,0.0,0.0
15815,0.0,0.0,0.0,0.0
15816,0.0,0.0,0.0,0.0
15817,0.0,0.0,0.0,0.0
15818,0.0,0.0,0.0,0.0
15819,0.0,0.0,0.0,0.0
15820,0.0,0.0,0.0,0.0
15821,0.0,0.0,0.0,0.0
15822,0.0,0.0,0.0,0.0
15823,0.0,0.0,0.0,0.0
15824,0.0,0.0,0.0,0.0
15825,0.0,0.0,0.0,0.0
15826,0.0,0.0,0.0,0.0
15827,0.0,0.0,0.0,0.0
15828,0.0,0.0,0.0,0.0
15829,0.0,0.0,0.0,0.0
15830,0.0,0.0,0.0,0.0
15831,0.0,0.0,0.0,0.0
15832,0.0,0.0,0.0,0.0
15833,0.0,0.0,0.0,0.0
15834,0.0,0.0,0.0,0.0
15835,0.0,0.0,0.0,0.0
15836,0.0,0.0,0.0,0.0
15837,0.0,0.0,0.0,0.0
15838,0.0,0.0,0.0,0.0
15839,0.0,0.0,0.0,0.0
15840,0.0,0.0,0.0,0.0
15841,0.0,0.0,0.0,0.0
15842,0.0,0.0,0.0,0.0
15843,0.0,0.0,0.0,0.0
15844,0.0,0.0,0.0,0.0
15845,0.0,0.0,0.0,0.0
15846,0.0,0.0,0.0,0.0
15847,0.0,0.0,0.0,0.0
15848,0.0,0.0,0.0,0.0
15849,0.0,0.0,0.0,0.0
15850,0.0,0.0,0.0,0.0
15851,0.0,0.0,0.0,0.0
15852,0.0,0.0,0.0,0.0
15853,0.0,0.0,0.0,0.0
15854,0.0,0.0,0.0,0.0
15855,0.0,0.0,0.0,0.0
15856,0.0,0.0,0.0,0.0
15857,0.0,0.0,0.0,0.0
15858,0.0,0.0,0.0,0.0
15859,0.0,0.0,0.0,0.0
15860,0.0,0.0,0.0,0.0
15861,0.0,0.0,0.0,0.0
15862,0.0,0.0,0.0,0.0
15863,0.0,0.0,0.0,0.0
15864,0.0,0.0,0.0,0.0
15865,0.0,0.0,0.0,0.0
15866,0.0,0.0,0.0,0.0
15867,0.0,0.0,0.0,0.0
15868,0.0,0.0,0.0,0.0
15869,0.0,0.0,0.0,0.0
15870,0.0,0.0,0.0,0.0
15871,0.0,0.0,0.0,0.0
15872,0.0,0.0,0.0,0.0
15873,0.0,0.0,0.0,0.0
15874,0.0,0.0,0.0,0.0
15875,0.0,0.0,0.0,0.0
15876,0.0,0.0,0.0,0.0
15877,0.0,0.0,0.0,0.0
15878,0.0,0.0,0.0,0.0
15879,0.0,0.0,0.0,0.0
15880,0.0,0.0,0.0,0.0
15881,0.0,0.0,0.0,0.0
15882,0.0,0.0,0.0,0.0
15883,0.0,0.0,0.0,0.0
15884,0.0,0.0,0.0,0.0
15885,0.0,0.0,0.0,0.0
15886,0.0,0.0,0.0,0.0
15887,0.0,0.0,0.0,0.0
15888,0.0,0.0,0.0,0.0
15889,0.0,0.0,0.0,0.0
15890,0.0,0.0,0.0,0.0
15891,0.0,0.0,0.0,0.0
15892,0.0,0.0,0.0,0.0
15893,0.0,0.0,0.0,0.0
15894,0.0,0.0,0.0,0.0
15895,0.0,0.0,0.0,0.0
15896,0.0,0.0,0.0,0.0
15897,0.0,0.0,0.0,0.0
15898,0.0,0.0,0.0,0.0
15899,0.0,0.0,0.0,0.0
15900,0.0,0.0,0.0,0.0
15901,0.0,0.0,0.0,0.0
15902,0.0,0.0,0.0,0.0
15903,0.0,0.0,0.0,0.0
15904,0.0,0.0,0.0,0.0
15905,0.0,0.0,0.0,0.0
15906,0.0,0.0,0.0,0.0
15907,0.0,0.0,0.0,0.0
15908,0.0,0.0,0.0,0.0
15909,0.0,0.0,0.0,0.0
15910,0.0,0.0,0.0,0.0
15911,0.0,0.0,0.0,0.0
15912,0.0,0.0,0.0,0.0
15913,0.0,0.0,0.0,0.0
15914,0.0,0.0,0.0,0.0
15915,0.0,0.0,0.0,0.0
15916,0.0,0.0,0.0,0.0
15917,0.0,0.0,0.0,0.0
15918,0.0,0.0,0.0,0.0
15919,0.0,0.0,0.0,0.0
15920,0.0,0.0,0.0,0.0
15921,0.0,0.0,0.0,0.0
15922,0.0,0.0,0.0,0.0
15923,0.0,0.0,0.0,0.0
15924,0.0,0.0,0.0,0.0
15925,0.0,0.0,0.0,0.0
15926,0.0,0.0,0.0,0.0
15927,0.0,0.0,0.0,0.0
15928,0.0,0.0,0.0,0.0
15929,0.0,0.0,0.0,0.0
15930,0.0,0.0,0.0,0.0
15931,0.0,0.0,0.0,0.0
15932,0.0,0.0,0.0,0.0
15933,0.0,0.0,0.0,0.0
15934,0.0,0.0,0.0,0.0
15935,0.0,0.0,0.0,0.0
15936,0.0,0.0,0.0,0.0
15937,0.0,0.0,0.0,0.0
15938,0.0,0.0,0.0,0.0
15939,0.0,0.0,0.0,0.0
15940,0.0,0.0,0.0,0.0
15941,0.0,0.0,0.0,0.0
15942,0.0,0.0,0.0,0.0
15943,0.0,0.0,0.0,0.0
15944,0.0,0.0,0.0,0.0
15945,0.0,0.0,0.0,0.0
15946,0.0,0.0,0.0,0.0
15947,0.0,0.0,0.0,0.0
15948,0.0,0.0,0.0,0.0
15949,0.0,0.0,0.0,0.0
15950,0.0,0.0,0.0,0.0
15951,0.0,0.0,0.0,0.0
15952,0.0,0.0,0.0,0.0
15953,0.0,0.0,0.0,0.0
15954,0.0,0.0,0.0,0.0
15955,0.0,0.0,0.0,0.0
15956,0.0,0.0,0.0,0.0
15957,0.0,0.0,0.0,0.0
15958,0.0,0.0,0.0,0.0
15959,0.0,0.0,0.0,0.0
15960,0.0,0.0,0.0,0.0
15961,0.0,0.0,0.0,0.0
15962,0.0,0.0,0.0,0.0
15963,0.0,0.0,0.0,0.0
15964,0.0,0.0,0.0,0.0
15965,0.0,0.0,0.0,0.0
15966,0.0,0.0,0.0,0.0
15967,0.0,0.0,0.0,0.0
15968,0.0,0.0,0.0,0.0
15969,0.0,0.0,0.0,0.0
15970,0.0,0.0,0.0,0.0
15971,0.0,0.0,0.0,0.0
15972,0.0,0.0,0.0,0.0
15973,0.0,0.0,0.0,0.0
15974,0.0,0.0,0.0,0.0
15975,0.0,0.0,0.0,0.0
15976,0.0,0.0,0.0,0.0
15977,0.0,0.0,0.0,0.0
15978,0.0,0.0,0.0,0.0
15979,0.0,0.0,0.0,0.0
15980,0.0,0.0,0.0,0.0
15981,0.0,0.0,0.0,0.0
15982,0.0,0.0,0.0,0.0
15983,0.0,0.0,0.0,0.0
15984,0.0,0.0,0.0,0.0
15985,0.0,0.0,0.0,0.0
15986,0.0,0.0,0.0,0.0
15987,0.0,0.0,0.0,0.0
15988,0.0,0.0,0.0,0.0
15989,0.0,0.0,0.0,0.0
15990,0.0,0.0,0.0,0.0
15991,0.0,0.0,0.0,0.0
15992,0.0,0.0,0.0,0.0
15993,0.0,0.0,0.0,0.0
15994,0.0,0.0,0.0,0.0
15995,0.0,0.0,0.0,0.0
15996,0.0,0.0,0.0,0.0
15997,0.0,0.0,0.0,0.0
15998,0.0,0.0,0.0,0.0
15999,0.0,0.0,0.0,0.0
16000,0.0,0.0,0.0,0.0
16001,0.0,0.0,0.0,0.0
16002,0.0,0.0,0.0,0.0
16003,0.0,0.0,0.0,0.0
16004,0.0,0.0,0.0,0.0
16005,0.0,0.0,0.0,0.0
16006,0.0,0.0,0.0,0.0
16007,0.0,0.0,0.0,0.0
16008,0.0,0.0,0.0,0.0
16009,0.0,0.0,0.0,0.0
16010,0.0,0.0,0.0,0.0
16011,0.0,0.0,0.0,0.0
16012,0.0,0.0,0.0,0.0
16013,0.0,0.0,0.0,0.0
16014,0.0,0.0,0.0,0.0
16015,0.0,0.0,0.0,0.0
16016,0.0,0.0,0.0,0.0
16017,0.0,0.0,0.0,0.0
16018,0.0,0.0,0.0,0.0
16019,0.0,0.0,0.0,0.0
16020,0.0,0.0,0.0,0.0
16021,0.0,0.0,0.0,0.0
16022,0.0,0.0,0.0,0.0
16023,0.0,0.0,0.0,0.0
16024,0.0,0.0,0.0,0.0
16025,0.0,0.0,0.0,0.0
16026,0.0,0.0,0.0,0.0
16027,0.0,0.0,0.0,0.0
16028,0.0,0.0,0.0,0.0
16029,0.0,0.0,0.0,0.0
16030,0.0,0.0,0.0,0.0
16031,0.0,0.0,0.0,0.0
16032,0.0,0.0,0.0,0.0
16033,0.0,0.0,0.0,0.0
16034,0.0,0.0,0.0,0.0
16035,0.0,0.0,0.0,0.0
16036,0.0,0.0,0.0,0.0
16037,0.0,0.0,0.0,0.0
16038,0.0,0.0,0.0,0.0
16039,0.0,0.0,0.0,0.0
16040,0.0,0.0,0.0,0.0
16041,0.0,0.0,0.0,0.0
16042,0.0,0.0,0.0,0.0
16043,0.0,0.0,0.0,0.0
16044,0.0,0.0,0.0,0.0
16045,0.0,0.0,0.0,0.0
16046,0.0,0.0,0.0,0.0
16047,0.0,0.0,0.0,0.0
16048,0.0,0.0,0.0,0.0
16049,0.0,0.0,0.0,0.0
16050,0.0,0.0,0.0,0.0
16051,0.0,0.0,0.0,0.0
16052,0.0,0.0,0.0,0.0
16053,0.0,0.0,0.0,0.0
16054,0.0,0.0,0.0,0.0
16055,0.0,0.0,0.0,0.0
16056,0.0,0.0,0.0,0.0
16057,0.0,0.0,0.0,0.0
16058,0.0,0.0,0.0,0.0
16059,0.0,0.0,0.0,0.0
16060,0.0,0.0,0.0,0.0
16061,0.0,0.0,0.0,0.0
16062,0.0,0.0,0.0,0.0
16063,0.0,0.0,0.0,0.0
16064,0.0,0.0,0.0,0.0
16065,0.0,0.0,0.0,0.0
16066,0.0,0.0,0.0,0.0
16067,0.0,0.0,0.0,0.0
16068,0.0,0.0,0.0,0.0
16069,0.0,0.0,0.0,0.0
16070,0.0,0.0,0.0,0.0
16071,0.0,0.0,0.0,0.0
16072,0.0,0.0,0.0,0.0
16073,0.0,0.0,0.0,0.0
16074,0.0,0.0,0.0,0.0
16075,0.0,0.0,0.0,0.0
16076,0.0,0.0,0.0,0.0
16077,0.0,0.0,0.0,0.0
16078,0.0,0.0,0.0,0.0
16079,0.0,0.0,0.0,0.0
16080,0.0,0.0,0.0,0.0
16081,0.0,0.0,0.0,0.0
16082,0.0,0.0,0.0,0.0
16083,0.0,0.0,0.0,0.0
16084,0.0,0.0,0.0,0.0
16085,0.0,0.0,0.0,0.0
16086,0.0,0.0,0.0,0.0
16087,0.0,0.0,0.0,0.0
16088,0.0,0.0,0.0,0.0
16089,0.0,0.0,0.0,0.0
16090,0.0,0.0,0.0,0.0
16091,0.0,0.0,0.0,0.0
16092,0.0,0.0,0.0,0.0
16093,0.0,0.0,0.0,0.0
16094,0.0,0.0,0.0,0.0
16095,0.0,0.0,0.0,0.0
16096,0.0,0.0,0.0,0.0
16097,0.0,0.0,0.0,0.0
16098,0.0,0.0,0.0,0.0
16099,0.0,0.0,0.0,0.0
16100,0.0,0.0,0.0,0.0
16101,0.0,0.0,0.0,0.0
16102,0.0,0.0,0.0,0.0
16103,0.0,0.0,0.0,0.0
16104,0.0,0.0,0.0,0.0
16105,0.0,0.0,0.0,0.0
16106,0.0,0.0,0.0,0.0
16107,0.0,0.0,0.0,0.0
16108,0.0,0.0,0.0,0.0
16109,0.0,0.0,0.0,0.0
16110,0.0,0.0,0.0,0.0
16111,0.0,0.0,0.0,0.0
16112,0.0,0.0,0.0,0.0
16113,0.0,0.0,0.0,0.0
16114,0.0,0.0,0.0,0.0
16115,0.0,0.0,0.0,0.0
16116,0.0,0.0,0.0,0.0
16117,0.0,0.0,0.0,0.0
16118,0.0,0.0,0.0,0.0
16119,0.0,0.0,0.0,0.0
16120,0.0,0.0,0.0,0.0
16121,0.0,0.0,0.0,0.0
16122,0.0,0.0,0.0,0.0
16123,0.0,0.0,0.0,0.0
16124,0.0,0.0,0.0,0.0
16125,0.0,0.0,0.0,0.0
16126,0.0,0.0,0.0,0.0
16127,0.0,0.0,0.0,0.0
16128,0.0,0.0,0.0,0.0
16129,0.0,0.0,0.0,0.0
16130,0.0,0.0,0.0,0.0
16131,0.0,0.0,0.0,0.0
16132,0.0,0.0,0.0,0.0
16133,0.0,0.0,0.0,0.0
16134,0.0,0.0,0.0,0.0
16135,0.0,0.0,0.0,0.0
16136,0.0,0.0,0.0,0.0
16137,0.0,0.0,0.0,0.0
16138,0.0,0.0,0.0,0.0
16139,0.0,0.0,0.0,0.0
16140,0.0,0.0,0.0,0.0
16141,0.0,0.0,0.0,0.0
16142,0.0,0.0,0.0,0.0
16143,0.0,0.0,0.0,0.0
16144,0.0,0.0,0.0,0.0
16145,0.0,0.0,0.0,0.0
16146,0.0,0.0,0.0,0.0
16147,0.0,0.0,0.0,0.0
16148,0.0,0.0,0.0,0.0
16149,0.0,0.0,0.0,0.0
16150,0.0,0.0,0.0,0.0
16151,0.0,0.0,0.0,0.0
16152,0.0,0.0,0.0,0.0
16153,0.0,0.0,0.0,0.0
16154,0.0,0.0,0.0,0.0
16155,0.0,0.0,0.0,0.0
16156,0.0,0.0,0.0,0.0
16157,0.0,0.0,0.0,0.0
16158,0.0,0.0,0.0,0.0
16159,0.0,0.0,0.0,0.0
16160,0.0,0.0,0.0,0.0
16161,0.0,0.0,0.0,0.0
16162,0.0,0.0,0.0,0.0
16163,0.0,0.0,0.0,0.0
16164,0.0,0.0,0.0,0.0
16165,0.0,0.0,0.0,0.0
16166,0.0,0.0,0.0,0.0
16167,0.0,0.0,0.0,0.0
16168,0.0,0.0,0.0,0.0
16169,0.0,0.0,0.0,0.0
16170,0.0,0.0,0.0,0.0
16171,0.0,0.0,0.0,0.0
16172,0.0,0.0,0.0,0.0
16173,0.0,0.0,0.0,0.0
16174,0.0,0.0,0.0,0.0
16175,0.0,0.0,0.0,0.0
16176,0.0,0.0,0.0,0.0
16177,0.0,0.0,0.0,0.0
16178,0.0,0.0,0.0,0.0
16179,0.0,0.0,0.0,0.0
16180,0.0,0.0,0.0,0.0
16181,0.0,0.0,0.0,0.0
16182,0.0,0.0,0.0,0.0
16183,0.0,0.0,0.0,0.0
16184,0.0,0.0,0.0,0.0
16185,0.0,0.0,0.0,0.0
16186,0.0,0.0,0.0,0.0
16187,0.0,0.0,0.0,0.0
16188,0.0,0.0,0.0,0.0
16189,0.0,0.0,0.0,0.0
16190,0.0,0.0,0.0,0.0
16191,0.0,0.0,0.0,0.0
16192,0.0,0.0,0.0,0.0
16193,0.0,0.0,0.0,0.0
16194,0.0,0.0,0.0,0.0
16195,0.0,0.0,0.0,0.0
16196,0.0,0.0,0.0,0.0
16197,0.0,0.0,0.0,0.0
16198,0.0,0.0,0.0,0.0
16199,0.0,0.0,0.0,0.0
16200,0.0,0.0,0.0,0.0
16201,0.0,0.0,0.0,0.0
16202,0.0,0.0,0.0,0.0
16203,0.0,0.0,0.0,0.0
16204,0.0,0.0,0.0,0.0
16205,0.0,0.0,0.0,0.0
16206,0.0,0.0,0.0,0.0
16207,0.0,0.0,0.0,0.0
16208,0.0,0.0,0.0,0.0
16209,0.0,0.0,0.0,0.0
16210,0.0,0.0,0.0,0.0
16211,0.0,0.0,0.0,0.0
16212,0.0,0.0,0.0,0.0
16213,0.0,0.0,0.0,0.0
16214,0.0,0.0,0.0,0.0
16215,0.0,0.0,0.0,0.0
16216,0.0,0.0,0.0,0.0
16217,0.0,0.0,0.0,0.0
16218,0.0,0.0,0.0,0.0
16219,0.0,0.0,0.0,0.0
16220,0.0,0.0,0.0,0.0
16221,0.0,0.0,0.0,0.0
16222,0.0,0.0,0.0,0.0
16223,0.0,0.0,0.0,0.0
16224,0.0,0.0,0.0,0.0
16225,0.0,0.0,0.0,0.0
16226,0.0,0.0,0.0,0.0
16227,0.0,0.0,0.0,0.0
16228,0.0,0.0,0.0,0.0
16229,0.0,0.0,0.0,0.0
16230,0.0,0.0,0.0,0.0
16231,0.0,0.0,0.0,0.0
16232,0.0,0.0,0.0,0.0
16233,0.0,0.0,0.0,0.0
16234,0.0,0.0,0.0,0.0
16235,0.0,0.0,0.0,0.0
16236,0.0,0.0,0.0,0.0
16237,0.0,0.0,0.0,0.0
16238,0.0,0.0,0.0,0.0
16239,0.0,0.0,0.0,0.0
16240,0.0,0.0,0.0,0.0
16241,0.0,0.0,0.0,0.0
16242,0.0,0.0,0.0,0.0
16243,0.0,0.0,0.0,0.0
16244,0.0,0.0,0.0,0.0
16245,0.0,0.0,0.0,0.0
16246,0.0,0.0,0.0,0.0
16247,0.0,0.0,0.0,0.0
16248,0.0,0.0,0.0,0.0
16249,0.0,0.0,0.0,0.0
16250,0.0,0.0,0.0,0.0
16251,0.0,0.0,0.0,0.0
16252,0.0,0.0,0.0,0.0
16253,0.0,0.0,0.0,0.0
16254,0.0,0.0,0.0,0.0
16255,0.0,0.0,0.0,0.0
16256,0.0,0.0,0.0,0.0
16257,0.0,0.0,0.0,0.0
16258,0.0,0.0,0.0,0.0
16259,0.0,0.0,0.0,0.0
16260,0.0,0.0,0.0,0.0
16261,0.0,0.0,0.0,0.0
16262,0.0,0.0,0.0,0.0
16263,0.0,0.0,0.0,0.0
16264,0.0,0.0,0.0,0.0
16265,0.0,0.0,0.0,0.0
16266,0.0,0.0,0.0,0.0
16267,0.0,0.0,0.0,0.0
16268,0.0,0.0,0.0,0.0
16269,0.0,0.0,0.0,0.0
16270,0.0,0.0,0.0,0.0
16271,0.0,0.0,0.0,0.0
16272,0.0,0.0,0.0,0.0
16273,0.0,0.0,0.0,0.0
16274,0.0,0.0,0.0,0.0
16275,0.0,0.0,0.0,0.0
16276,0.0,0.0,0.0,0.0
16277,0.0,0.0,0.0,0.0
16278,0.0,0.0,0.0,0.0
16279,0.0,0.0,0.0,0.0
16280,0.0,0.0,0.0,0.0
16281,0.0,0.0,0.0,0.0
16282,0.0,0.0,0.0,0.0
16283,0.0,0.0,0.0,0.0
16284,0.0,0.0,0.0,0.0
16285,0.0,0.0,0.0,0.0
16286,0.0,0.0,0.0,0.0
16287,0.0,0.0,0.0,0.0
16288,0.0,0.0,0.0,0.0
16289,0.0,0.0,0.0,0.0
16290,0.0,0.0,0.0,0.0
16291,0.0,0.0,0.0,0.0
16292,0.0,0.0,0.0,0.0
16293,0.0,0.0,0.0,0.0
16294,0.0,0.0,0.0,0.0
16295,0.0,0.0,0.0,0.0
16296,0.0,0.0,0.0,0.0
16297,0.0,0.0,0.0,0.0
16298,0.0,0.0,0.0,0.0
16299,0.0,0.0,0.0,0.0
16300,0.0,0.0,0.0,0.0
16301,0.0,0.0,0.0,0.0
16302,0.0,0.0,0.0,0.0
16303,0.0,0.0,0.0,0.0
16304,0.0,0.0,0.0,0.0
16305,0.0,0.0,0.0,0.0
16306,0.0,0.0,0.0,0.0
16307,0.0,0.0,0.0,0.0
16308,0.0,0.0,0.0,0.0
16309,0.0,0.0,0.0,0.0
16310,0.0,0.0,0.0,0.0
16311,0.0,0.0,0.0,0.0
16312,0.0,0.0,0.0,0.0
16313,0.0,0.0,0.0,0.0
16314,0.0,0.0,0.0,0.0
16315,0.0,0.0,0.0,0.0
16316,0.0,0.0,0.0,0.0
16317,0.0,0.0,0.0,0.0
16318,0.0,0.0,0.0,0.0
16319,0.0,0.0,0.0,0.0
16320,0.0,0.0,0.0,0.0
16321,0.0,0.0,0.0,0.0
16322,0.0,0.0,0.0,0.0
16323,0.0,0.0,0.0,0.0
16324,0.0,0.0,0.0,0.0
16325,0.0,0.0,0.0,0.0
16326,0.0,0.0,0.0,0.0
16327,0.0,0.0,0.0,0.0
16328,0.0,0.0,0.0,0.0
16329,0.0,0.0,0.0,0.0
16330,0.0,0.0,0.0,0.0
16331,0.0,0.0,0.0,0.0
16332,0.0,0.0,0.0,0.0
16333,0.0,0.0,0.0,0.0
16334,0.0,0.0,0.0,0.0
16335,0.0,0.0,0.0,0.0
16336,0.0,0.0,0.0,0.0
16337,0.0,0.0,0.0,0.0
16338,0.0,0.0,0.0,0.0
16339,0.0,0.0,0.0,0.0
16340,0.0,0.0,0.0,0.0
16341,0.0,0.0,0.0,0.0
16342,0.0,0.0,0.0,0.0
16343,0.0,0.0,0.0,0.0
16344,0.0,0.0,0.0,0.0
16345,0.0,0.0,0.0,0.0
16346,0.0,0.0,0.0,0.0
16347,0.0,0.0,0.0,0.0
16348,0.0,0.0,0.0,0.0
16349,0.0,0.0,0.0,0.0
16350,0.0,0.0,0.0,0.0
16351,0.0,0.0,0.0,0.0
16352,0.0,0.0,0.0,0.0
16353,0.0,0.0,0.0,0.0
16354,0.0,0.0,0.0,0.0
16355,0.0,0.0,0.0,0.0
16356,0.0,0.0,0.0,0.0
16357,0.0,0.0,0.0,0.0
16358,0.0,0.0,0.0,0.0
16359,0.0,0.0,0.0,0.0
16360,0.0,0.0,0.0,0.0
16361,0.0,0.0,0.0,0.0
16362,0.0,0.0,0.0,0.0
16363,0.0,0.0,0.0,0.0
16364,0.0,0.0,0.0,0.0
16365,0.0,0.0,0.0,0.0
16366,0.0,0.0,0.0,0.0
16367,0.0,0.0,0.0,0.0
16368,0.0,0.0,0.0,0.0
16369,0.0,0.0,0.0,0.0
16370,0.0,0.0,0.0,0.0
16371,0.0,0.0,0.0,0.0
16372,0.0,0.0,0.0,0.0
16373,0.0,0.0,0.0,0.0
16374,0.0,0.0,0.0,0.0
16375,0.0,0.0,0.0,0.0
16376,0.0,0.0,0.0,0.0
16377,0.0,0.0,0.0,0.0
16378,0.0,0.0,0.0,0.0
16379,0.0,0.0,0.0,0.0
16380,0.0,0.0,0.0,0.0
16381,0.0,0.0,0.0,0.0
16382,0.0,0.0,0.0,0.0
16383,0.0,0.0,0.0,0.0
16384,0.0,0.0,0.0,0.0
16385,0.0,0.0,0.0,0.0
16386,0.0,0.0,0.0,0.0
16387,0.0,0.0,0.0,0.0
16388,0.0,0.0,0.0,0.0
16389,0.0,0.0,0.0,0.0
16390,0.0,0.0,0.0,0.0
16391,0.0,0.0,0.0,0.0
16392,0.0,0.0,0.0,0.0
16393,0.0,0.0,0.0,0.0
16394,0.0,0.0,0.0,0.0
16395,0.0,0.0,0.0,0.0
16396,0.0,0.0,0.0,0.0
16397,0.0,0.0,0.0,0.0
16398,0.0,0.0,0.0,0.0
16399,0.0,0.0,0.0,0.0
16400,0.0,0.0,0.0,0.0
16401,0.0,0.0,0.0,0.0
16402,0.0,0.0,0.0,0.0
16403,0.0,0.0,0.0,0.0
16404,0.0,0.0,0.0,0.0
16405,0.0,0.0,0.0,0.0
16406,0.0,0.0,0.0,0.0
16407,0.0,0.0,0.0,0.0
16408,0.0,0.0,0.0,0.0
16409,0.0,0.0,0.0,0.0
16410,0.0,0.0,0.0,0.0
16411,0.0,0.0,0.0,0.0
16412,0.0,0.0,0.0,0.0
16413,0.0,0.0,0.0,0.0
16414,0.0,0.0,0.0,0.0
16415,0.0,0.0,0.0,0.0
16416,0.0,0.0,0.0,0.0
16417,0.0,0.0,0.0,0.0
16418,0.0,0.0,0.0,0.0
16419,0.0,0.0,0.0,0.0
16420,0.0,0.0,0.0,0.0
16421,0.0,0.0,0.0,0.0
16422,0.0,0.0,0.0,0.0
16423,0.0,0.0,0.0,0.0
16424,0.0,0.0,0.0,0.0
16425,0.0,0.0,0.0,0.0
16426,0.0,0.0,0.0,0.0
16427,0.0,0.0,0.0,0.0
16428,0.0,0.0,0.0,0.0
16429,0.0,0.0,0.0,0.0
16430,0.0,0.0,0.0,0.0
16431,0.0,0.0,0.0,0.0
16432,0.0,0.0,0.0,0.0
16433,0.0,0.0,0.0,0.0
16434,0.0,0.0,0.0,0.0
16435,0.0,0.0,0.0,0.0
16436,0.0,0.0,0.0,0.0
16437,0.0,0.0,0.0,0.0
16438,0.0,0.0,0.0,0.0
16439,0.0,0.0,0.0,0.0
16440,0.0,0.0,0.0,0.0
16441,0.0,0.0,0.0,0.0
16442,0.0,0.0,0.0,0.0
16443,0.0,0.0,0.0,0.0
16444,0.0,0.0,0.0,0.0
16445,0.0,0.0,0.0,0.0
16446,0.0,0.0,0.0,0.0
16447,0.0,0.0,0.0,0.0
16448,0.0,0.0,0.0,0.0
16449,0.0,0.0,0.0,0.0
16450,0.0,0.0,0.0,0.0
16451,0.0,0.0,0.0,0.0
16452,0.0,0.0,0.0,0.0
16453,0.0,0.0,0.0,0.0
16454,0.0,0.0,0.0,0.0
16455,0.0,0.0,0.0,0.0
16456,0.0,0.0,0.0,0.0
16457,0.0,0.0,0.0,0.0
16458,0.0,0.0,0.0,0.0
16459,0.0,0.0,0.0,0.0
16460,0.0,0.0,0.0,0.0
16461,0.0,0.0,0.0,0.0
16462,0.0,0.0,0.0,0.0
16463,0.0,0.0,0.0,0.0
16464,0.0,0.0,0.0,0.0
16465,0.0,0.0,0.0,0.0
16466,0.0,0.0,0.0,0.0
16467,0.0,0.0,0.0,0.0
16468,0.0,0.0,0.0,0.0
16469,0.0,0.0,0.0,0.0
16470,0.0,0.0,0.0,0.0
16471,0.0,0.0,0.0,0.0
16472,0.0,0.0,0.0,0.0
16473,0.0,0.0,0.0,0.0
16474,0.0,0.0,0.0,0.0
16475,0.0,0.0,0.0,0.0
16476,0.0,0.0,0.0,0.0
16477,0.0,0.0,0.0,0.0
16478,0.0,0.0,0.0,0.0
16479,0.0,0.0,0.0,0.0
16480,0.0,0.0,0.0,0.0
16481,0.0,0.0,0.0,0.0
16482,0.0,0.0,0.0,0.0
16483,0.0,0.0,0.0,0.0
16484,0.0,0.0,0.0,0.0
16485,0.0,0.0,0.0,0.0
16486,0.0,0.0,0.0,0.0
16487,0.0,0.0,0.0,0.0
16488,0.0,0.0,0.0,0.0
16489,0.0,0.0,0.0,0.0
16490,0.0,0.0,0.0,0.0
16491,0.0,0.0,0.0,0.0
16492,0.0,0.0,0.0,0.0
16493,0.0,0.0,0.0,0.0
16494,0.0,0.0,0.0,0.0
16495,0.0,0.0,0.0,0.0
16496,0.0,0.0,0.0,0.0
16497,0.0,0.0,0.0,0.0
16498,0.0,0.0,0.0,0.0
16499,0.0,0.0,0.0,0.0
16500,0.0,0.0,0.0,0.0
16501,0.0,0.0,0.0,0.0
16502,0.0,0.0,0.0,0.0
16503,0.0,0.0,0.0,0.0
16504,0.0,0.0,0.0,0.0
16505,0.0,0.0,0.0,0.0
16506,0.0,0.0,0.0,0.0
16507,0.0,0.0,0.0,0.0
16508,0.0,0.0,0.0,0.0
16509,0.0,0.0,0.0,0.0
16510,0.0,0.0,0.0,0.0
16511,0.0,0.0,0.0,0.0
16512,0.0,0.0,0.0,0.0
16513,0.0,0.0,0.0,0.0
16514,0.0,0.0,0.0,0.0
16515,0.0,0.0,0.0,0.0
16516,0.0,0.0,0.0,0.0
16517,0.0,0.0,0.0,0.0
16518,0.0,0.0,0.0,0.0
16519,0.0,0.0,0.0,0.0
16520,0.0,0.0,0.0,0.0
16521,0.0,0.0,0.0,0.0
16522,0.0,0.0,0.0,0.0
16523,0.0,0.0,0.0,0.0
16524,0.0,0.0,0.0,0.0
16525,0.0,0.0,0.0,0.0
16526,0.0,0.0,0.0,0.0
16527,0.0,0.0,0.0,0.0
16528,0.0,0.0,0.0,0.0
16529,0.0,0.0,0.0,0.0
16530,0.0,0.0,0.0,0.0
16531,0.0,0.0,0.0,0.0
16532,0.0,0.0,0.0,0.0
16533,0.0,0.0,0.0,0.0
16534,0.0,0.0,0.0,0.0
16535,0.0,0.0,0.0,0.0
16536,0.0,0.0,0.0,0.0
16537,0.0,0.0,0.0,0.0
16538,0.0,0.0,0.0,0.0
16539,0.0,0.0,0.0,0.0
16540,0.0,0.0,0.0,0.0
16541,0.0,0.0,0.0,0.0
16542,0.0,0.0,0.0,0.0
16543,0.0,0.0,0.0,0.0
16544,0.0,0.0,0.0,0.0
16545,0.0,0.0,0.0,0.0
16546,0.0,0.0,0.0,0.0
16547,0.0,0.0,0.0,0.0
16548,0.0,0.0,0.0,0.0
16549,0.0,0.0,0.0,0.0
16550,0.0,0.0,0.0,0.0
16551,0.0,0.0,0.0,0.0
16552,0.0,0.0,0.0,0.0
16553,0.0,0.0,0.0,0.0
16554,0.0,0.0,0.0,0.0
16555,0.0,0.0,0.0,0.0
16556,0.0,0.0,0.0,0.0
16557,0.0,0.0,0.0,0.0
16558,0.0,0.0,0.0,0.0
16559,0.0,0.0,0.0,0.0
16560,0.0,0.0,0.0,0.0
16561,0.0,0.0,0.0,0.0
16562,0.0,0.0,0.0,0.0
16563,0.0,0.0,0.0,0.0
16564,0.0,0.0,0.0,0.0
16565,0.0,0.0,0.0,0.0
16566,0.0,0.0,0.0,0.0
16567,0.0,0.0,0.0,0.0
16568,0.0,0.0,0.0,0.0
16569,0.0,0.0,0.0,0.0
16570,0.0,0.0,0.0,0.0
16571,0.0,0.0,0.0,0.0
16572,0.0,0.0,0.0,0.0
16573,0.0,0.0,0.0,0.0
16574,0.0,0.0,0.0,0.0
16575,0.0,0.0,0.0,0.0
16576,0.0,0.0,0.0,0.0
16577,0.0,0.0,0.0,0.0
16578,0.0,0.0,0.0,0.0
16579,0.0,0.0,0.0,0.0
16580,0.0,0.0,0.0,0.0
16581,0.0,0.0,0.0,0.0
16582,0.0,0.0,0.0,0.0
16583,0.0,0.0,0.0,0.0
16584,0.0,0.0,0.0,0.0
16585,0.0,0.0,0.0,0.0
16586,0.0,0.0,0.0,0.0
16587,0.0,0.0,0.0,0.0
16588,0.0,0.0,0.0,0.0
16589,0.0,0.0,0.0,0.0
16590,0.0,0.0,0.0,0.0
16591,0.0,0.0,0.0,0.0
16592,0.0,0.0,0.0,0.0
16593,0.0,0.0,0.0,0.0
16594,0.0,0.0,0.0,0.0
16595,0.0,0.0,0.0,0.0
16596,0.0,0.0,0.0,0.0
16597,0.0,0.0,0.0,0.0
16598,0.0,0.0,0.0,0.0
16599,0.0,0.0,0.0,0.0
16600,0.0,0.0,0.0,0.0
16601,0.0,0.0,0.0,0.0
16602,0.0,0.0,0.0,0.0
16603,0.0,0.0,0.0,0.0
16604,0.0,0.0,0.0,0.0
16605,0.0,0.0,0.0,0.0
16606,0.0,0.0,0.0,0.0
16607,0.0,0.0,0.0,0.0
16608,0.0,0.0,0.0,0.0
16609,0.0,0.0,0.0,0.0
16610,0.0,0.0,0.0,0.0
16611,0.0,0.0,0.0,0.0
16612,0.0,0.0,0.0,0.0
16613,0.0,0.0,0.0,0.0
16614,0.0,0.0,0.0,0.0
16615,0.0,0.0,0.0,0.0
16616,0.0,0.0,0.0,0.0
16617,0.0,0.0,0.0,0.0
16618,0.0,0.0,0.0,0.0
16619,0.0,0.0,0.0,0.0
16620,0.0,0.0,0.0,0.0
16621,0.0,0.0,0.0,0.0
16622,0.0,0.0,0.0,0.0
16623,0.0,0.0,0.0,0.0
16624,0.0,0.0,0.0,0.0
16625,0.0,0.0,0.0,0.0
16626,0.0,0.0,0.0,0.0
16627,0.0,0.0,0.0,0.0
16628,0.0,0.0,0.0,0.0
16629,0.0,0.0,0.0,0.0
16630,0.0,0.0,0.0,0.0
16631,0.0,0.0,0.0,0.0
16632,0.0,0.0,0.0,0.0
16633,0.0,0.0,0.0,0.0
16634,0.0,0.0,0.0,0.0
16635,0.0,0.0,0.0,0.0
16636,0.0,0.0,0.0,0.0
16637,0.0,0.0,0.0,0.0
16638,0.0,0.0,0.0,0.0
16639,0.0,0.0,0.0,0.0
16640,0.0,0.0,0.0,0.0
16641,0.0,0.0,0.0,0.0
16642,0.0,0.0,0.0,0.0
16643,0.0,0.0,0.0,0.0
16644,0.0,0.0,0.0,0.0
16645,0.0,0.0,0.0,0.0
16646,0.0,0.0,0.0,0.0
16647,0.0,0.0,0.0,0.0
16648,0.0,0.0,0.0,0.0
16649,0.0,0.0,0.0,0.0
16650,0.0,0.0,0.0,0.0
16651,0.0,0.0,0.0,0.0
16652,0.0,0.0,0.0,0.0
16653,0.0,0.0,0.0,0.0
16654,0.0,0.0,0.0,0.0
16655,0.0,0.0,0.0,0.0
16656,0.0,0.0,0.0,0.0
16657,0.0,0.0,0.0,0.0
16658,0.0,0.0,0.0,0.0
16659,0.0,0.0,0.0,0.0
16660,0.0,0.0,0.0,0.0
16661,0.0,0.0,0.0,0.0
16662,0.0,0.0,0.0,0.0
16663,0.0,0.0,0.0,0.0
16664,0.0,0.0,0.0,0.0
16665,0.0,0.0,0.0,0.0
16666,0.0,0.0,0.0,0.0
16667,0.0,0.0,0.0,0.0
16668,0.0,0.0,0.0,0.0
16669,0.0,0.0,0.0,0.0
16670,0.0,0.0,0.0,0.0
16671,0.0,0.0,0.0,0.0
16672,0.0,0.0,0.0,0.0
16673,0.0,0.0,0.0,0.0
16674,0.0,0.0,0.0,0.0
16675,0.0,0.0,0.0,0.0
16676,0.0,0.0,0.0,0.0
16677,0.0,0.0,0.0,0.0
16678,0.0,0.0,0.0,0.0
16679,0.0,0.0,0.0,0.0
16680,0.0,0.0,0.0,0.0
16681,0.0,0.0,0.0,0.0
16682,0.0,0.0,0.0,0.0
16683,0.0,0.0,0.0,0.0
16684,0.0,0.0,0.0,0.0
16685,0.0,0.0,0.0,0.0
16686,0.0,0.0,0.0,0.0
16687,0.0,0.0,0.0,0.0
16688,0.0,0.0,0.0,0.0
16689,0.0,0.0,0.0,0.0
16690,0.0,0.0,0.0,0.0
16691,0.0,0.0,0.0,0.0
16692,0.0,0.0,0.0,0.0
16693,0.0,0.0,0.0,0.0
16694,0.0,0.0,0.0,0.0
16695,0.0,0.0,0.0,0.0
16696,0.0,0.0,0.0,0.0
16697,0.0,0.0,0.0,0.0
16698,0.0,0.0,0.0,0.0
16699,0.0,0.0,0.0,0.0
16700,0.0,0.0,0.0,0.0
16701,0.0,0.0,0.0,0.0
16702,0.0,0.0,0.0,0.0
16703,0.0,0.0,0.0,0.0
16704,0.0,0.0,0.0,0.0
16705,0.0,0.0,0.0,0.0
16706,0.0,0.0,0.0,0.0
16707,0.0,0.0,0.0,0.0
16708,0.0,0.0,0.0,0.0
16709,0.0,0.0,0.0,0.0
16710,0.0,0.0,0.0,0.0
16711,0.0,0.0,0.0,0.0
16712,0.0,0.0,0.0,0.0
16713,0.0,0.0,0.0,0.0
16714,0.0,0.0,0.0,0.0
16715,0.0,0.0,0.0,0.0
16716,0.0,0.0,0.0,0.0
16717,0.0,0.0,0.0,0.0
16718,0.0,0.0,0.0,0.0
16719,0.0,0.0,0.0,0.0
16720,0.0,0.0,0.0,0.0
16721,0.0,0.0,0.0,0.0
16722,0.0,0.0,0.0,0.0
16723,0.0,0.0,0.0,0.0
16724,0.0,0.0,0.0,0.0
16725,0.0,0.0,0.0,0.0
16726,0.0,0.0,0.0,0.0
16727,0.0,0.0,0.0,0.0
16728,0.0,0.0,0.0,0.0
16729,0.0,0.0,0.0,0.0
16730,0.0,0.0,0.0,0.0
16731,0.0,0.0,0.0,0.0
16732,0.0,0.0,0.0,0.0
16733,0.0,0.0,0.0,0.0
16734,0.0,0.0,0.0,0.0
16735,0.0,0.0,0.0,0.0
16736,0.0,0.0,0.0,0.0
16737,0.0,0.0,0.0,0.0
16738,0.0,0.0,0.0,0.0
16739,0.0,0.0,0.0,0.0
16740,0.0,0.0,0.0,0.0
16741,0.0,0.0,0.0,0.0
16742,0.0,0.0,0.0,0.0
16743,0.0,0.0,0.0,0.0
16744,0.0,0.0,0.0,0.0
16745,0.0,0.0,0.0,0.0
16746,0.0,0.0,0.0,0.0
16747,0.0,0.0,0.0,0.0
16748,0.0,0.0,0.0,0.0
16749,0.0,0.0,0.0,0.0
16750,0.0,0.0,0.0,0.0
16751,0.0,0.0,0.0,0.0
16752,0.0,0.0,0.0,0.0
16753,0.0,0.0,0.0,0.0
16754,0.0,0.0,0.0,0.0
16755,0.0,0.0,0.0,0.0
16756,0.0,0.0,0.0,0.0
16757,0.0,0.0,0.0,0.0
16758,0.0,0.0,0.0,0.0
16759,0.0,0.0,0.0,0.0
16760,0.0,0.0,0.0,0.0
16761,0.0,0.0,0.0,0.0
16762,0.0,0.0,0.0,0.0
16763,0.0,0.0,0.0,0.0
16764,0.0,0.0,0.0,0.0
16765,0.0,0.0,0.0,0.0
16766,0.0,0.0,0.0,0.0
16767,0.0,0.0,0.0,0.0
16768,0.0,0.0,0.0,0.0
16769,0.0,0.0,0.0,0.0
16770,0.0,0.0,0.0,0.0
16771,0.0,0.0,0.0,0.0
16772,0.0,0.0,0.0,0.0
16773,0.0,0.0,0.0,0.0
16774,0.0,0.0,0.0,0.0
16775,0.0,0.0,0.0,0.0
16776,0.0,0.0,0.0,0.0
16777,0.0,0.0,0.0,0.0
16778,0.0,0.0,0.0,0.0
16779,0.0,0.0,0.0,0.0
16780,0.0,0.0,0.0,0.0
16781,0.0,0.0,0.0,0.0
16782,0.0,0.0,0.0,0.0
16783,0.0,0.0,0.0,0.0
16784,0.0,0.0,0.0,0.0
16785,0.0,0.0,0.0,0.0
16786,0.0,0.0,0.0,0.0
16787,0.0,0.0,0.0,0.0
16788,0.0,0.0,0.0,0.0
16789,0.0,0.0,0.0,0.0
16790,0.0,0.0,0.0,0.0
16791,0.0,0.0,0.0,0.0
16792,0.0,0.0,0.0,0.0
16793,0.0,0.0,0.0,0.0
16794,0.0,0.0,0.0,0.0
16795,0.0,0.0,0.0,0.0
16796,0.0,0.0,0.0,0.0
16797,0.0,0.0,0.0,0.0
16798,0.0,0.0,0.0,0.0
16799,0.0,0.0,0.0,0.0
16800,0.0,0.0,0.0,0.0
16801,0.0,0.0,0.0,0.0
16802,0.0,0.0,0.0,0.0
16803,0.0,0.0,0.0,0.0
16804,0.0,0.0,0.0,0.0
16805,0.0,0.0,0.0,0.0
16806,0.0,0.0,0.0,0.0
16807,0.0,0.0,0.0,0.0
16808,0.0,0.0,0.0,0.0
16809,0.0,0.0,0.0,0.0
16810,0.0,0.0,0.0,0.0
16811,0.0,0.0,0.0,0.0
16812,0.0,0.0,0.0,0.0
16813,0.0,0.0,0.0,0.0
16814,0.0,0.0,0.0,0.0
16815,0.0,0.0,0.0,0.0
16816,0.0,0.0,0.0,0.0
16817,0.0,0.0,0.0,0.0
16818,0.0,0.0,0.0,0.0
16819,0.0,0.0,0.0,0.0
16820,0.0,0.0,0.0,0.0
16821,0.0,0.0,0.0,0.0
16822,0.0,0.0,0.0,0.0
16823,0.0,0.0,0.0,0.0
16824,0.0,0.0,0.0,0.0
16825,0.0,0.0,0.0,0.0
16826,0.0,0.0,0.0,0.0
16827,0.0,0.0,0.0,0.0
16828,0.0,0.0,0.0,0.0
16829,0.0,0.0,0.0,0.0
16830,0.0,0.0,0.0,0.0
16831,0.0,0.0,0.0,0.0
16832,0.0,0.0,0.0,0.0
16833,0.0,0.0,0.0,0.0
16834,0.0,0.0,0.0,0.0
16835,0.0,0.0,0.0,0.0
16836,0.0,0.0,0.0,0.0
16837,0.0,0.0,0.0,0.0
16838,0.0,0.0,0.0,0.0
16839,0.0,0.0,0.0,0.0
16840,0.0,0.0,0.0,0.0
16841,0.0,0.0,0.0,0.0
16842,0.0,0.0,0.0,0.0
16843,0.0,0.0,0.0,0.0
16844,0.0,0.0,0.0,0.0
16845,0.0,0.0,0.0,0.0
16846,0.0,0.0,0.0,0.0
16847,0.0,0.0,0.0,0.0
16848,0.0,0.0,0.0,0.0
16849,0.0,0.0,0.0,0.0
16850,0.0,0.0,0.0,0.0
16851,0.0,0.0,0.0,0.0
16852,0.0,0.0,0.0,0.0
16853,0.0,0.0,0.0,0.0
16854,0.0,0.0,0.0,0.0
16855,0.0,0.0,0.0,0.0
16856,0.0,0.0,0.0,0.0
16857,0.0,0.0,0.0,0.0
16858,0.0,0.0,0.0,0.0
16859,0.0,0.0,0.0,0.0
16860,0.0,0.0,0.0,0.0
16861,0.0,0.0,0.0,0.0
16862,0.0,0.0,0.0,0.0
16863,0.0,0.0,0.0,0.0
16864,0.0,0.0,0.0,0.0
16865,0.0,0.0,0.0,0.0
16866,0.0,0.0,0.0,0.0
16867,0.0,0.0,0.0,0.0
16868,0.0,0.0,0.0,0.0
16869,0.0,0.0,0.0,0.0
16870,0.0,0.0,0.0,0.0
16871,0.0,0.0,0.0,0.0
16872,0.0,0.0,0.0,0.0
16873,0.0,0.0,0.0,0.0
16874,0.0,0.0,0.0,0.0
16875,0.0,0.0,0.0,0.0
16876,0.0,0.0,0.0,0.0
16877,0.0,0.0,0.0,0.0
16878,0.0,0.0,0.0,0.0
16879,0.0,0.0,0.0,0.0
16880,0.0,0.0,0.0,0.0
16881,0.0,0.0,0.0,0.0
16882,0.0,0.0,0.0,0.0
16883,0.0,0.0,0.0,0.0
16884,0.0,0.0,0.0,0.0
16885,0.0,0.0,0.0,0.0
16886,0.0,0.0,0.0,0.0
16887,0.0,0.0,0.0,0.0
16888,0.0,0.0,0.0,0.0
16889,0.0,0.0,0.0,0.0
16890,0.0,0.0,0.0,0.0
16891,0.0,0.0,0.0,0.0
16892,0.0,0.0,0.0,0.0
16893,0.0,0.0,0.0,0.0
16894,0.0,0.0,0.0,0.0
16895,0.0,0.0,0.0,0.0
16896,0.0,0.0,0.0,0.0
16897,0.0,0.0,0.0,0.0
16898,0.0,0.0,0.0,0.0
16899,0.0,0.0,0.0,0.0
16900,0.0,0.0,0.0,0.0
16901,0.0,0.0,0.0,0.0
16902,0.0,0.0,0.0,0.0
16903,0.0,0.0,0.0,0.0
16904,0.0,0.0,0.0,0.0
16905,0.0,0.0,0.0,0.0
16906,0.0,0.0,0.0,0.0
16907,0.0,0.0,0.0,0.0
16908,0.0,0.0,0.0,0.0
16909,0.0,0.0,0.0,0.0
16910,0.0,0.0,0.0,0.0
16911,0.0,0.0,0.0,0.0
16912,0.0,0.0,0.0,0.0
16913,0.0,0.0,0.0,0.0
16914,0.0,0.0,0.0,0.0
16915,0.0,0.0,0.0,0.0
16916,0.0,0.0,0.0,0.0
16917,0.0,0.0,0.0,0.0
16918,0.0,0.0,0.0,0.0
16919,0.0,0.0,0.0,0.0
16920,0.0,0.0,0.0,0.0
16921,0.0,0.0,0.0,0.0
16922,0.0,0.0,0.0,0.0
16923,0.0,0.0,0.0,0.0
16924,0.0,0.0,0.0,0.0
16925,0.0,0.0,0.0,0.0
16926,0.0,0.0,0.0,0.0
16927,0.0,0.0,0.0,0.0
16928,0.0,0.0,0.0,0.0
16929,0.0,0.0,0.0,0.0
16930,0.0,0.0,0.0,0.0
16931,0.0,0.0,0.0,0.0
16932,0.0,0.0,0.0,0.0
16933,0.0,0.0,0.0,0.0
16934,0.0,0.0,0.0,0.0
16935,0.0,0.0,0.0,0.0
16936,0.0,0.0,0.0,0.0
16937,0.0,0.0,0.0,0.0
16938,0.0,0.0,0.0,0.0
16939,0.0,0.0,0.0,0.0
16940,0.0,0.0,0.0,0.0
16941,0.0,0.0,0.0,0.0
16942,0.0,0.0,0.0,0.0
16943,0.0,0.0,0.0,0.0
16944,0.0,0.0,0.0,0.0
16945,0.0,0.0,0.0,0.0
16946,0.0,0.0,0.0,0.0
16947,0.0,0.0,0.0,0.0
16948,0.0,0.0,0.0,0.0
16949,0.0,0.0,0.0,0.0
16950,0.0,0.0,0.0,0.0
16951,0.0,0.0,0.0,0.0
16952,0.0,0.0,0.0,0.0
16953,0.0,0.0,0.0,0.0
16954,0.0,0.0,0.0,0.0
16955,0.0,0.0,0.0,0.0
16956,0.0,0.0,0.0,0.0
16957,0.0,0.0,0.0,0.0
16958,0.0,0.0,0.0,0.0
16959,0.0,0.0,0.0,0.0
16960,0.0,0.0,0.0,0.0
16961,0.0,0.0,0.0,0.0
16962,0.0,0.0,0.0,0.0
16963,0.0,0.0,0.0,0.0
16964,0.0,0.0,0.0,0.0
16965,0.0,0.0,0.0,0.0
16966,0.0,0.0,0.0,0.0
16967,0.0,0.0,0.0,0.0
16968,0.0,0.0,0.0,0.0
16969,0.0,0.0,0.0,0.0
16970,0.0,0.0,0.0,0.0
16971,0.0,0.0,0.0,0.0
16972,0.0,0.0,0.0,0.0
16973,0.0,0.0,0.0,0.0
16974,0.0,0.0,0.0,0.0
16975,0.0,0.0,0.0,0.0
16976,0.0,0.0,0.0,0.0
16977,0.0,0.0,0.0,0.0
16978,0.0,0.0,0.0,0.0
16979,0.0,0.0,0.0,0.0
16980,0.0,0.0,0.0,0.0
16981,0.0,0.0,0.0,0.0
16982,0.0,0.0,0.0,0.0
16983,0.0,0.0,0.0,0.0
16984,0.0,0.0,0.0,0.0
16985,0.0,0.0,0.0,0.0
16986,0.0,0.0,0.0,0.0
16987,0.0,0.0,0.0,0.0
16988,0.0,0.0,0.0,0.0
16989,0.0,0.0,0.0,0.0
16990,0.0,0.0,0.0,0.0
16991,0.0,0.0,0.0,0.0
16992,0.0,0.0,0.0,0.0
16993,0.0,0.0,0.0,0.0
16994,0.0,0.0,0.0,0.0
16995,0.0,0.0,0.0,0.0
16996,0.0,0.0,0.0,0.0
16997,0.0,0.0,0.0,0.0
16998,0.0,0.0,0.0,0.0
16999,0.0,0.0,0.0,0.0
17000,0.0,0.0,0.0,0.0
17001,0.0,0.0,0.0,0.0
17002,0.0,0.0,0.0,0.0
17003,0.0,0.0,0.0,0.0
17004,0.0,0.0,0.0,0.0
17005,0.0,0.0,0.0,0.0
17006,0.0,0.0,0.0,0.0
17007,0.0,0.0,0.0,0.0
17008,0.0,0.0,0.0,0.0
17009,0.0,0.0,0.0,0.0
17010,0.0,0.0,0.0,0.0
17011,0.0,0.0,0.0,0.0
17012,0.0,0.0,0.0,0.0
17013,0.0,0.0,0.0,0.0
17014,0.0,0.0,0.0,0.0
17015,0.0,0.0,0.0,0.0
17016,0.0,0.0,0.0,0.0
17017,0.0,0.0,0.0,0.0
17018,0.0,0.0,0.0,0.0
17019,0.0,0.0,0.0,0.0
17020,0.0,0.0,0.0,0.0
17021,0.0,0.0,0.0,0.0
17022,0.0,0.0,0.0,0.0
17023,0.0,0.0,0.0,0.0
17024,0.0,0.0,0.0,0.0
17025,0.0,0.0,0.0,0.0
17026,0.0,0.0,0.0,0.0
17027,0.0,0.0,0.0,0.0
17028,0.0,0.0,0.0,0.0
17029,0.0,0.0,0.0,0.0
17030,0.0,0.0,0.0,0.0
17031,0.0,0.0,0.0,0.0
17032,0.0,0.0,0.0,0.0
17033,0.0,0.0,0.0,0.0
17034,0.0,0.0,0.0,0.0
17035,0.0,0.0,0.0,0.0
17036,0.0,0.0,0.0,0.0
17037,0.0,0.0,0.0,0.0
17038,0.0,0.0,0.0,0.0
17039,0.0,0.0,0.0,0.0
17040,0.0,0.0,0.0,0.0
17041,0.0,0.0,0.0,0.0
17042,0.0,0.0,0.0,0.0
17043,0.0,0.0,0.0,0.0
17044,0.0,0.0,0.0,0.0
17045,0.0,0.0,0.0,0.0
17046,0.0,0.0,0.0,0.0
17047,0.0,0.0,0.0,0.0
17048,0.0,0.0,0.0,0.0
17049,0.0,0.0,0.0,0.0
17050,0.0,0.0,0.0,0.0
17051,0.0,0.0,0.0,0.0
17052,0.0,0.0,0.0,0.0
17053,0.0,0.0,0.0,0.0
17054,0.0,0.0,0.0,0.0
17055,0.0,0.0,0.0,0.0
17056,0.0,0.0,0.0,0.0
17057,0.0,0.0,0.0,0.0
17058,0.0,0.0,0.0,0.0
17059,0.0,0.0,0.0,0.0
17060,0.0,0.0,0.0,0.0
17061,0.0,0.0,0.0,0.0
17062,0.0,0.0,0.0,0.0
17063,0.0,0.0,0.0,0.0
17064,0.0,0.0,0.0,0.0
17065,0.0,0.0,0.0,0.0
17066,0.0,0.0,0.0,0.0
17067,0.0,0.0,0.0,0.0
17068,0.0,0.0,0.0,0.0
17069,0.0,0.0,0.0,0.0
17070,0.0,0.0,0.0,0.0
17071,0.0,0.0,0.0,0.0
17072,0.0,0.0,0.0,0.0
17073,0.0,0.0,0.0,0.0
17074,0.0,0.0,0.0,0.0
17075,0.0,0.0,0.0,0.0
17076,0.0,0.0,0.0,0.0
17077,0.0,0.0,0.0,0.0
17078,0.0,0.0,0.0,0.0
17079,0.0,0.0,0.0,0.0
17080,0.0,0.0,0.0,0.0
17081,0.0,0.0,0.0,0.0
17082,0.0,0.0,0.0,0.0
17083,0.0,0.0,0.0,0.0
17084,0.0,0.0,0.0,0.0
17085,0.0,0.0,0.0,0.0
17086,0.0,0.0,0.0,0.0
17087,0.0,0.0,0.0,0.0
17088,0.0,0.0,0.0,0.0
17089,0.0,0.0,0.0,0.0
17090,0.0,0.0,0.0,0.0
17091,0.0,0.0,0.0,0.0
17092,0.0,0.0,0.0,0.0
17093,0.0,0.0,0.0,0.0
17094,0.0,0.0,0.0,0.0
17095,0.0,0.0,0.0,0.0
17096,0.0,0.0,0.0,0.0
17097,0.0,0.0,0.0,0.0
17098,0.0,0.0,0.0,0.0
17099,0.0,0.0,0.0,0.0
17100,0.0,0.0,0.0,0.0
17101,0.0,0.0,0.0,0.0
17102,0.0,0.0,0.0,0.0
17103,0.0,0.0,0.0,0.0
17104,0.0,0.0,0.0,0.0
17105,0.0,0.0,0.0,0.0
17106,0.0,0.0,0.0,0.0
17107,0.0,0.0,0.0,0.0
17108,0.0,0.0,0.0,0.0
17109,0.0,0.0,0.0,0.0
17110,0.0,0.0,0.0,0.0
17111,0.0,0.0,0.0,0.0
17112,0.0,0.0,0.0,0.0
17113,0.0,0.0,0.0,0.0
17114,0.0,0.0,0.0,0.0
17115,0.0,0.0,0.0,0.0
17116,0.0,0.0,0.0,0.0
17117,0.0,0.0,0.0,0.0
17118,0.0,0.0,0.0,0.0
17119,0.0,0.0,0.0,0.0
17120,0.0,0.0,0.0,0.0
17121,0.0,0.0,0.0,0.0
17122,0.0,0.0,0.0,0.0
17123,0.0,0.0,0.0,0.0
17124,0.0,0.0,0.0,0.0
17125,0.0,0.0,0.0,0.0
17126,0.0,0.0,0.0,0.0
17127,0.0,0.0,0.0,0.0
17128,0.0,0.0,0.0,0.0
17129,0.0,0.0,0.0,0.0
17130,0.0,0.0,0.0,0.0
17131,0.0,0.0,0.0,0.0
17132,0.0,0.0,0.0,0.0
17133,0.0,0.0,0.0,0.0
17134,0.0,0.0,0.0,0.0
17135,0.0,0.0,0.0,0.0
17136,0.0,0.0,0.0,0.0
17137,0.0,0.0,0.0,0.0
17138,0.0,0.0,0.0,0.0
17139,0.0,0.0,0.0,0.0
17140,0.0,0.0,0.0,0.0
17141,0.0,0.0,0.0,0.0
17142,0.0,0.0,0.0,0.0
17143,0.0,0.0,0.0,0.0
17144,0.0,0.0,0.0,0.0
17145,0.0,0.0,0.0,0.0
17146,0.0,0.0,0.0,0.0
17147,0.0,0.0,0.0,0.0
17148,0.0,0.0,0.0,0.0
17149,0.0,0.0,0.0,0.0
17150,0.0,0.0,0.0,0.0
17151,0.0,0.0,0.0,0.0
17152,0.0,0.0,0.0,0.0
17153,0.0,0.0,0.0,0.0
17154,0.0,0.0,0.0,0.0
17155,0.0,0.0,0.0,0.0
17156,0.0,0.0,0.0,0.0
17157,0.0,0.0,0.0,0.0
17158,0.0,0.0,0.0,0.0
17159,0.0,0.0,0.0,0.0
17160,0.0,0.0,0.0,0.0
17161,0.0,0.0,0.0,0.0
17162,0.0,0.0,0.0,0.0
17163,0.0,0.0,0.0,0.0
17164,0.0,0.0,0.0,0.0
17165,0.0,0.0,0.0,0.0
17166,0.0,0.0,0.0,0.0
17167,0.0,0.0,0.0,0.0
17168,0.0,0.0,0.0,0.0
17169,0.0,0.0,0.0,0.0
17170,0.0,0.0,0.0,0.0
17171,0.0,0.0,0.0,0.0
17172,0.0,0.0,0.0,0.0
17173,0.0,0.0,0.0,0.0
17174,0.0,0.0,0.0,0.0
17175,0.0,0.0,0.0,0.0
17176,0.0,0.0,0.0,0.0
17177,0.0,0.0,0.0,0.0
17178,0.0,0.0,0.0,0.0
17179,0.0,0.0,0.0,0.0
17180,0.0,0.0,0.0,0.0
17181,0.0,0.0,0.0,0.0
17182,0.0,0.0,0.0,0.0
17183,0.0,0.0,0.0,0.0
17184,0.0,0.0,0.0,0.0
17185,0.0,0.0,0.0,0.0
17186,0.0,0.0,0.0,0.0
17187,0.0,0.0,0.0,0.0
17188,0.0,0.0,0.0,0.0
17189,0.0,0.0,0.0,0.0
17190,0.0,0.0,0.0,0.0
17191,0.0,0.0,0.0,0.0
17192,0.0,0.0,0.0,0.0
17193,0.0,0.0,0.0,0.0
17194,0.0,0.0,0.0,0.0
17195,0.0,0.0,0.0,0.0
17196,0.0,0.0,0.0,0.0
17197,0.0,0.0,0.0,0.0
17198,0.0,0.0,0.0,0.0
17199,0.0,0.0,0.0,0.0
17200,0.0,0.0,0.0,0.0
17201,0.0,0.0,0.0,0.0
17202,0.0,0.0,0.0,0.0
17203,0.0,0.0,0.0,0.0
17204,0.0,0.0,0.0,0.0
17205,0.0,0.0,0.0,0.0
17206,0.0,0.0,0.0,0.0
17207,0.0,0.0,0.0,0.0
17208,0.0,0.0,0.0,0.0
17209,0.0,0.0,0.0,0.0
17210,0.0,0.0,0.0,0.0
17211,0.0,0.0,0.0,0.0
17212,0.0,0.0,0.0,0.0
17213,0.0,0.0,0.0,0.0
17214,0.0,0.0,0.0,0.0
17215,0.0,0.0,0.0,0.0
17216,0.0,0.0,0.0,0.0
17217,0.0,0.0,0.0,0.0
17218,0.0,0.0,0.0,0.0
17219,0.0,0.0,0.0,0.0
17220,0.0,0.0,0.0,0.0
17221,0.0,0.0,0.0,0.0
17222,0.0,0.0,0.0,0.0
17223,0.0,0.0,0.0,0.0
17224,0.0,0.0,0.0,0.0
17225,0.0,0.0,0.0,0.0
17226,0.0,0.0,0.0,0.0
17227,0.0,0.0,0.0,0.0
17228,0.0,0.0,0.0,0.0
17229,0.0,0.0,0.0,0.0
17230,0.0,0.0,0.0,0.0
17231,0.0,0.0,0.0,0.0
17232,0.0,0.0,0.0,0.0
17233,0.0,0.0,0.0,0.0
17234,0.0,0.0,0.0,0.0
17235,0.0,0.0,0.0,0.0
17236,0.0,0.0,0.0,0.0
17237,0.0,0.0,0.0,0.0
17238,0.0,0.0,0.0,0.0
17239,0.0,0.0,0.0,0.0
17240,0.0,0.0,0.0,0.0
17241,0.0,0.0,0.0,0.0
17242,0.0,0.0,0.0,0.0
17243,0.0,0.0,0.0,0.0
17244,0.0,0.0,0.0,0.0
17245,0.0,0.0,0.0,0.0
17246,0.0,0.0,0.0,0.0
17247,0.0,0.0,0.0,0.0
17248,0.0,0.0,0.0,0.0
17249,0.0,0.0,0.0,0.0
17250,0.0,0.0,0.0,0.0
17251,0.0,0.0,0.0,0.0
17252,0.0,0.0,0.0,0.0
17253,0.0,0.0,0.0,0.0
17254,0.0,0.0,0.0,0.0
17255,0.0,0.0,0.0,0.0
17256,0.0,0.0,0.0,0.0
17257,0.0,0.0,0.0,0.0
17258,0.0,0.0,0.0,0.0
17259,0.0,0.0,0.0,0.0
17260,0.0,0.0,0.0,0.0
17261,0.0,0.0,0.0,0.0
17262,0.0,0.0,0.0,0.0
17263,0.0,0.0,0.0,0.0
17264,0.0,0.0,0.0,0.0
17265,0.0,0.0,0.0,0.0
17266,0.0,0.0,0.0,0.0
17267,0.0,0.0,0.0,0.0
17268,0.0,0.0,0.0,0.0
17269,0.0,0.0,0.0,0.0
17270,0.0,0.0,0.0,0.0
17271,0.0,0.0,0.0,0.0
17272,0.0,0.0,0.0,0.0
17273,0.0,0.0,0.0,0.0
17274,0.0,0.0,0.0,0.0
17275,0.0,0.0,0.0,0.0
17276,0.0,0.0,0.0,0.0
17277,0.0,0.0,0.0,0.0
17278,0.0,0.0,0.0,0.0
17279,0.0,0.0,0.0,0.0
17280,0.0,0.0,0.0,0.0
17281,0.0,0.0,0.0,0.0
17282,0.0,0.0,0.0,0.0
17283,0.0,0.0,0.0,0.0
17284,0.0,0.0,0.0,0.0
17285,0.0,0.0,0.0,0.0
17286,0.0,0.0,0.0,0.0
17287,0.0,0.0,0.0,0.0
17288,0.0,0.0,0.0,0.0
17289,0.0,0.0,0.0,0.0
17290,0.0,0.0,0.0,0.0
17291,0.0,0.0,0.0,0.0
17292,0.0,0.0,0.0,0.0
17293,0.0,0.0,0.0,0.0
17294,0.0,0.0,0.0,0.0
17295,0.0,0.0,0.0,0.0
17296,0.0,0.0,0.0,0.0
17297,0.0,0.0,0.0,0.0
17298,0.0,0.0,0.0,0.0
17299,0.0,0.0,0.0,0.0
17300,0.0,0.0,0.0,0.0
17301,0.0,0.0,0.0,0.0
17302,0.0,0.0,0.0,0.0
17303,0.0,0.0,0.0,0.0
17304,0.0,0.0,0.0,0.0
17305,0.0,0.0,0.0,0.0
17306,0.0,0.0,0.0,0.0
17307,0.0,0.0,0.0,0.0
17308,0.0,0.0,0.0,0.0
17309,0.0,0.0,0.0,0.0
17310,0.0,0.0,0.0,0.0
17311,0.0,0.0,0.0,0.0
17312,0.0,0.0,0.0,0.0
17313,0.0,0.0,0.0,0.0
17314,0.0,0.0,0.0,0.0
17315,0.0,0.0,0.0,0.0
17316,0.0,0.0,0.0,0.0
17317,0.0,0.0,0.0,0.0
17318,0.0,0.0,0.0,0.0
17319,0.0,0.0,0.0,0.0
17320,0.0,0.0,0.0,0.0
17321,0.0,0.0,0.0,0.0
17322,0.0,0.0,0.0,0.0
17323,0.0,0.0,0.0,0.0
17324,0.0,0.0,0.0,0.0
17325,0.0,0.0,0.0,0.0
17326,0.0,0.0,0.0,0.0
17327,0.0,0.0,0.0,0.0
17328,0.0,0.0,0.0,0.0
17329,0.0,0.0,0.0,0.0
17330,0.0,0.0,0.0,0.0
17331,0.0,0.0,0.0,0.0
17332,0.0,0.0,0.0,0.0
17333,0.0,0.0,0.0,0.0
17334,0.0,0.0,0.0,0.0
17335,0.0,0.0,0.0,0.0
17336,0.0,0.0,0.0,0.0
17337,0.0,0.0,0.0,0.0
17338,0.0,0.0,0.0,0.0
17339,0.0,0.0,0.0,0.0
17340,0.0,0.0,0.0,0.0
17341,0.0,0.0,0.0,0.0
17342,0.0,0.0,0.0,0.0
17343,0.0,0.0,0.0,0.0
17344,0.0,0.0,0.0,0.0
17345,0.0,0.0,0.0,0.0
17346,0.0,0.0,0.0,0.0
17347,0.0,0.0,0.0,0.0
17348,0.0,0.0,0.0,0.0
17349,0.0,0.0,0.0,0.0
17350,0.0,0.0,0.0,0.0
17351,0.0,0.0,0.0,0.0
17352,0.0,0.0,0.0,0.0
17353,0.0,0.0,0.0,0.0
17354,0.0,0.0,0.0,0.0
17355,0.0,0.0,0.0,0.0
17356,0.0,0.0,0.0,0.0
17357,0.0,0.0,0.0,0.0
17358,0.0,0.0,0.0,0.0
17359,0.0,0.0,0.0,0.0
17360,0.0,0.0,0.0,0.0
17361,0.0,0.0,0.0,0.0
17362,0.0,0.0,0.0,0.0
17363,0.0,0.0,0.0,0.0
17364,0.0,0.0,0.0,0.0
17365,0.0,0.0,0.0,0.0
17366,0.0,0.0,0.0,0.0
17367,0.0,0.0,0.0,0.0
17368,0.0,0.0,0.0,0.0
17369,0.0,0.0,0.0,0.0
17370,0.0,0.0,0.0,0.0
17371,0.0,0.0,0.0,0.0
17372,0.0,0.0,0.0,0.0
17373,0.0,0.0,0.0,0.0
17374,0.0,0.0,0.0,0.0
17375,0.0,0.0,0.0,0.0
17376,0.0,0.0,0.0,0.0
17377,0.0,0.0,0.0,0.0
17378,0.0,0.0,0.0,0.0
17379,0.0,0.0,0.0,0.0
17380,0.0,0.0,0.0,0.0
17381,0.0,0.0,0.0,0.0
17382,0.0,0.0,0.0,0.0
17383,0.0,0.0,0.0,0.0
17384,0.0,0.0,0.0,0.0
17385,0.0,0.0,0.0,0.0
17386,0.0,0.0,0.0,0.0
17387,0.0,0.0,0.0,0.0
17388,0.0,0.0,0.0,0.0
17389,0.0,0.0,0.0,0.0
17390,0.0,0.0,0.0,0.0
17391,0.0,0.0,0.0,0.0
17392,0.0,0.0,0.0,0.0
17393,0.0,0.0,0.0,0.0
17394,0.0,0.0,0.0,0.0
17395,0.0,0.0,0.0,0.0
17396,0.0,0.0,0.0,0.0
17397,0.0,0.0,0.0,0.0
17398,0.0,0.0,0.0,0.0
17399,0.0,0.0,0.0,0.0
17400,0.0,0.0,0.0,0.0
17401,0.0,0.0,0.0,0.0
17402,0.0,0.0,0.0,0.0
17403,0.0,0.0,0.0,0.0
17404,0.0,0.0,0.0,0.0
17405,0.0,0.0,0.0,0.0
17406,0.0,0.0,0.0,0.0
17407,0.0,0.0,0.0,0.0
17408,0.0,0.0,0.0,0.0
17409,0.0,0.0,0.0,0.0
17410,0.0,0.0,0.0,0.0
17411,0.0,0.0,0.0,0.0
17412,0.0,0.0,0.0,0.0
17413,0.0,0.0,0.0,0.0
17414,0.0,0.0,0.0,0.0
17415,0.0,0.0,0.0,0.0
17416,0.0,0.0,0.0,0.0
17417,0.0,0.0,0.0,0.0
17418,0.0,0.0,0.0,0.0
17419,0.0,0.0,0.0,0.0
17420,0.0,0.0,0.0,0.0
17421,0.0,0.0,0.0,0.0
17422,0.0,0.0,0.0,0.0
17423,0.0,0.0,0.0,0.0
17424,0.0,0.0,0.0,0.0
17425,0.0,0.0,0.0,0.0
17426,0.0,0.0,0.0,0.0
17427,0.0,0.0,0.0,0.0
17428,0.0,0.0,0.0,0.0
17429,0.0,0.0,0.0,0.0
17430,0.0,0.0,0.0,0.0
17431,0.0,0.0,0.0,0.0
17432,0.0,0.0,0.0,0.0
17433,0.0,0.0,0.0,0.0
17434,0.0,0.0,0.0,0.0
17435,0.0,0.0,0.0,0.0
17436,0.0,0.0,0.0,0.0
17437,0.0,0.0,0.0,0.0
17438,0.0,0.0,0.0,0.0
17439,0.0,0.0,0.0,0.0
17440,0.0,0.0,0.0,0.0
17441,0.0,0.0,0.0,0.0
17442,0.0,0.0,0.0,0.0
17443,0.0,0.0,0.0,0.0
17444,0.0,0.0,0.0,0.0
17445,0.0,0.0,0.0,0.0
17446,0.0,0.0,0.0,0.0
17447,0.0,0.0,0.0,0.0
17448,0.0,0.0,0.0,0.0
17449,0.0,0.0,0.0,0.0
17450,0.0,0.0,0.0,0.0
17451,0.0,0.0,0.0,0.0
17452,0.0,0.0,0.0,0.0
17453,0.0,0.0,0.0,0.0
17454,0.0,0.0,0.0,0.0
17455,0.0,0.0,0.0,0.0
17456,0.0,0.0,0.0,0.0
17457,0.0,0.0,0.0,0.0
17458,0.0,0.0,0.0,0.0
17459,0.0,0.0,0.0,0.0
17460,0.0,0.0,0.0,0.0
17461,0.0,0.0,0.0,0.0
17462,0.0,0.0,0.0,0.0
17463,0.0,0.0,0.0,0.0
17464,0.0,0.0,0.0,0.0
17465,0.0,0.0,0.0,0.0
17466,0.0,0.0,0.0,0.0
17467,0.0,0.0,0.0,0.0
17468,0.0,0.0,0.0,0.0
17469,0.0,0.0,0.0,0.0
17470,0.0,0.0,0.0,0.0
17471,0.0,0.0,0.0,0.0
17472,0.0,0.0,0.0,0.0
17473,0.0,0.0,0.0,0.0
17474,0.0,0.0,0.0,0.0
17475,0.0,0.0,0.0,0.0
17476,0.0,0.0,0.0,0.0
17477,0.0,0.0,0.0,0.0
17478,0.0,0.0,0.0,0.0
17479,0.0,0.0,0.0,0.0
17480,0.0,0.0,0.0,0.0
17481,0.0,0.0,0.0,0.0
17482,0.0,0.0,0.0,0.0
17483,0.0,0.0,0.0,0.0
17484,0.0,0.0,0.0,0.0
17485,0.0,0.0,0.0,0.0
17486,0.0,0.0,0.0,0.0
17487,0.0,0.0,0.0,0.0
17488,0.0,0.0,0.0,0.0
17489,0.0,0.0,0.0,0.0
17490,0.0,0.0,0.0,0.0
17491,0.0,0.0,0.0,0.0
17492,0.0,0.0,0.0,0.0
17493,0.0,0.0,0.0,0.0
17494,0.0,0.0,0.0,0.0
17495,0.0,0.0,0.0,0.0
17496,0.0,0.0,0.0,0.0
17497,0.0,0.0,0.0,0.0
17498,0.0,0.0,0.0,0.0
17499,0.0,0.0,0.0,0.0
17500,0.0,0.0,0.0,0.0
17501,0.0,0.0,0.0,0.0
17502,0.0,0.0,0.0,0.0
17503,0.0,0.0,0.0,0.0
17504,0.0,0.0,0.0,0.0
17505,0.0,0.0,0.0,0.0
17506,0.0,0.0,0.0,0.0
17507,0.0,0.0,0.0,0.0
17508,0.0,0.0,0.0,0.0
17509,0.0,0.0,0.0,0.0
17510,0.0,0.0,0.0,0.0
17511,0.0,0.0,0.0,0.0
17512,0.0,0.0,0.0,0.0
17513,0.0,0.0,0.0,0.0
17514,0.0,0.0,0.0,0.0
17515,0.0,0.0,0.0,0.0
17516,0.0,0.0,0.0,0.0
17517,0.0,0.0,0.0,0.0
17518,0.0,0.0,0.0,0.0
17519,0.0,0.0,0.0,0.0
17520,0.0,0.0,0.0,0.0
17521,0.0,0.0,0.0,0.0
17522,0.0,0.0,0.0,0.0
17523,0.0,0.0,0.0,0.0
17524,0.0,0.0,0.0,0.0
17525,0.0,0.0,0.0,0.0
17526,0.0,0.0,0.0,0.0
17527,0.0,0.0,0.0,0.0
17528,0.0,0.0,0.0,0.0
17529,0.0,0.0,0.0,0.0
17530,0.0,0.0,0.0,0.0
17531,0.0,0.0,0.0,0.0
17532,0.0,0.0,0.0,0.0
17533,0.0,0.0,0.0,0.0
17534,0.0,0.0,0.0,0.0
17535,0.0,0.0,0.0,0.0
17536,0.0,0.0,0.0,0.0
17537,0.0,0.0,0.0,0.0
17538,0.0,0.0,0.0,0.0
17539,0.0,0.0,0.0,0.0
17540,0.0,0.0,0.0,0.0
17541,0.0,0.0,0.0,0.0
17542,0.0,0.0,0.0,0.0
17543,0.0,0.0,0.0,0.0
17544,0.0,0.0,0.0,0.0
17545,0.0,0.0,0.0,0.0
17546,0.0,0.0,0.0,0.0
17547,0.0,0.0,0.0,0.0
17548,0.0,0.0,0.0,0.0
17549,0.0,0.0,0.0,0.0
17550,0.0,0.0,0.0,0.0
17551,0.0,0.0,0.0,0.0
17552,0.0,0.0,0.0,0.0
17553,0.0,0.0,0.0,0.0
17554,0.0,0.0,0.0,0.0
17555,0.0,0.0,0.0,0.0
17556,0.0,0.0,0.0,0.0
17557,0.0,0.0,0.0,0.0
17558,0.0,0.0,0.0,0.0
17559,0.0,0.0,0.0,0.0
17560,0.0,0.0,0.0,0.0
17561,0.0,0.0,0.0,0.0
17562,0.0,0.0,0.0,0.0
17563,0.0,0.0,0.0,0.0
17564,0.0,0.0,0.0,0.0
17565,0.0,0.0,0.0,0.0
17566,0.0,0.0,0.0,0.0
17567,0.0,0.0,0.0,0.0
17568,0.0,0.0,0.0,0.0
17569,0.0,0.0,0.0,0.0
17570,0.0,0.0,0.0,0.0
17571,0.0,0.0,0.0,0.0
17572,0.0,0.0,0.0,0.0
17573,0.0,0.0,0.0,0.0
17574,0.0,0.0,0.0,0.0
17575,0.0,0.0,0.0,0.0
17576,0.0,0.0,0.0,0.0
17577,0.0,0.0,0.0,0.0
17578,0.0,0.0,0.0,0.0
17579,0.0,0.0,0.0,0.0
17580,0.0,0.0,0.0,0.0
17581,0.0,0.0,0.0,0.0
17582,0.0,0.0,0.0,0.0
17583,0.0,0.0,0.0,0.0
17584,0.0,0.0,0.0,0.0
17585,0.0,0.0,0.0,0.0
17586,0.0,0.0,0.0,0.0
17587,0.0,0.0,0.0,0.0
17588,0.0,0.0,0.0,0.0
17589,0.0,0.0,0.0,0.0
17590,0.0,0.0,0.0,0.0
17591,0.0,0.0,0.0,0.0
17592,0.0,0.0,0.0,0.0
17593,0.0,0.0,0.0,0.0
17594,0.0,0.0,0.0,0.0
17595,0.0,0.0,0.0,0.0
17596,0.0,0.0,0.0,0.0
17597,0.0,0.0,0.0,0.0
17598,0.0,0.0,0.0,0.0
17599,0.0,0.0,0.0,0.0
17600,0.0,0.0,0.0,0.0
17601,0.0,0.0,0.0,0.0
17602,0.0,0.0,0.0,0.0
17603,0.0,0.0,0.0,0.0
17604,0.0,0.0,0.0,0.0
17605,0.0,0.0,0.0,0.0
17606,0.0,0.0,0.0,0.0
17607,0.0,0.0,0.0,0.0
17608,0.0,0.0,0.0,0.0
17609,0.0,0.0,0.0,0.0
17610,0.0,0.0,0.0,0.0
17611,0.0,0.0,0.0,0.0
17612,0.0,0.0,0.0,0.0
17613,0.0,0.0,0.0,0.0
17614,0.0,0.0,0.0,0.0
17615,0.0,0.0,0.0,0.0
17616,0.0,0.0,0.0,0.0
17617,0.0,0.0,0.0,0.0
17618,0.0,0.0,0.0,0.0
17619,0.0,0.0,0.0,0.0
17620,0.0,0.0,0.0,0.0
17621,0.0,0.0,0.0,0.0
17622,0.0,0.0,0.0,0.0
17623,0.0,0.0,0.0,0.0
17624,0.0,0.0,0.0,0.0
17625,0.0,0.0,0.0,0.0
17626,0.0,0.0,0.0,0.0
17627,0.0,0.0,0.0,0.0
17628,0.0,0.0,0.0,0.0
17629,0.0,0.0,0.0,0.0
17630,0.0,0.0,0.0,0.0
17631,0.0,0.0,0.0,0.0
17632,0.0,0.0,0.0,0.0
17633,0.0,0.0,0.0,0.0
17634,0.0,0.0,0.0,0.0
17635,0.0,0.0,0.0,0.0
17636,0.0,0.0,0.0,0.0
17637,0.0,0.0,0.0,0.0
17638,0.0,0.0,0.0,0.0
17639,0.0,0.0,0.0,0.0
17640,0.0,0.0,0.0,0.0
17641,0.0,0.0,0.0,0.0
17642,0.0,0.0,0.0,0.0
17643,0.0,0.0,0.0,0.0
17644,0.0,0.0,0.0,0.0
17645,0.0,0.0,0.0,0.0
17646,0.0,0.0,0.0,0.0
17647,0.0,0.0,0.0,0.0
17648,0.0,0.0,0.0,0.0
17649,0.0,0.0,0.0,0.0
17650,0.0,0.0,0.0,0.0
17651,0.0,0.0,0.0,0.0
17652,0.0,0.0,0.0,0.0
17653,0.0,0.0,0.0,0.0
17654,0.0,0.0,0.0,0.0
17655,0.0,0.0,0.0,0.0
17656,0.0,0.0,0.0,0.0
17657,0.0,0.0,0.0,0.0
17658,0.0,0.0,0.0,0.0
17659,0.0,0.0,0.0,0.0
17660,0.0,0.0,0.0,0.0
17661,0.0,0.0,0.0,0.0
17662,0.0,0.0,0.0,0.0
17663,0.0,0.0,0.0,0.0
17664,0.0,0.0,0.0,0.0
17665,0.0,0.0,0.0,0.0
17666,0.0,0.0,0.0,0.0
17667,0.0,0.0,0.0,0.0
17668,0.0,0.0,0.0,0.0
17669,0.0,0.0,0.0,0.0
17670,0.0,0.0,0.0,0.0
17671,0.0,0.0,0.0,0.0
17672,0.0,0.0,0.0,0.0
17673,0.0,0.0,0.0,0.0
17674,0.0,0.0,0.0,0.0
17675,0.0,0.0,0.0,0.0
17676,0.0,0.0,0.0,0.0
17677,0.0,0.0,0.0,0.0
17678,0.0,0.0,0.0,0.0
17679,0.0,0.0,0.0,0.0
17680,0.0,0.0,0.0,0.0
17681,0.0,0.0,0.0,0.0
17682,0.0,0.0,0.0,0.0
17683,0.0,0.0,0.0,0.0
17684,0.0,0.0,0.0,0.0
17685,0.0,0.0,0.0,0.0
17686,0.0,0.0,0.0,0.0
17687,0.0,0.0,0.0,0.0
17688,0.0,0.0,0.0,0.0
17689,0.0,0.0,0.0,0.0
17690,0.0,0.0,0.0,0.0
17691,0.0,0.0,0.0,0.0
17692,0.0,0.0,0.0,0.0
17693,0.0,0.0,0.0,0.0
17694,0.0,0.0,0.0,0.0
17695,0.0,0.0,0.0,0.0
17696,0.0,0.0,0.0,0.0
17697,0.0,0.0,0.0,0.0
17698,0.0,0.0,0.0,0.0
17699,0.0,0.0,0.0,0.0
17700,0.0,0.0,0.0,0.0
17701,0.0,0.0,0.0,0.0
17702,0.0,0.0,0.0,0.0
17703,0.0,0.0,0.0,0.0
17704,0.0,0.0,0.0,0.0
17705,0.0,0.0,0.0,0.0
17706,0.0,0.0,0.0,0.0
17707,0.0,0.0,0.0,0.0
17708,0.0,0.0,0.0,0.0
17709,0.0,0.0,0.0,0.0
17710,0.0,0.0,0.0,0.0
17711,0.0,0.0,0.0,0.0
17712,0.0,0.0,0.0,0.0
17713,0.0,0.0,0.0,0.0
17714,0.0,0.0,0.0,0.0
17715,0.0,0.0,0.0,0.0
17716,0.0,0.0,0.0,0.0
17717,0.0,0.0,0.0,0.0
17718,0.0,0.0,0.0,0.0
17719,0.0,0.0,0.0,0.0
17720,0.0,0.0,0.0,0.0
17721,0.0,0.0,0.0,0.0
17722,0.0,0.0,0.0,0.0
17723,0.0,0.0,0.0,0.0
17724,0.0,0.0,0.0,0.0
17725,0.0,0.0,0.0,0.0
17726,0.0,0.0,0.0,0.0
17727,0.0,0.0,0.0,0.0
17728,0.0,0.0,0.0,0.0
17729,0.0,0.0,0.0,0.0
17730,0.0,0.0,0.0,0.0
17731,0.0,0.0,0.0,0.0
17732,0.0,0.0,0.0,0.0
17733,0.0,0.0,0.0,0.0
17734,0.0,0.0,0.0,0.0
17735,0.0,0.0,0.0,0.0
17736,0.0,0.0,0.0,0.0
17737,0.0,0.0,0.0,0.0
17738,0.0,0.0,0.0,0.0
17739,0.0,0.0,0.0,0.0
17740,0.0,0.0,0.0,0.0
17741,0.0,0.0,0.0,0.0
17742,0.0,0.0,0.0,0.0
17743,0.0,0.0,0.0,0.0
17744,0.0,0.0,0.0,0.0
17745,0.0,0.0,0.0,0.0
17746,0.0,0.0,0.0,0.0
17747,0.0,0.0,0.0,0.0
17748,0.0,0.0,0.0,0.0
17749,0.0,0.0,0.0,0.0
17750,0.0,0.0,0.0,0.0
17751,0.0,0.0,0.0,0.0
17752,0.0,0.0,0.0,0.0
17753,0.0,0.0,0.0,0.0
17754,0.0,0.0,0.0,0.0
17755,0.0,0.0,0.0,0.0
17756,0.0,0.0,0.0,0.0
17757,0.0,0.0,0.0,0.0
17758,0.0,0.0,0.0,0.0
17759,0.0,0.0,0.0,0.0
17760,0.0,0.0,0.0,0.0
17761,0.0,0.0,0.0,0.0
17762,0.0,0.0,0.0,0.0
17763,0.0,0.0,0.0,0.0
17764,0.0,0.0,0.0,0.0
17765,0.0,0.0,0.0,0.0
17766,0.0,0.0,0.0,0.0
17767,0.0,0.0,0.0,0.0
17768,0.0,0.0,0.0,0.0
17769,0.0,0.0,0.0,0.0
17770,0.0,0.0,0.0,0.0
17771,0.0,0.0,0.0,0.0
17772,0.0,0.0,0.0,0.0
17773,0.0,0.0,0.0,0.0
17774,0.0,0.0,0.0,0.0
17775,0.0,0.0,0.0,0.0
17776,0.0,0.0,0.0,0.0
17777,0.0,0.0,0.0,0.0
17778,0.0,0.0,0.0,0.0
17779,0.0,0.0,0.0,0.0
17780,0.0,0.0,0.0,0.0
17781,0.0,0.0,0.0,0.0
17782,0.0,0.0,0.0,0.0
17783,0.0,0.0,0.0,0.0
17784,0.0,0.0,0.0,0.0
17785,0.0,0.0,0.0,0.0
17786,0.0,0.0,0.0,0.0
17787,0.0,0.0,0.0,0.0
17788,0.0,0.0,0.0,0.0
17789,0.0,0.0,0.0,0.0
17790,0.0,0.0,0.0,0.0
17791,0.0,0.0,0.0,0.0
17792,0.0,0.0,0.0,0.0
17793,0.0,0.0,0.0,0.0
17794,0.0,0.0,0.0,0.0
17795,0.0,0.0,0.0,0.0
17796,0.0,0.0,0.0,0.0
17797,0.0,0.0,0.0,0.0
17798,0.0,0.0,0.0,0.0
17799,0.0,0.0,0.0,0.0
17800,0.0,0.0,0.0,0.0
17801,0.0,0.0,0.0,0.0
17802,0.0,0.0,0.0,0.0
17803,0.0,0.0,0.0,0.0
17804,0.0,0.0,0.0,0.0
17805,0.0,0.0,0.0,0.0
17806,0.0,0.0,0.0,0.0
17807,0.0,0.0,0.0,0.0
17808,0.0,0.0,0.0,0.0
17809,0.0,0.0,0.0,0.0
17810,0.0,0.0,0.0,0.0
17811,0.0,0.0,0.0,0.0
17812,0.0,0.0,0.0,0.0
17813,0.0,0.0,0.0,0.0
17814,0.0,0.0,0.0,0.0
17815,0.0,0.0,0.0,0.0
17816,0.0,0.0,0.0,0.0
17817,0.0,0.0,0.0,0.0
17818,0.0,0.0,0.0,0.0
17819,0.0,0.0,0.0,0.0
17820,0.0,0.0,0.0,0.0
17821,0.0,0.0,0.0,0.0
17822,0.0,0.0,0.0,0.0
17823,0.0,0.0,0.0,0.0
17824,0.0,0.0,0.0,0.0
17825,0.0,0.0,0.0,0.0
17826,0.0,0.0,0.0,0.0
17827,0.0,0.0,0.0,0.0
17828,0.0,0.0,0.0,0.0
17829,0.0,0.0,0.0,0.0
17830,0.0,0.0,0.0,0.0
17831,0.0,0.0,0.0,0.0
17832,0.0,0.0,0.0,0.0
17833,0.0,0.0,0.0,0.0
17834,0.0,0.0,0.0,0.0
17835,0.0,0.0,0.0,0.0
17836,0.0,0.0,0.0,0.0
17837,0.0,0.0,0.0,0.0
17838,0.0,0.0,0.0,0.0
17839,0.0,0.0,0.0,0.0
17840,0.0,0.0,0.0,0.0
17841,0.0,0.0,0.0,0.0
17842,0.0,0.0,0.0,0.0
17843,0.0,0.0,0.0,0.0
17844,0.0,0.0,0.0,0.0
17845,0.0,0.0,0.0,0.0
17846,0.0,0.0,0.0,0.0
17847,0.0,0.0,0.0,0.0
17848,0.0,0.0,0.0,0.0
17849,0.0,0.0,0.0,0.0
17850,0.0,0.0,0.0,0.0
17851,0.0,0.0,0.0,0.0
17852,0.0,0.0,0.0,0.0
17853,0.0,0.0,0.0,0.0
17854,0.0,0.0,0.0,0.0
17855,0.0,0.0,0.0,0.0
17856,0.0,0.0,0.0,0.0
17857,0.0,0.0,0.0,0.0
17858,0.0,0.0,0.0,0.0
17859,0.0,0.0,0.0,0.0
17860,0.0,0.0,0.0,0.0
17861,0.0,0.0,0.0,0.0
17862,0.0,0.0,0.0,0.0
17863,0.0,0.0,0.0,0.0
17864,0.0,0.0,0.0,0.0
17865,0.0,0.0,0.0,0.0
17866,0.0,0.0,0.0,0.0
17867,0.0,0.0,0.0,0.0
17868,0.0,0.0,0.0,0.0
17869,0.0,0.0,0.0,0.0
17870,0.0,0.0,0.0,0.0
17871,0.0,0.0,0.0,0.0
17872,0.0,0.0,0.0,0.0
17873,0.0,0.0,0.0,0.0
17874,0.0,0.0,0.0,0.0
17875,0.0,0.0,0.0,0.0
17876,0.0,0.0,0.0,0.0
17877,0.0,0.0,0.0,0.0
17878,0.0,0.0,0.0,0.0
17879,0.0,0.0,0.0,0.0
17880,0.0,0.0,0.0,0.0
17881,0.0,0.0,0.0,0.0
17882,0.0,0.0,0.0,0.0
17883,0.0,0.0,0.0,0.0
17884,0.0,0.0,0.0,0.0
17885,0.0,0.0,0.0,0.0
17886,0.0,0.0,0.0,0.0
17887,0.0,0.0,0.0,0.0
17888,0.0,0.0,0.0,0.0
17889,0.0,0.0,0.0,0.0
17890,0.0,0.0,0.0,0.0
17891,0.0,0.0,0.0,0.0
17892,0.0,0.0,0.0,0.0
17893,0.0,0.0,0.0,0.0
17894,0.0,0.0,0.0,0.0
17895,0.0,0.0,0.0,0.0
17896,0.0,0.0,0.0,0.0
17897,0.0,0.0,0.0,0.0
17898,0.0,0.0,0.0,0.0
17899,0.0,0.0,0.0,0.0
17900,0.0,0.0,0.0,0.0
17901,0.0,0.0,0.0,0.0
17902,0.0,0.0,0.0,0.0
17903,0.0,0.0,0.0,0.0
17904,0.0,0.0,0.0,0.0
17905,0.0,0.0,0.0,0.0
17906,0.0,0.0,0.0,0.0
17907,0.0,0.0,0.0,0.0
17908,0.0,0.0,0.0,0.0
17909,0.0,0.0,0.0,0.0
17910,0.0,0.0,0.0,0.0
17911,0.0,0.0,0.0,0.0
17912,0.0,0.0,0.0,0.0
17913,0.0,0.0,0.0,0.0
17914,0.0,0.0,0.0,0.0
17915,0.0,0.0,0.0,0.0
17916,0.0,0.0,0.0,0.0
17917,0.0,0.0,0.0,0.0
17918,0.0,0.0,0.0,0.0
17919,0.0,0.0,0.0,0.0
17920,0.0,0.0,0.0,0.0
17921,0.0,0.0,0.0,0.0
17922,0.0,0.0,0.0,0.0
17923,0.0,0.0,0.0,0.0
17924,0.0,0.0,0.0,0.0
17925,0.0,0.0,0.0,0.0
17926,0.0,0.0,0.0,0.0
17927,0.0,0.0,0.0,0.0
17928,0.0,0.0,0.0,0.0
17929,0.0,0.0,0.0,0.0
17930,0.0,0.0,0.0,0.0
17931,0.0,0.0,0.0,0.0
17932,0.0,0.0,0.0,0.0
17933,0.0,0.0,0.0,0.0
17934,0.0,0.0,0.0,0.0
17935,0.0,0.0,0.0,0.0
17936,0.0,0.0,0.0,0.0
17937,0.0,0.0,0.0,0.0
17938,0.0,0.0,0.0,0.0
17939,0.0,0.0,0.0,0.0
17940,0.0,0.0,0.0,0.0
17941,0.0,0.0,0.0,0.0
17942,0.0,0.0,0.0,0.0
17943,0.0,0.0,0.0,0.0
17944,0.0,0.0,0.0,0.0
17945,0.0,0.0,0.0,0.0
17946,0.0,0.0,0.0,0.0
17947,0.0,0.0,0.0,0.0
17948,0.0,0.0,0.0,0.0
17949,0.0,0.0,0.0,0.0
17950,0.0,0.0,0.0,0.0
17951,0.0,0.0,0.0,0.0
17952,0.0,0.0,0.0,0.0
17953,0.0,0.0,0.0,0.0
17954,0.0,0.0,0.0,0.0
17955,0.0,0.0,0.0,0.0
17956,0.0,0.0,0.0,0.0
17957,0.0,0.0,0.0,0.0
17958,0.0,0.0,0.0,0.0
17959,0.0,0.0,0.0,0.0
17960,0.0,0.0,0.0,0.0
17961,0.0,0.0,0.0,0.0
17962,0.0,0.0,0.0,0.0
17963,0.0,0.0,0.0,0.0
17964,0.0,0.0,0.0,0.0
17965,0.0,0.0,0.0,0.0
17966,0.0,0.0,0.0,0.0
17967,0.0,0.0,0.0,0.0
17968,0.0,0.0,0.0,0.0
17969,0.0,0.0,0.0,0.0
17970,0.0,0.0,0.0,0.0
17971,0.0,0.0,0.0,0.0
17972,0.0,0.0,0.0,0.0
17973,0.0,0.0,0.0,0.0
17974,0.0,0.0,0.0,0.0
17975,0.0,0.0,0.0,0.0
17976,0.0,0.0,0.0,0.0
17977,0.0,0.0,0.0,0.0
17978,0.0,0.0,0.0,0.0
17979,0.0,0.0,0.0,0.0
17980,0.0,0.0,0.0,0.0
17981,0.0,0.0,0.0,0.0
17982,0.0,0.0,0.0,0.0
17983,0.0,0.0,0.0,0.0
17984,0.0,0.0,0.0,0.0
17985,0.0,0.0,0.0,0.0
17986,0.0,0.0,0.0,0.0
17987,0.0,0.0,0.0,0.0
17988,0.0,0.0,0.0,0.0
17989,0.0,0.0,0.0,0.0
17990,0.0,0.0,0.0,0.0
17991,0.0,0.0,0.0,0.0
17992,0.0,0.0,0.0,0.0
17993,0.0,0.0,0.0,0.0
17994,0.0,0.0,0.0,0.0
17995,0.0,0.0,0.0,0.0
17996,0.0,0.0,0.0,0.0
17997,0.0,0.0,0.0,0.0
17998,0.0,0.0,0.0,0.0
17999,0.0,0.0,0.0,0.0
18000,0.0,0.0,0.0,0.0
18001,0.0,0.0,0.0,0.0
18002,0.0,0.0,0.0,0.0
18003,0.0,0.0,0.0,0.0
18004,0.0,0.0,0.0,0.0
18005,0.0,0.0,0.0,0.0
18006,0.0,0.0,0.0,0.0
18007,0.0,0.0,0.0,0.0
18008,0.0,0.0,0.0,0.0
18009,0.0,0.0,0.0,0.0
18010,0.0,0.0,0.0,0.0
18011,0.0,0.0,0.0,0.0
18012,0.0,0.0,0.0,0.0
18013,0.0,0.0,0.0,0.0
18014,0.0,0.0,0.0,0.0
18015,0.0,0.0,0.0,0.0
18016,0.0,0.0,0.0,0.0
18017,0.0,0.0,0.0,0.0
18018,0.0,0.0,0.0,0.0
18019,0.0,0.0,0.0,0.0
18020,0.0,0.0,0.0,0.0
18021,0.0,0.0,0.0,0.0
18022,0.0,0.0,0.0,0.0
18023,0.0,0.0,0.0,0.0
18024,0.0,0.0,0.0,0.0
18025,0.0,0.0,0.0,0.0
18026,0.0,0.0,0.0,0.0
18027,0.0,0.0,0.0,0.0
18028,0.0,0.0,0.0,0.0
18029,0.0,0.0,0.0,0.0
18030,0.0,0.0,0.0,0.0
18031,0.0,0.0,0.0,0.0
18032,0.0,0.0,0.0,0.0
18033,0.0,0.0,0.0,0.0
18034,0.0,0.0,0.0,0.0
18035,0.0,0.0,0.0,0.0
18036,0.0,0.0,0.0,0.0
18037,0.0,0.0,0.0,0.0
18038,0.0,0.0,0.0,0.0
18039,0.0,0.0,0.0,0.0
18040,0.0,0.0,0.0,0.0
18041,0.0,0.0,0.0,0.0
18042,0.0,0.0,0.0,0.0
18043,0.0,0.0,0.0,0.0
18044,0.0,0.0,0.0,0.0
18045,0.0,0.0,0.0,0.0
18046,0.0,0.0,0.0,0.0
18047,0.0,0.0,0.0,0.0
18048,0.0,0.0,0.0,0.0
18049,0.0,0.0,0.0,0.0
18050,0.0,0.0,0.0,0.0
18051,0.0,0.0,0.0,0.0
18052,0.0,0.0,0.0,0.0
18053,0.0,0.0,0.0,0.0
18054,0.0,0.0,0.0,0.0
18055,0.0,0.0,0.0,0.0
18056,0.0,0.0,0.0,0.0
18057,0.0,0.0,0.0,0.0
18058,0.0,0.0,0.0,0.0
18059,0.0,0.0,0.0,0.0
18060,0.0,0.0,0.0,0.0
18061,0.0,0.0,0.0,0.0
18062,0.0,0.0,0.0,0.0
18063,0.0,0.0,0.0,0.0
18064,0.0,0.0,0.0,0.0
18065,0.0,0.0,0.0,0.0
18066,0.0,0.0,0.0,0.0
18067,0.0,0.0,0.0,0.0
18068,0.0,0.0,0.0,0.0
18069,0.0,0.0,0.0,0.0
18070,0.0,0.0,0.0,0.0
18071,0.0,0.0,0.0,0.0
18072,0.0,0.0,0.0,0.0
18073,0.0,0.0,0.0,0.0
18074,0.0,0.0,0.0,0.0
18075,0.0,0.0,0.0,0.0
18076,0.0,0.0,0.0,0.0
18077,0.0,0.0,0.0,0.0
18078,0.0,0.0,0.0,0.0
18079,0.0,0.0,0.0,0.0
18080,0.0,0.0,0.0,0.0
18081,0.0,0.0,0.0,0.0
18082,0.0,0.0,0.0,0.0
18083,0.0,0.0,0.0,0.0
18084,0.0,0.0,0.0,0.0
18085,0.0,0.0,0.0,0.0
18086,0.0,0.0,0.0,0.0
18087,0.0,0.0,0.0,0.0
18088,0.0,0.0,0.0,0.0
18089,0.0,0.0,0.0,0.0
18090,0.0,0.0,0.0,0.0
18091,0.0,0.0,0.0,0.0
18092,0.0,0.0,0.0,0.0
18093,0.0,0.0,0.0,0.0
18094,0.0,0.0,0.0,0.0
18095,0.0,0.0,0.0,0.0
18096,0.0,0.0,0.0,0.0
18097,0.0,0.0,0.0,0.0
18098,0.0,0.0,0.0,0.0
18099,0.0,0.0,0.0,0.0
18100,0.0,0.0,0.0,0.0
18101,0.0,0.0,0.0,0.0
18102,0.0,0.0,0.0,0.0
18103,0.0,0.0,0.0,0.0
18104,0.0,0.0,0.0,0.0
18105,0.0,0.0,0.0,0.0
18106,0.0,0.0,0.0,0.0
18107,0.0,0.0,0.0,0.0
18108,0.0,0.0,0.0,0.0
18109,0.0,0.0,0.0,0.0
18110,0.0,0.0,0.0,0.0
18111,0.0,0.0,0.0,0.0
18112,0.0,0.0,0.0,0.0
18113,0.0,0.0,0.0,0.0
18114,0.0,0.0,0.0,0.0
18115,0.0,0.0,0.0,0.0
18116,0.0,0.0,0.0,0.0
18117,0.0,0.0,0.0,0.0
18118,0.0,0.0,0.0,0.0
18119,0.0,0.0,0.0,0.0
18120,0.0,0.0,0.0,0.0
18121,0.0,0.0,0.0,0.0
18122,0.0,0.0,0.0,0.0
18123,0.0,0.0,0.0,0.0
18124,0.0,0.0,0.0,0.0
18125,0.0,0.0,0.0,0.0
18126,0.0,0.0,0.0,0.0
18127,0.0,0.0,0.0,0.0
18128,0.0,0.0,0.0,0.0
18129,0.0,0.0,0.0,0.0
18130,0.0,0.0,0.0,0.0
18131,0.0,0.0,0.0,0.0
18132,0.0,0.0,0.0,0.0
18133,0.0,0.0,0.0,0.0
18134,0.0,0.0,0.0,0.0
18135,0.0,0.0,0.0,0.0
18136,0.0,0.0,0.0,0.0
18137,0.0,0.0,0.0,0.0
18138,0.0,0.0,0.0,0.0
18139,0.0,0.0,0.0,0.0
18140,0.0,0.0,0.0,0.0
18141,0.0,0.0,0.0,0.0
18142,0.0,0.0,0.0,0.0
18143,0.0,0.0,0.0,0.0
18144,0.0,0.0,0.0,0.0
18145,0.0,0.0,0.0,0.0
18146,0.0,0.0,0.0,0.0
18147,0.0,0.0,0.0,0.0
18148,0.0,0.0,0.0,0.0
18149,0.0,0.0,0.0,0.0
18150,0.0,0.0,0.0,0.0
18151,0.0,0.0,0.0,0.0
18152,0.0,0.0,0.0,0.0
18153,0.0,0.0,0.0,0.0
18154,0.0,0.0,0.0,0.0
18155,0.0,0.0,0.0,0.0
18156,0.0,0.0,0.0,0.0
18157,0.0,0.0,0.0,0.0
18158,0.0,0.0,0.0,0.0
18159,0.0,0.0,0.0,0.0
18160,0.0,0.0,0.0,0.0
18161,0.0,0.0,0.0,0.0
18162,0.0,0.0,0.0,0.0
18163,0.0,0.0,0.0,0.0
18164,0.0,0.0,0.0,0.0
18165,0.0,0.0,0.0,0.0
18166,0.0,0.0,0.0,0.0
18167,0.0,0.0,0.0,0.0
18168,0.0,0.0,0.0,0.0
18169,0.0,0.0,0.0,0.0
18170,0.0,0.0,0.0,0.0
18171,0.0,0.0,0.0,0.0
18172,0.0,0.0,0.0,0.0
18173,0.0,0.0,0.0,0.0
18174,0.0,0.0,0.0,0.0
18175,0.0,0.0,0.0,0.0
18176,0.0,0.0,0.0,0.0
18177,0.0,0.0,0.0,0.0
18178,0.0,0.0,0.0,0.0
18179,0.0,0.0,0.0,0.0
18180,0.0,0.0,0.0,0.0
18181,0.0,0.0,0.0,0.0
18182,0.0,0.0,0.0,0.0
18183,0.0,0.0,0.0,0.0
18184,0.0,0.0,0.0,0.0
18185,0.0,0.0,0.0,0.0
18186,0.0,0.0,0.0,0.0
18187,0.0,0.0,0.0,0.0
18188,0.0,0.0,0.0,0.0
18189,0.0,0.0,0.0,0.0
18190,0.0,0.0,0.0,0.0
18191,0.0,0.0,0.0,0.0
18192,0.0,0.0,0.0,0.0
18193,0.0,0.0,0.0,0.0
18194,0.0,0.0,0.0,0.0
18195,0.0,0.0,0.0,0.0
18196,0.0,0.0,0.0,0.0
18197,0.0,0.0,0.0,0.0
18198,0.0,0.0,0.0,0.0
18199,0.0,0.0,0.0,0.0
18200,0.0,0.0,0.0,0.0
18201,0.0,0.0,0.0,0.0
18202,0.0,0.0,0.0,0.0
18203,0.0,0.0,0.0,0.0
18204,0.0,0.0,0.0,0.0
18205,0.0,0.0,0.0,0.0
18206,0.0,0.0,0.0,0.0
18207,0.0,0.0,0.0,0.0
18208,0.0,0.0,0.0,0.0
18209,0.0,0.0,0.0,0.0
18210,0.0,0.0,0.0,0.0
18211,0.0,0.0,0.0,0.0
18212,0.0,0.0,0.0,0.0
18213,0.0,0.0,0.0,0.0
18214,0.0,0.0,0.0,0.0
18215,0.0,0.0,0.0,0.0
18216,0.0,0.0,0.0,0.0
18217,0.0,0.0,0.0,0.0
18218,0.0,0.0,0.0,0.0
18219,0.0,0.0,0.0,0.0
18220,0.0,0.0,0.0,0.0
18221,0.0,0.0,0.0,0.0
18222,0.0,0.0,0.0,0.0
18223,0.0,0.0,0.0,0.0
18224,0.0,0.0,0.0,0.0
18225,0.0,0.0,0.0,0.0
18226,0.0,0.0,0.0,0.0
18227,0.0,0.0,0.0,0.0
18228,0.0,0.0,0.0,0.0
18229,0.0,0.0,0.0,0.0
18230,0.0,0.0,0.0,0.0
18231,0.0,0.0,0.0,0.0
18232,0.0,0.0,0.0,0.0
18233,0.0,0.0,0.0,0.0
18234,0.0,0.0,0.0,0.0
18235,0.0,0.0,0.0,0.0
18236,0.0,0.0,0.0,0.0
18237,0.0,0.0,0.0,0.0
18238,0.0,0.0,0.0,0.0
18239,0.0,0.0,0.0,0.0
18240,0.0,0.0,0.0,0.0
18241,0.0,0.0,0.0,0.0
18242,0.0,0.0,0.0,0.0
18243,0.0,0.0,0.0,0.0
18244,0.0,0.0,0.0,0.0
18245,0.0,0.0,0.0,0.0
18246,0.0,0.0,0.0,0.0
18247,0.0,0.0,0.0,0.0
18248,0.0,0.0,0.0,0.0
18249,0.0,0.0,0.0,0.0
18250,0.0,0.0,0.0,0.0
18251,0.0,0.0,0.0,0.0
18252,0.0,0.0,0.0,0.0
18253,0.0,0.0,0.0,0.0
18254,0.0,0.0,0.0,0.0
18255,0.0,0.0,0.0,0.0
18256,0.0,0.0,0.0,0.0
18257,0.0,0.0,0.0,0.0
18258,0.0,0.0,0.0,0.0
18259,0.0,0.0,0.0,0.0
18260,0.0,0.0,0.0,0.0
18261,0.0,0.0,0.0,0.0
18262,0.0,0.0,0.0,0.0
18263,0.0,0.0,0.0,0.0
18264,0.0,0.0,0.0,0.0
18265,0.0,0.0,0.0,0.0
18266,0.0,0.0,0.0,0.0
18267,0.0,0.0,0.0,0.0
18268,0.0,0.0,0.0,0.0
18269,0.0,0.0,0.0,0.0
18270,0.0,0.0,0.0,0.0
18271,0.0,0.0,0.0,0.0
18272,0.0,0.0,0.0,0.0
18273,0.0,0.0,0.0,0.0
18274,0.0,0.0,0.0,0.0
18275,0.0,0.0,0.0,0.0
18276,0.0,0.0,0.0,0.0
18277,0.0,0.0,0.0,0.0
18278,0.0,0.0,0.0,0.0
18279,0.0,0.0,0.0,0.0
18280,0.0,0.0,0.0,0.0
18281,0.0,0.0,0.0,0.0
18282,0.0,0.0,0.0,0.0
18283,0.0,0.0,0.0,0.0
18284,0.0,0.0,0.0,0.0
18285,0.0,0.0,0.0,0.0
18286,0.0,0.0,0.0,0.0
18287,0.0,0.0,0.0,0.0
18288,0.0,0.0,0.0,0.0
18289,0.0,0.0,0.0,0.0
18290,0.0,0.0,0.0,0.0
18291,0.0,0.0,0.0,0.0
18292,0.0,0.0,0.0,0.0
18293,0.0,0.0,0.0,0.0
18294,0.0,0.0,0.0,0.0
18295,0.0,0.0,0.0,0.0
18296,0.0,0.0,0.0,0.0
18297,0.0,0.0,0.0,0.0
18298,0.0,0.0,0.0,0.0
18299,0.0,0.0,0.0,0.0
18300,0.0,0.0,0.0,0.0
18301,0.0,0.0,0.0,0.0
18302,0.0,0.0,0.0,0.0
18303,0.0,0.0,0.0,0.0
18304,0.0,0.0,0.0,0.0
18305,0.0,0.0,0.0,0.0
18306,0.0,0.0,0.0,0.0
18307,0.0,0.0,0.0,0.0
18308,0.0,0.0,0.0,0.0
18309,0.0,0.0,0.0,0.0
18310,0.0,0.0,0.0,0.0
18311,0.0,0.0,0.0,0.0
18312,0.0,0.0,0.0,0.0
18313,0.0,0.0,0.0,0.0
18314,0.0,0.0,0.0,0.0
18315,0.0,0.0,0.0,0.0
18316,0.0,0.0,0.0,0.0
18317,0.0,0.0,0.0,0.0
18318,0.0,0.0,0.0,0.0
18319,0.0,0.0,0.0,0.0
18320,0.0,0.0,0.0,0.0
18321,0.0,0.0,0.0,0.0
18322,0.0,0.0,0.0,0.0
18323,0.0,0.0,0.0,0.0
18324,0.0,0.0,0.0,0.0
18325,0.0,0.0,0.0,0.0
18326,0.0,0.0,0.0,0.0
18327,0.0,0.0,0.0,0.0
18328,0.0,0.0,0.0,0.0
18329,0.0,0.0,0.0,0.0
18330,0.0,0.0,0.0,0.0
18331,0.0,0.0,0.0,0.0
18332,0.0,0.0,0.0,0.0
18333,0.0,0.0,0.0,0.0
18334,0.0,0.0,0.0,0.0
18335,0.0,0.0,0.0,0.0
18336,0.0,0.0,0.0,0.0
18337,0.0,0.0,0.0,0.0
18338,0.0,0.0,0.0,0.0
18339,0.0,0.0,0.0,0.0
18340,0.0,0.0,0.0,0.0
18341,0.0,0.0,0.0,0.0
18342,0.0,0.0,0.0,0.0
18343,0.0,0.0,0.0,0.0
18344,0.0,0.0,0.0,0.0
18345,0.0,0.0,0.0,0.0
18346,0.0,0.0,0.0,0.0
18347,0.0,0.0,0.0,0.0
18348,0.0,0.0,0.0,0.0
18349,0.0,0.0,0.0,0.0
18350,0.0,0.0,0.0,0.0
18351,0.0,0.0,0.0,0.0
18352,0.0,0.0,0.0,0.0
18353,0.0,0.0,0.0,0.0
18354,0.0,0.0,0.0,0.0
18355,0.0,0.0,0.0,0.0
18356,0.0,0.0,0.0,0.0
18357,0.0,0.0,0.0,0.0
18358,0.0,0.0,0.0,0.0
18359,0.0,0.0,0.0,0.0
18360,0.0,0.0,0.0,0.0
18361,0.0,0.0,0.0,0.0
18362,0.0,0.0,0.0,0.0
18363,0.0,0.0,0.0,0.0
18364,0.0,0.0,0.0,0.0
18365,0.0,0.0,0.0,0.0
18366,0.0,0.0,0.0,0.0
18367,0.0,0.0,0.0,0.0
18368,0.0,0.0,0.0,0.0
18369,0.0,0.0,0.0,0.0
18370,0.0,0.0,0.0,0.0
18371,0.0,0.0,0.0,0.0
18372,0.0,0.0,0.0,0.0
18373,0.0,0.0,0.0,0.0
18374,0.0,0.0,0.0,0.0
18375,0.0,0.0,0.0,0.0
18376,0.0,0.0,0.0,0.0
18377,0.0,0.0,0.0,0.0
18378,0.0,0.0,0.0,0.0
18379,0.0,0.0,0.0,0.0
18380,0.0,0.0,0.0,0.0
18381,0.0,0.0,0.0,0.0
18382,0.0,0.0,0.0,0.0
18383,0.0,0.0,0.0,0.0
18384,0.0,0.0,0.0,0.0
18385,0.0,0.0,0.0,0.0
18386,0.0,0.0,0.0,0.0
18387,0.0,0.0,0.0,0.0
18388,0.0,0.0,0.0,0.0
18389,0.0,0.0,0.0,0.0
18390,0.0,0.0,0.0,0.0
18391,0.0,0.0,0.0,0.0
18392,0.0,0.0,0.0,0.0
18393,0.0,0.0,0.0,0.0
18394,0.0,0.0,0.0,0.0
18395,0.0,0.0,0.0,0.0
18396,0.0,0.0,0.0,0.0
18397,0.0,0.0,0.0,0.0
18398,0.0,0.0,0.0,0.0
18399,0.0,0.0,0.0,0.0
18400,0.0,0.0,0.0,0.0
18401,0.0,0.0,0.0,0.0
18402,0.0,0.0,0.0,0.0
18403,0.0,0.0,0.0,0.0
18404,0.0,0.0,0.0,0.0
18405,0.0,0.0,0.0,0.0
18406,0.0,0.0,0.0,0.0
18407,0.0,0.0,0.0,0.0
18408,0.0,0.0,0.0,0.0
18409,0.0,0.0,0.0,0.0
18410,0.0,0.0,0.0,0.0
18411,0.0,0.0,0.0,0.0
18412,0.0,0.0,0.0,0.0
18413,0.0,0.0,0.0,0.0
18414,0.0,0.0,0.0,0.0
18415,0.0,0.0,0.0,0.0
18416,0.0,0.0,0.0,0.0
18417,0.0,0.0,0.0,0.0
18418,0.0,0.0,0.0,0.0
18419,0.0,0.0,0.0,0.0
18420,0.0,0.0,0.0,0.0
18421,0.0,0.0,0.0,0.0
18422,0.0,0.0,0.0,0.0
18423,0.0,0.0,0.0,0.0
18424,0.0,0.0,0.0,0.0
18425,0.0,0.0,0.0,0.0
18426,0.0,0.0,0.0,0.0
18427,0.0,0.0,0.0,0.0
18428,0.0,0.0,0.0,0.0
18429,0.0,0.0,0.0,0.0
18430,0.0,0.0,0.0,0.0
18431,0.0,0.0,0.0,0.0
18432,0.0,0.0,0.0,0.0
18433,0.0,0.0,0.0,0.0
18434,0.0,0.0,0.0,0.0
18435,0.0,0.0,0.0,0.0
18436,0.0,0.0,0.0,0.0
18437,0.0,0.0,0.0,0.0
18438,0.0,0.0,0.0,0.0
18439,0.0,0.0,0.0,0.0
18440,0.0,0.0,0.0,0.0
18441,0.0,0.0,0.0,0.0
18442,0.0,0.0,0.0,0.0
18443,0.0,0.0,0.0,0.0
18444,0.0,0.0,0.0,0.0
18445,0.0,0.0,0.0,0.0
18446,0.0,0.0,0.0,0.0
18447,0.0,0.0,0.0,0.0
18448,0.0,0.0,0.0,0.0
18449,0.0,0.0,0.0,0.0
18450,0.0,0.0,0.0,0.0
18451,0.0,0.0,0.0,0.0
18452,0.0,0.0,0.0,0.0
18453,0.0,0.0,0.0,0.0
18454,0.0,0.0,0.0,0.0
18455,0.0,0.0,0.0,0.0
18456,0.0,0.0,0.0,0.0
18457,0.0,0.0,0.0,0.0
18458,0.0,0.0,0.0,0.0
18459,0.0,0.0,0.0,0.0
18460,0.0,0.0,0.0,0.0
18461,0.0,0.0,0.0,0.0
18462,0.0,0.0,0.0,0.0
18463,0.0,0.0,0.0,0.0
18464,0.0,0.0,0.0,0.0
18465,0.0,0.0,0.0,0.0
18466,0.0,0.0,0.0,0.0
18467,0.0,0.0,0.0,0.0
18468,0.0,0.0,0.0,0.0
18469,0.0,0.0,0.0,0.0
18470,0.0,0.0,0.0,0.0
18471,0.0,0.0,0.0,0.0
18472,0.0,0.0,0.0,0.0
18473,0.0,0.0,0.0,0.0
18474,0.0,0.0,0.0,0.0
18475,0.0,0.0,0.0,0.0
18476,0.0,0.0,0.0,0.0
18477,0.0,0.0,0.0,0.0
18478,0.0,0.0,0.0,0.0
18479,0.0,0.0,0.0,0.0
18480,0.0,0.0,0.0,0.0
18481,0.0,0.0,0.0,0.0
18482,0.0,0.0,0.0,0.0
18483,0.0,0.0,0.0,0.0
18484,0.0,0.0,0.0,0.0
18485,0.0,0.0,0.0,0.0
18486,0.0,0.0,0.0,0.0
18487,0.0,0.0,0.0,0.0
18488,0.0,0.0,0.0,0.0
18489,0.0,0.0,0.0,0.0
18490,0.0,0.0,0.0,0.0
18491,0.0,0.0,0.0,0.0
18492,0.0,0.0,0.0,0.0
18493,0.0,0.0,0.0,0.0
18494,0.0,0.0,0.0,0.0
18495,0.0,0.0,0.0,0.0
18496,0.0,0.0,0.0,0.0
18497,0.0,0.0,0.0,0.0
18498,0.0,0.0,0.0,0.0
18499,0.0,0.0,0.0,0.0
18500,0.0,0.0,0.0,0.0
18501,0.0,0.0,0.0,0.0
18502,0.0,0.0,0.0,0.0
18503,0.0,0.0,0.0,0.0
18504,0.0,0.0,0.0,0.0
18505,0.0,0.0,0.0,0.0
18506,0.0,0.0,0.0,0.0
18507,0.0,0.0,0.0,0.0
18508,0.0,0.0,0.0,0.0
18509,0.0,0.0,0.0,0.0
18510,0.0,0.0,0.0,0.0
18511,0.0,0.0,0.0,0.0
18512,0.0,0.0,0.0,0.0
18513,0.0,0.0,0.0,0.0
18514,0.0,0.0,0.0,0.0
18515,0.0,0.0,0.0,0.0
18516,0.0,0.0,0.0,0.0
18517,0.0,0.0,0.0,0.0
18518,0.0,0.0,0.0,0.0
18519,0.0,0.0,0.0,0.0
18520,0.0,0.0,0.0,0.0
18521,0.0,0.0,0.0,0.0
18522,0.0,0.0,0.0,0.0
18523,0.0,0.0,0.0,0.0
18524,0.0,0.0,0.0,0.0
18525,0.0,0.0,0.0,0.0
18526,0.0,0.0,0.0,0.0
18527,0.0,0.0,0.0,0.0
18528,0.0,0.0,0.0,0.0
18529,0.0,0.0,0.0,0.0
18530,0.0,0.0,0.0,0.0
18531,0.0,0.0,0.0,0.0
18532,0.0,0.0,0.0,0.0
18533,0.0,0.0,0.0,0.0
18534,0.0,0.0,0.0,0.0
18535,0.0,0.0,0.0,0.0
18536,0.0,0.0,0.0,0.0
18537,0.0,0.0,0.0,0.0
18538,0.0,0.0,0.0,0.0
18539,0.0,0.0,0.0,0.0
18540,0.0,0.0,0.0,0.0
18541,0.0,0.0,0.0,0.0
18542,0.0,0.0,0.0,0.0
18543,0.0,0.0,0.0,0.0
18544,0.0,0.0,0.0,0.0
18545,0.0,0.0,0.0,0.0
18546,0.0,0.0,0.0,0.0
18547,0.0,0.0,0.0,0.0
18548,0.0,0.0,0.0,0.0
18549,0.0,0.0,0.0,0.0
18550,0.0,0.0,0.0,0.0
18551,0.0,0.0,0.0,0.0
18552,0.0,0.0,0.0,0.0
18553,0.0,0.0,0.0,0.0
18554,0.0,0.0,0.0,0.0
18555,0.0,0.0,0.0,0.0
18556,0.0,0.0,0.0,0.0
18557,0.0,0.0,0.0,0.0
18558,0.0,0.0,0.0,0.0
18559,0.0,0.0,0.0,0.0
18560,0.0,0.0,0.0,0.0
18561,0.0,0.0,0.0,0.0
18562,0.0,0.0,0.0,0.0
18563,0.0,0.0,0.0,0.0
18564,0.0,0.0,0.0,0.0
18565,0.0,0.0,0.0,0.0
18566,0.0,0.0,0.0,0.0
18567,0.0,0.0,0.0,0.0
18568,0.0,0.0,0.0,0.0
18569,0.0,0.0,0.0,0.0
18570,0.0,0.0,0.0,0.0
18571,0.0,0.0,0.0,0.0
18572,0.0,0.0,0.0,0.0
18573,0.0,0.0,0.0,0.0
18574,0.0,0.0,0.0,0.0
18575,0.0,0.0,0.0,0.0
18576,0.0,0.0,0.0,0.0
18577,0.0,0.0,0.0,0.0
18578,0.0,0.0,0.0,0.0
18579,0.0,0.0,0.0,0.0
18580,0.0,0.0,0.0,0.0
18581,0.0,0.0,0.0,0.0
18582,0.0,0.0,0.0,0.0
18583,0.0,0.0,0.0,0.0
18584,0.0,0.0,0.0,0.0
18585,0.0,0.0,0.0,0.0
18586,0.0,0.0,0.0,0.0
18587,0.0,0.0,0.0,0.0
18588,0.0,0.0,0.0,0.0
18589,0.0,0.0,0.0,0.0
18590,0.0,0.0,0.0,0.0
18591,0.0,0.0,0.0,0.0
18592,0.0,0.0,0.0,0.0
18593,0.0,0.0,0.0,0.0
18594,0.0,0.0,0.0,0.0
18595,0.0,0.0,0.0,0.0
18596,0.0,0.0,0.0,0.0
18597,0.0,0.0,0.0,0.0
18598,0.0,0.0,0.0,0.0
18599,0.0,0.0,0.0,0.0
18600,0.0,0.0,0.0,0.0
18601,0.0,0.0,0.0,0.0
18602,0.0,0.0,0.0,0.0
18603,0.0,0.0,0.0,0.0
18604,0.0,0.0,0.0,0.0
18605,0.0,0.0,0.0,0.0
18606,0.0,0.0,0.0,0.0
18607,0.0,0.0,0.0,0.0
18608,0.0,0.0,0.0,0.0
18609,0.0,0.0,0.0,0.0
18610,0.0,0.0,0.0,0.0
18611,0.0,0.0,0.0,0.0
18612,0.0,0.0,0.0,0.0
18613,0.0,0.0,0.0,0.0
18614,0.0,0.0,0.0,0.0
18615,0.0,0.0,0.0,0.0
18616,0.0,0.0,0.0,0.0
18617,0.0,0.0,0.0,0.0
18618,0.0,0.0,0.0,0.0
18619,0.0,0.0,0.0,0.0
18620,0.0,0.0,0.0,0.0
18621,0.0,0.0,0.0,0.0
18622,0.0,0.0,0.0,0.0
18623,0.0,0.0,0.0,0.0
18624,0.0,0.0,0.0,0.0
18625,0.0,0.0,0.0,0.0
18626,0.0,0.0,0.0,0.0
18627,0.0,0.0,0.0,0.0
18628,0.0,0.0,0.0,0.0
18629,0.0,0.0,0.0,0.0
18630,0.0,0.0,0.0,0.0
18631,0.0,0.0,0.0,0.0
18632,0.0,0.0,0.0,0.0
18633,0.0,0.0,0.0,0.0
18634,0.0,0.0,0.0,0.0
18635,0.0,0.0,0.0,0.0
18636,0.0,0.0,0.0,0.0
18637,0.0,0.0,0.0,0.0
18638,0.0,0.0,0.0,0.0
18639,0.0,0.0,0.0,0.0
18640,0.0,0.0,0.0,0.0
18641,0.0,0.0,0.0,0.0
18642,0.0,0.0,0.0,0.0
18643,0.0,0.0,0.0,0.0
18644,0.0,0.0,0.0,0.0
18645,0.0,0.0,0.0,0.0
18646,0.0,0.0,0.0,0.0
18647,0.0,0.0,0.0,0.0
18648,0.0,0.0,0.0,0.0
18649,0.0,0.0,0.0,0.0
18650,0.0,0.0,0.0,0.0
18651,0.0,0.0,0.0,0.0
18652,0.0,0.0,0.0,0.0
18653,0.0,0.0,0.0,0.0
18654,0.0,0.0,0.0,0.0
18655,0.0,0.0,0.0,0.0
18656,0.0,0.0,0.0,0.0
18657,0.0,0.0,0.0,0.0
18658,0.0,0.0,0.0,0.0
18659,0.0,0.0,0.0,0.0
18660,0.0,0.0,0.0,0.0
18661,0.0,0.0,0.0,0.0
18662,0.0,0.0,0.0,0.0
18663,0.0,0.0,0.0,0.0
18664,0.0,0.0,0.0,0.0
18665,0.0,0.0,0.0,0.0
18666,0.0,0.0,0.0,0.0
18667,0.0,0.0,0.0,0.0
18668,0.0,0.0,0.0,0.0
18669,0.0,0.0,0.0,0.0
18670,0.0,0.0,0.0,0.0
18671,0.0,0.0,0.0,0.0
18672,0.0,0.0,0.0,0.0
18673,0.0,0.0,0.0,0.0
18674,0.0,0.0,0.0,0.0
18675,0.0,0.0,0.0,0.0
18676,0.0,0.0,0.0,0.0
18677,0.0,0.0,0.0,0.0
18678,0.0,0.0,0.0,0.0
18679,0.0,0.0,0.0,0.0
18680,0.0,0.0,0.0,0.0
18681,0.0,0.0,0.0,0.0
18682,0.0,0.0,0.0,0.0
18683,0.0,0.0,0.0,0.0
18684,0.0,0.0,0.0,0.0
18685,0.0,0.0,0.0,0.0
18686,0.0,0.0,0.0,0.0
18687,0.0,0.0,0.0,0.0
18688,0.0,0.0,0.0,0.0
18689,0.0,0.0,0.0,0.0
18690,0.0,0.0,0.0,0.0
18691,0.0,0.0,0.0,0.0
18692,0.0,0.0,0.0,0.0
18693,0.0,0.0,0.0,0.0
18694,0.0,0.0,0.0,0.0
18695,0.0,0.0,0.0,0.0
18696,0.0,0.0,0.0,0.0
18697,0.0,0.0,0.0,0.0
18698,0.0,0.0,0.0,0.0
18699,0.0,0.0,0.0,0.0
18700,0.0,0.0,0.0,0.0
18701,0.0,0.0,0.0,0.0
18702,0.0,0.0,0.0,0.0
18703,0.0,0.0,0.0,0.0
18704,0.0,0.0,0.0,0.0
18705,0.0,0.0,0.0,0.0
18706,0.0,0.0,0.0,0.0
18707,0.0,0.0,0.0,0.0
18708,0.0,0.0,0.0,0.0
18709,0.0,0.0,0.0,0.0
18710,0.0,0.0,0.0,0.0
18711,0.0,0.0,0.0,0.0
18712,0.0,0.0,0.0,0.0
18713,0.0,0.0,0.0,0.0
18714,0.0,0.0,0.0,0.0
18715,0.0,0.0,0.0,0.0
18716,0.0,0.0,0.0,0.0
18717,0.0,0.0,0.0,0.0
18718,0.0,0.0,0.0,0.0
18719,0.0,0.0,0.0,0.0
18720,0.0,0.0,0.0,0.0
18721,0.0,0.0,0.0,0.0
18722,0.0,0.0,0.0,0.0
18723,0.0,0.0,0.0,0.0
18724,0.0,0.0,0.0,0.0
18725,0.0,0.0,0.0,0.0
18726,0.0,0.0,0.0,0.0
18727,0.0,0.0,0.0,0.0
18728,0.0,0.0,0.0,0.0
18729,0.0,0.0,0.0,0.0
18730,0.0,0.0,0.0,0.0
18731,0.0,0.0,0.0,0.0
18732,0.0,0.0,0.0,0.0
18733,0.0,0.0,0.0,0.0
18734,0.0,0.0,0.0,0.0
18735,0.0,0.0,0.0,0.0
18736,0.0,0.0,0.0,0.0
18737,0.0,0.0,0.0,0.0
18738,0.0,0.0,0.0,0.0
18739,0.0,0.0,0.0,0.0
18740,0.0,0.0,0.0,0.0
18741,0.0,0.0,0.0,0.0
18742,0.0,0.0,0.0,0.0
18743,0.0,0.0,0.0,0.0
18744,0.0,0.0,0.0,0.0
18745,0.0,0.0,0.0,0.0
18746,0.0,0.0,0.0,0.0
18747,0.0,0.0,0.0,0.0
18748,0.0,0.0,0.0,0.0
18749,0.0,0.0,0.0,0.0
18750,0.0,0.0,0.0,0.0
18751,0.0,0.0,0.0,0.0
18752,0.0,0.0,0.0,0.0
18753,0.0,0.0,0.0,0.0
18754,0.0,0.0,0.0,0.0
18755,0.0,0.0,0.0,0.0
18756,0.0,0.0,0.0,0.0
18757,0.0,0.0,0.0,0.0
18758,0.0,0.0,0.0,0.0
18759,0.0,0.0,0.0,0.0
18760,0.0,0.0,0.0,0.0
18761,0.0,0.0,0.0,0.0
18762,0.0,0.0,0.0,0.0
18763,0.0,0.0,0.0,0.0
18764,0.0,0.0,0.0,0.0
18765,0.0,0.0,0.0,0.0
18766,0.0,0.0,0.0,0.0
18767,0.0,0.0,0.0,0.0
18768,0.0,0.0,0.0,0.0
18769,0.0,0.0,0.0,0.0
18770,0.0,0.0,0.0,0.0
18771,0.0,0.0,0.0,0.0
18772,0.0,0.0,0.0,0.0
18773,0.0,0.0,0.0,0.0
18774,0.0,0.0,0.0,0.0
18775,0.0,0.0,0.0,0.0
18776,0.0,0.0,0.0,0.0
18777,0.0,0.0,0.0,0.0
18778,0.0,0.0,0.0,0.0
18779,0.0,0.0,0.0,0.0
18780,0.0,0.0,0.0,0.0
18781,0.0,0.0,0.0,0.0
18782,0.0,0.0,0.0,0.0
18783,0.0,0.0,0.0,0.0
18784,0.0,0.0,0.0,0.0
18785,0.0,0.0,0.0,0.0
18786,0.0,0.0,0.0,0.0
18787,0.0,0.0,0.0,0.0
18788,0.0,0.0,0.0,0.0
18789,0.0,0.0,0.0,0.0
18790,0.0,0.0,0.0,0.0
18791,0.0,0.0,0.0,0.0
18792,0.0,0.0,0.0,0.0
18793,0.0,0.0,0.0,0.0
18794,0.0,0.0,0.0,0.0
18795,0.0,0.0,0.0,0.0
18796,0.0,0.0,0.0,0.0
18797,0.0,0.0,0.0,0.0
18798,0.0,0.0,0.0,0.0
18799,0.0,0.0,0.0,0.0
18800,0.0,0.0,0.0,0.0
18801,0.0,0.0,0.0,0.0
18802,0.0,0.0,0.0,0.0
18803,0.0,0.0,0.0,0.0
18804,0.0,0.0,0.0,0.0
18805,0.0,0.0,0.0,0.0
18806,0.0,0.0,0.0,0.0
18807,0.0,0.0,0.0,0.0
18808,0.0,0.0,0.0,0.0
18809,0.0,0.0,0.0,0.0
18810,0.0,0.0,0.0,0.0
18811,0.0,0.0,0.0,0.0
18812,0.0,0.0,0.0,0.0
18813,0.0,0.0,0.0,0.0
18814,0.0,0.0,0.0,0.0
18815,0.0,0.0,0.0,0.0
18816,0.0,0.0,0.0,0.0
18817,0.0,0.0,0.0,0.0
18818,0.0,0.0,0.0,0.0
18819,0.0,0.0,0.0,0.0
18820,0.0,0.0,0.0,0.0
18821,0.0,0.0,0.0,0.0
18822,0.0,0.0,0.0,0.0
18823,0.0,0.0,0.0,0.0
18824,0.0,0.0,0.0,0.0
18825,0.0,0.0,0.0,0.0
18826,0.0,0.0,0.0,0.0
18827,0.0,0.0,0.0,0.0
18828,0.0,0.0,0.0,0.0
18829,0.0,0.0,0.0,0.0
18830,0.0,0.0,0.0,0.0
18831,0.0,0.0,0.0,0.0
18832,0.0,0.0,0.0,0.0
18833,0.0,0.0,0.0,0.0
18834,0.0,0.0,0.0,0.0
18835,0.0,0.0,0.0,0.0
18836,0.0,0.0,0.0,0.0
18837,0.0,0.0,0.0,0.0
18838,0.0,0.0,0.0,0.0
18839,0.0,0.0,0.0,0.0
18840,0.0,0.0,0.0,0.0
18841,0.0,0.0,0.0,0.0
18842,0.0,0.0,0.0,0.0
18843,0.0,0.0,0.0,0.0
18844,0.0,0.0,0.0,0.0
18845,0.0,0.0,0.0,0.0
18846,0.0,0.0,0.0,0.0
18847,0.0,0.0,0.0,0.0
18848,0.0,0.0,0.0,0.0
18849,0.0,0.0,0.0,0.0
18850,0.0,0.0,0.0,0.0
18851,0.0,0.0,0.0,0.0
18852,0.0,0.0,0.0,0.0
18853,0.0,0.0,0.0,0.0
18854,0.0,0.0,0.0,0.0
18855,0.0,0.0,0.0,0.0
18856,0.0,0.0,0.0,0.0
18857,0.0,0.0,0.0,0.0
18858,0.0,0.0,0.0,0.0
18859,0.0,0.0,0.0,0.0
18860,0.0,0.0,0.0,0.0
18861,0.0,0.0,0.0,0.0
18862,0.0,0.0,0.0,0.0
18863,0.0,0.0,0.0,0.0
18864,0.0,0.0,0.0,0.0
18865,0.0,0.0,0.0,0.0
18866,0.0,0.0,0.0,0.0
18867,0.0,0.0,0.0,0.0
18868,0.0,0.0,0.0,0.0
18869,0.0,0.0,0.0,0.0
18870,0.0,0.0,0.0,0.0
18871,0.0,0.0,0.0,0.0
18872,0.0,0.0,0.0,0.0
18873,0.0,0.0,0.0,0.0
18874,0.0,0.0,0.0,0.0
18875,0.0,0.0,0.0,0.0
18876,0.0,0.0,0.0,0.0
18877,0.0,0.0,0.0,0.0
18878,0.0,0.0,0.0,0.0
18879,0.0,0.0,0.0,0.0
18880,0.0,0.0,0.0,0.0
18881,0.0,0.0,0.0,0.0
18882,0.0,0.0,0.0,0.0
18883,0.0,0.0,0.0,0.0
18884,0.0,0.0,0.0,0.0
18885,0.0,0.0,0.0,0.0
18886,0.0,0.0,0.0,0.0
18887,0.0,0.0,0.0,0.0
18888,0.0,0.0,0.0,0.0
18889,0.0,0.0,0.0,0.0
18890,0.0,0.0,0.0,0.0
18891,0.0,0.0,0.0,0.0
18892,0.0,0.0,0.0,0.0
18893,0.0,0.0,0.0,0.0
18894,0.0,0.0,0.0,0.0
18895,0.0,0.0,0.0,0.0
18896,0.0,0.0,0.0,0.0
18897,0.0,0.0,0.0,0.0
18898,0.0,0.0,0.0,0.0
18899,0.0,0.0,0.0,0.0
18900,0.0,0.0,0.0,0.0
18901,0.0,0.0,0.0,0.0
18902,0.0,0.0,0.0,0.0
18903,0.0,0.0,0.0,0.0
18904,0.0,0.0,0.0,0.0
18905,0.0,0.0,0.0,0.0
18906,0.0,0.0,0.0,0.0
18907,0.0,0.0,0.0,0.0
18908,0.0,0.0,0.0,0.0
18909,0.0,0.0,0.0,0.0
18910,0.0,0.0,0.0,0.0
18911,0.0,0.0,0.0,0.0
18912,0.0,0.0,0.0,0.0
18913,0.0,0.0,0.0,0.0
18914,0.0,0.0,0.0,0.0
18915,0.0,0.0,0.0,0.0
18916,0.0,0.0,0.0,0.0
18917,0.0,0.0,0.0,0.0
18918,0.0,0.0,0.0,0.0
18919,0.0,0.0,0.0,0.0
18920,0.0,0.0,0.0,0.0
18921,0.0,0.0,0.0,0.0
18922,0.0,0.0,0.0,0.0
18923,0.0,0.0,0.0,0.0
18924,0.0,0.0,0.0,0.0
18925,0.0,0.0,0.0,0.0
18926,0.0,0.0,0.0,0.0
18927,0.0,0.0,0.0,0.0
18928,0.0,0.0,0.0,0.0
18929,0.0,0.0,0.0,0.0
18930,0.0,0.0,0.0,0.0
18931,0.0,0.0,0.0,0.0
18932,0.0,0.0,0.0,0.0
18933,0.0,0.0,0.0,0.0
18934,0.0,0.0,0.0,0.0
18935,0.0,0.0,0.0,0.0
18936,0.0,0.0,0.0,0.0
18937,0.0,0.0,0.0,0.0
18938,0.0,0.0,0.0,0.0
18939,0.0,0.0,0.0,0.0
18940,0.0,0.0,0.0,0.0
18941,0.0,0.0,0.0,0.0
18942,0.0,0.0,0.0,0.0
18943,0.0,0.0,0.0,0.0
18944,0.0,0.0,0.0,0.0
18945,0.0,0.0,0.0,0.0
18946,0.0,0.0,0.0,0.0
18947,0.0,0.0,0.0,0.0
18948,0.0,0.0,0.0,0.0
18949,0.0,0.0,0.0,0.0
18950,0.0,0.0,0.0,0.0
18951,0.0,0.0,0.0,0.0
18952,0.0,0.0,0.0,0.0
18953,0.0,0.0,0.0,0.0
18954,0.0,0.0,0.0,0.0
18955,0.0,0.0,0.0,0.0
18956,0.0,0.0,0.0,0.0
18957,0.0,0.0,0.0,0.0
18958,0.0,0.0,0.0,0.0
18959,0.0,0.0,0.0,0.0
18960,0.0,0.0,0.0,0.0
18961,0.0,0.0,0.0,0.0
18962,0.0,0.0,0.0,0.0
18963,0.0,0.0,0.0,0.0
18964,0.0,0.0,0.0,0.0
18965,0.0,0.0,0.0,0.0
18966,0.0,0.0,0.0,0.0
18967,0.0,0.0,0.0,0.0
18968,0.0,0.0,0.0,0.0
18969,0.0,0.0,0.0,0.0
18970,0.0,0.0,0.0,0.0
18971,0.0,0.0,0.0,0.0
18972,0.0,0.0,0.0,0.0
18973,0.0,0.0,0.0,0.0
18974,0.0,0.0,0.0,0.0
18975,0.0,0.0,0.0,0.0
18976,0.0,0.0,0.0,0.0
18977,0.0,0.0,0.0,0.0
18978,0.0,0.0,0.0,0.0
18979,0.0,0.0,0.0,0.0
18980,0.0,0.0,0.0,0.0
18981,0.0,0.0,0.0,0.0
18982,0.0,0.0,0.0,0.0
18983,0.0,0.0,0.0,0.0
18984,0.0,0.0,0.0,0.0
18985,0.0,0.0,0.0,0.0
18986,0.0,0.0,0.0,0.0
18987,0.0,0.0,0.0,0.0
18988,0.0,0.0,0.0,0.0
18989,0.0,0.0,0.0,0.0
18990,0.0,0.0,0.0,0.0
18991,0.0,0.0,0.0,0.0
18992,0.0,0.0,0.0,0.0
18993,0.0,0.0,0.0,0.0
18994,0.0,0.0,0.0,0.0
18995,0.0,0.0,0.0,0.0
18996,0.0,0.0,0.0,0.0
18997,0.0,0.0,0.0,0.0
18998,0.0,0.0,0.0,0.0
18999,0.0,0.0,0.0,0.0
19000,0.0,0.0,0.0,0.0
19001,0.0,0.0,0.0,0.0
19002,0.0,0.0,0.0,0.0
19003,0.0,0.0,0.0,0.0
19004,0.0,0.0,0.0,0.0
19005,0.0,0.0,0.0,0.0
19006,0.0,0.0,0.0,0.0
19007,0.0,0.0,0.0,0.0
19008,0.0,0.0,0.0,0.0
19009,0.0,0.0,0.0,0.0
19010,0.0,0.0,0.0,0.0
19011,0.0,0.0,0.0,0.0
19012,0.0,0.0,0.0,0.0
19013,0.0,0.0,0.0,0.0
19014,0.0,0.0,0.0,0.0
19015,0.0,0.0,0.0,0.0
19016,0.0,0.0,0.0,0.0
19017,0.0,0.0,0.0,0.0
19018,0.0,0.0,0.0,0.0
19019,0.0,0.0,0.0,0.0
19020,0.0,0.0,0.0,0.0
19021,0.0,0.0,0.0,0.0
19022,0.0,0.0,0.0,0.0
19023,0.0,0.0,0.0,0.0
19024,0.0,0.0,0.0,0.0
19025,0.0,0.0,0.0,0.0
19026,0.0,0.0,0.0,0.0
19027,0.0,0.0,0.0,0.0
19028,0.0,0.0,0.0,0.0
19029,0.0,0.0,0.0,0.0
19030,0.0,0.0,0.0,0.0
19031,0.0,0.0,0.0,0.0
19032,0.0,0.0,0.0,0.0
19033,0.0,0.0,0.0,0.0
19034,0.0,0.0,0.0,0.0
19035,0.0,0.0,0.0,0.0
19036,0.0,0.0,0.0,0.0
19037,0.0,0.0,0.0,0.0
19038,0.0,0.0,0.0,0.0
19039,0.0,0.0,0.0,0.0
19040,0.0,0.0,0.0,0.0
19041,0.0,0.0,0.0,0.0
19042,0.0,0.0,0.0,0.0
19043,0.0,0.0,0.0,0.0
19044,0.0,0.0,0.0,0.0
19045,0.0,0.0,0.0,0.0
19046,0.0,0.0,0.0,0.0
19047,0.0,0.0,0.0,0.0
19048,0.0,0.0,0.0,0.0
19049,0.0,0.0,0.0,0.0
19050,0.0,0.0,0.0,0.0
19051,0.0,0.0,0.0,0.0
19052,0.0,0.0,0.0,0.0
19053,0.0,0.0,0.0,0.0
19054,0.0,0.0,0.0,0.0
19055,0.0,0.0,0.0,0.0
19056,0.0,0.0,0.0,0.0
19057,0.0,0.0,0.0,0.0
19058,0.0,0.0,0.0,0.0
19059,0.0,0.0,0.0,0.0
19060,0.0,0.0,0.0,0.0
19061,0.0,0.0,0.0,0.0
19062,0.0,0.0,0.0,0.0
19063,0.0,0.0,0.0,0.0
19064,0.0,0.0,0.0,0.0
19065,0.0,0.0,0.0,0.0
19066,0.0,0.0,0.0,0.0
19067,0.0,0.0,0.0,0.0
19068,0.0,0.0,0.0,0.0
19069,0.0,0.0,0.0,0.0
19070,0.0,0.0,0.0,0.0
19071,0.0,0.0,0.0,0.0
19072,0.0,0.0,0.0,0.0
19073,0.0,0.0,0.0,0.0
19074,0.0,0.0,0.0,0.0
19075,0.0,0.0,0.0,0.0
19076,0.0,0.0,0.0,0.0
19077,0.0,0.0,0.0,0.0
19078,0.0,0.0,0.0,0.0
19079,0.0,0.0,0.0,0.0
19080,0.0,0.0,0.0,0.0
19081,0.0,0.0,0.0,0.0
19082,0.0,0.0,0.0,0.0
19083,0.0,0.0,0.0,0.0
19084,0.0,0.0,0.0,0.0
19085,0.0,0.0,0.0,0.0
19086,0.0,0.0,0.0,0.0
19087,0.0,0.0,0.0,0.0
19088,0.0,0.0,0.0,0.0
19089,0.0,0.0,0.0,0.0
19090,0.0,0.0,0.0,0.0
19091,0.0,0.0,0.0,0.0
19092,0.0,0.0,0.0,0.0
19093,0.0,0.0,0.0,0.0
19094,0.0,0.0,0.0,0.0
19095,0.0,0.0,0.0,0.0
19096,0.0,0.0,0.0,0.0
19097,0.0,0.0,0.0,0.0
19098,0.0,0.0,0.0,0.0
19099,0.0,0.0,0.0,0.0
19100,0.0,0.0,0.0,0.0
19101,0.0,0.0,0.0,0.0
19102,0.0,0.0,0.0,0.0
19103,0.0,0.0,0.0,0.0
19104,0.0,0.0,0.0,0.0
19105,0.0,0.0,0.0,0.0
19106,0.0,0.0,0.0,0.0
19107,0.0,0.0,0.0,0.0
19108,0.0,0.0,0.0,0.0
19109,0.0,0.0,0.0,0.0
19110,0.0,0.0,0.0,0.0
19111,0.0,0.0,0.0,0.0
19112,0.0,0.0,0.0,0.0
19113,0.0,0.0,0.0,0.0
19114,0.0,0.0,0.0,0.0
19115,0.0,0.0,0.0,0.0
19116,0.0,0.0,0.0,0.0
19117,0.0,0.0,0.0,0.0
19118,0.0,0.0,0.0,0.0
19119,0.0,0.0,0.0,0.0
19120,0.0,0.0,0.0,0.0
19121,0.0,0.0,0.0,0.0
19122,0.0,0.0,0.0,0.0
19123,0.0,0.0,0.0,0.0
19124,0.0,0.0,0.0,0.0
19125,0.0,0.0,0.0,0.0
19126,0.0,0.0,0.0,0.0
19127,0.0,0.0,0.0,0.0
19128,0.0,0.0,0.0,0.0
19129,0.0,0.0,0.0,0.0
19130,0.0,0.0,0.0,0.0
19131,0.0,0.0,0.0,0.0
19132,0.0,0.0,0.0,0.0
19133,0.0,0.0,0.0,0.0
19134,0.0,0.0,0.0,0.0
19135,0.0,0.0,0.0,0.0
19136,0.0,0.0,0.0,0.0
19137,0.0,0.0,0.0,0.0
19138,0.0,0.0,0.0,0.0
19139,0.0,0.0,0.0,0.0
19140,0.0,0.0,0.0,0.0
19141,0.0,0.0,0.0,0.0
19142,0.0,0.0,0.0,0.0
19143,0.0,0.0,0.0,0.0
19144,0.0,0.0,0.0,0.0
19145,0.0,0.0,0.0,0.0
19146,0.0,0.0,0.0,0.0
19147,0.0,0.0,0.0,0.0
19148,0.0,0.0,0.0,0.0
19149,0.0,0.0,0.0,0.0
19150,0.0,0.0,0.0,0.0
19151,0.0,0.0,0.0,0.0
19152,0.0,0.0,0.0,0.0
19153,0.0,0.0,0.0,0.0
19154,0.0,0.0,0.0,0.0
19155,0.0,0.0,0.0,0.0
19156,0.0,0.0,0.0,0.0
19157,0.0,0.0,0.0,0.0
19158,0.0,0.0,0.0,0.0
19159,0.0,0.0,0.0,0.0
19160,0.0,0.0,0.0,0.0
19161,0.0,0.0,0.0,0.0
19162,0.0,0.0,0.0,0.0
19163,0.0,0.0,0.0,0.0
19164,0.0,0.0,0.0,0.0
19165,0.0,0.0,0.0,0.0
19166,0.0,0.0,0.0,0.0
19167,0.0,0.0,0.0,0.0
19168,0.0,0.0,0.0,0.0
19169,0.0,0.0,0.0,0.0
19170,0.0,0.0,0.0,0.0
19171,0.0,0.0,0.0,0.0
19172,0.0,0.0,0.0,0.0
19173,0.0,0.0,0.0,0.0
19174,0.0,0.0,0.0,0.0
19175,0.0,0.0,0.0,0.0
19176,0.0,0.0,0.0,0.0
19177,0.0,0.0,0.0,0.0
19178,0.0,0.0,0.0,0.0
19179,0.0,0.0,0.0,0.0
19180,0.0,0.0,0.0,0.0
19181,0.0,0.0,0.0,0.0
19182,0.0,0.0,0.0,0.0
19183,0.0,0.0,0.0,0.0
19184,0.0,0.0,0.0,0.0
19185,0.0,0.0,0.0,0.0
19186,0.0,0.0,0.0,0.0
19187,0.0,0.0,0.0,0.0
19188,0.0,0.0,0.0,0.0
19189,0.0,0.0,0.0,0.0
19190,0.0,0.0,0.0,0.0
19191,0.0,0.0,0.0,0.0
19192,0.0,0.0,0.0,0.0
19193,0.0,0.0,0.0,0.0
19194,0.0,0.0,0.0,0.0
19195,0.0,0.0,0.0,0.0
19196,0.0,0.0,0.0,0.0
19197,0.0,0.0,0.0,0.0
19198,0.0,0.0,0.0,0.0
19199,0.0,0.0,0.0,0.0
19200,0.0,0.0,0.0,0.0
19201,0.0,0.0,0.0,0.0
19202,0.0,0.0,0.0,0.0
19203,0.0,0.0,0.0,0.0
19204,0.0,0.0,0.0,0.0
19205,0.0,0.0,0.0,0.0
19206,0.0,0.0,0.0,0.0
19207,0.0,0.0,0.0,0.0
19208,0.0,0.0,0.0,0.0
19209,0.0,0.0,0.0,0.0
19210,0.0,0.0,0.0,0.0
19211,0.0,0.0,0.0,0.0
19212,0.0,0.0,0.0,0.0
19213,0.0,0.0,0.0,0.0
19214,0.0,0.0,0.0,0.0
19215,0.0,0.0,0.0,0.0
19216,0.0,0.0,0.0,0.0
19217,0.0,0.0,0.0,0.0
19218,0.0,0.0,0.0,0.0
19219,0.0,0.0,0.0,0.0
19220,0.0,0.0,0.0,0.0
19221,0.0,0.0,0.0,0.0
19222,0.0,0.0,0.0,0.0
19223,0.0,0.0,0.0,0.0
19224,0.0,0.0,0.0,0.0
19225,0.0,0.0,0.0,0.0
19226,0.0,0.0,0.0,0.0
19227,0.0,0.0,0.0,0.0
19228,0.0,0.0,0.0,0.0
19229,0.0,0.0,0.0,0.0
19230,0.0,0.0,0.0,0.0
19231,0.0,0.0,0.0,0.0
19232,0.0,0.0,0.0,0.0
19233,0.0,0.0,0.0,0.0
19234,0.0,0.0,0.0,0.0
19235,0.0,0.0,0.0,0.0
19236,0.0,0.0,0.0,0.0
19237,0.0,0.0,0.0,0.0
19238,0.0,0.0,0.0,0.0
19239,0.0,0.0,0.0,0.0
19240,0.0,0.0,0.0,0.0
19241,0.0,0.0,0.0,0.0
19242,0.0,0.0,0.0,0.0
19243,0.0,0.0,0.0,0.0
19244,0.0,0.0,0.0,0.0
19245,0.0,0.0,0.0,0.0
19246,0.0,0.0,0.0,0.0
19247,0.0,0.0,0.0,0.0
19248,0.0,0.0,0.0,0.0
19249,0.0,0.0,0.0,0.0
19250,0.0,0.0,0.0,0.0
19251,0.0,0.0,0.0,0.0
19252,0.0,0.0,0.0,0.0
19253,0.0,0.0,0.0,0.0
19254,0.0,0.0,0.0,0.0
19255,0.0,0.0,0.0,0.0
19256,0.0,0.0,0.0,0.0
19257,0.0,0.0,0.0,0.0
19258,0.0,0.0,0.0,0.0
19259,0.0,0.0,0.0,0.0
19260,0.0,0.0,0.0,0.0
19261,0.0,0.0,0.0,0.0
19262,0.0,0.0,0.0,0.0
19263,0.0,0.0,0.0,0.0
19264,0.0,0.0,0.0,0.0
19265,0.0,0.0,0.0,0.0
19266,0.0,0.0,0.0,0.0
19267,0.0,0.0,0.0,0.0
19268,0.0,0.0,0.0,0.0
19269,0.0,0.0,0.0,0.0
19270,0.0,0.0,0.0,0.0
19271,0.0,0.0,0.0,0.0
19272,0.0,0.0,0.0,0.0
19273,0.0,0.0,0.0,0.0
19274,0.0,0.0,0.0,0.0
19275,0.0,0.0,0.0,0.0
19276,0.0,0.0,0.0,0.0
19277,0.0,0.0,0.0,0.0
19278,0.0,0.0,0.0,0.0
19279,0.0,0.0,0.0,0.0
19280,0.0,0.0,0.0,0.0
19281,0.0,0.0,0.0,0.0
19282,0.0,0.0,0.0,0.0
19283,0.0,0.0,0.0,0.0
19284,0.0,0.0,0.0,0.0
19285,0.0,0.0,0.0,0.0
19286,0.0,0.0,0.0,0.0
19287,0.0,0.0,0.0,0.0
19288,0.0,0.0,0.0,0.0
19289,0.0,0.0,0.0,0.0
19290,0.0,0.0,0.0,0.0
19291,0.0,0.0,0.0,0.0
19292,0.0,0.0,0.0,0.0
19293,0.0,0.0,0.0,0.0
19294,0.0,0.0,0.0,0.0
19295,0.0,0.0,0.0,0.0
19296,0.0,0.0,0.0,0.0
19297,0.0,0.0,0.0,0.0
19298,0.0,0.0,0.0,0.0
19299,0.0,0.0,0.0,0.0
19300,0.0,0.0,0.0,0.0
19301,0.0,0.0,0.0,0.0
19302,0.0,0.0,0.0,0.0
19303,0.0,0.0,0.0,0.0
19304,0.0,0.0,0.0,0.0
19305,0.0,0.0,0.0,0.0
19306,0.0,0.0,0.0,0.0
19307,0.0,0.0,0.0,0.0
19308,0.0,0.0,0.0,0.0
19309,0.0,0.0,0.0,0.0
19310,0.0,0.0,0.0,0.0
19311,0.0,0.0,0.0,0.0
19312,0.0,0.0,0.0,0.0
19313,0.0,0.0,0.0,0.0
19314,0.0,0.0,0.0,0.0
19315,0.0,0.0,0.0,0.0
19316,0.0,0.0,0.0,0.0
19317,0.0,0.0,0.0,0.0
19318,0.0,0.0,0.0,0.0
19319,0.0,0.0,0.0,0.0
19320,0.0,0.0,0.0,0.0
19321,0.0,0.0,0.0,0.0
19322,0.0,0.0,0.0,0.0
19323,0.0,0.0,0.0,0.0
19324,0.0,0.0,0.0,0.0
19325,0.0,0.0,0.0,0.0
19326,0.0,0.0,0.0,0.0
19327,0.0,0.0,0.0,0.0
19328,0.0,0.0,0.0,0.0
19329,0.0,0.0,0.0,0.0
19330,0.0,0.0,0.0,0.0
19331,0.0,0.0,0.0,0.0
19332,0.0,0.0,0.0,0.0
19333,0.0,0.0,0.0,0.0
19334,0.0,0.0,0.0,0.0
19335,0.0,0.0,0.0,0.0
19336,0.0,0.0,0.0,0.0
19337,0.0,0.0,0.0,0.0
19338,0.0,0.0,0.0,0.0
19339,0.0,0.0,0.0,0.0
19340,0.0,0.0,0.0,0.0
19341,0.0,0.0,0.0,0.0
19342,0.0,0.0,0.0,0.0
19343,0.0,0.0,0.0,0.0
19344,0.0,0.0,0.0,0.0
19345,0.0,0.0,0.0,0.0
19346,0.0,0.0,0.0,0.0
19347,0.0,0.0,0.0,0.0
19348,0.0,0.0,0.0,0.0
19349,0.0,0.0,0.0,0.0
19350,0.0,0.0,0.0,0.0
19351,0.0,0.0,0.0,0.0
19352,0.0,0.0,0.0,0.0
19353,0.0,0.0,0.0,0.0
19354,0.0,0.0,0.0,0.0
19355,0.0,0.0,0.0,0.0
19356,0.0,0.0,0.0,0.0
19357,0.0,0.0,0.0,0.0
19358,0.0,0.0,0.0,0.0
19359,0.0,0.0,0.0,0.0
19360,0.0,0.0,0.0,0.0
19361,0.0,0.0,0.0,0.0
19362,0.0,0.0,0.0,0.0
19363,0.0,0.0,0.0,0.0
19364,0.0,0.0,0.0,0.0
19365,0.0,0.0,0.0,0.0
19366,0.0,0.0,0.0,0.0
19367,0.0,0.0,0.0,0.0
19368,0.0,0.0,0.0,0.0
19369,0.0,0.0,0.0,0.0
19370,0.0,0.0,0.0,0.0
19371,0.0,0.0,0.0,0.0
19372,0.0,0.0,0.0,0.0
19373,0.0,0.0,0.0,0.0
19374,0.0,0.0,0.0,0.0
19375,0.0,0.0,0.0,0.0
19376,0.0,0.0,0.0,0.0
19377,0.0,0.0,0.0,0.0
19378,0.0,0.0,0.0,0.0
19379,0.0,0.0,0.0,0.0
19380,0.0,0.0,0.0,0.0
19381,0.0,0.0,0.0,0.0
19382,0.0,0.0,0.0,0.0
19383,0.0,0.0,0.0,0.0
19384,0.0,0.0,0.0,0.0
19385,0.0,0.0,0.0,0.0
19386,0.0,0.0,0.0,0.0
19387,0.0,0.0,0.0,0.0
19388,0.0,0.0,0.0,0.0
19389,0.0,0.0,0.0,0.0
19390,0.0,0.0,0.0,0.0
19391,0.0,0.0,0.0,0.0
19392,0.0,0.0,0.0,0.0
19393,0.0,0.0,0.0,0.0
19394,0.0,0.0,0.0,0.0
19395,0.0,0.0,0.0,0.0
19396,0.0,0.0,0.0,0.0
19397,0.0,0.0,0.0,0.0
19398,0.0,0.0,0.0,0.0
19399,0.0,0.0,0.0,0.0
19400,0.0,0.0,0.0,0.0
19401,0.0,0.0,0.0,0.0
19402,0.0,0.0,0.0,0.0
19403,0.0,0.0,0.0,0.0
19404,0.0,0.0,0.0,0.0
19405,0.0,0.0,0.0,0.0
19406,0.0,0.0,0.0,0.0
19407,0.0,0.0,0.0,0.0
19408,0.0,0.0,0.0,0.0
19409,0.0,0.0,0.0,0.0
19410,0.0,0.0,0.0,0.0
19411,0.0,0.0,0.0,0.0
19412,0.0,0.0,0.0,0.0
19413,0.0,0.0,0.0,0.0
19414,0.0,0.0,0.0,0.0
19415,0.0,0.0,0.0,0.0
19416,0.0,0.0,0.0,0.0
19417,0.0,0.0,0.0,0.0
19418,0.0,0.0,0.0,0.0
19419,0.0,0.0,0.0,0.0
19420,0.0,0.0,0.0,0.0
19421,0.0,0.0,0.0,0.0
19422,0.0,0.0,0.0,0.0
19423,0.0,0.0,0.0,0.0
19424,0.0,0.0,0.0,0.0
19425,0.0,0.0,0.0,0.0
19426,0.0,0.0,0.0,0.0
19427,0.0,0.0,0.0,0.0
19428,0.0,0.0,0.0,0.0
19429,0.0,0.0,0.0,0.0
19430,0.0,0.0,0.0,0.0
19431,0.0,0.0,0.0,0.0
19432,0.0,0.0,0.0,0.0
19433,0.0,0.0,0.0,0.0
19434,0.0,0.0,0.0,0.0
19435,0.0,0.0,0.0,0.0
19436,0.0,0.0,0.0,0.0
19437,0.0,0.0,0.0,0.0
19438,0.0,0.0,0.0,0.0
19439,0.0,0.0,0.0,0.0
19440,0.0,0.0,0.0,0.0
19441,0.0,0.0,0.0,0.0
19442,0.0,0.0,0.0,0.0
19443,0.0,0.0,0.0,0.0
19444,0.0,0.0,0.0,0.0
19445,0.0,0.0,0.0,0.0
19446,0.0,0.0,0.0,0.0
19447,0.0,0.0,0.0,0.0
19448,0.0,0.0,0.0,0.0
19449,0.0,0.0,0.0,0.0
19450,0.0,0.0,0.0,0.0
19451,0.0,0.0,0.0,0.0
19452,0.0,0.0,0.0,0.0
19453,0.0,0.0,0.0,0.0
19454,0.0,0.0,0.0,0.0
19455,0.0,0.0,0.0,0.0
19456,0.0,0.0,0.0,0.0
19457,0.0,0.0,0.0,0.0
19458,0.0,0.0,0.0,0.0
19459,0.0,0.0,0.0,0.0
19460,0.0,0.0,0.0,0.0
19461,0.0,0.0,0.0,0.0
19462,0.0,0.0,0.0,0.0
19463,0.0,0.0,0.0,0.0
19464,0.0,0.0,0.0,0.0
19465,0.0,0.0,0.0,0.0
19466,0.0,0.0,0.0,0.0
19467,0.0,0.0,0.0,0.0
19468,0.0,0.0,0.0,0.0
19469,0.0,0.0,0.0,0.0
19470,0.0,0.0,0.0,0.0
19471,0.0,0.0,0.0,0.0
19472,0.0,0.0,0.0,0.0
19473,0.0,0.0,0.0,0.0
19474,0.0,0.0,0.0,0.0
19475,0.0,0.0,0.0,0.0
19476,0.0,0.0,0.0,0.0
19477,0.0,0.0,0.0,0.0
19478,0.0,0.0,0.0,0.0
19479,0.0,0.0,0.0,0.0
19480,0.0,0.0,0.0,0.0
19481,0.0,0.0,0.0,0.0
19482,0.0,0.0,0.0,0.0
19483,0.0,0.0,0.0,0.0
19484,0.0,0.0,0.0,0.0
19485,0.0,0.0,0.0,0.0
19486,0.0,0.0,0.0,0.0
19487,0.0,0.0,0.0,0.0
19488,0.0,0.0,0.0,0.0
19489,0.0,0.0,0.0,0.0
19490,0.0,0.0,0.0,0.0
19491,0.0,0.0,0.0,0.0
19492,0.0,0.0,0.0,0.0
19493,0.0,0.0,0.0,0.0
19494,0.0,0.0,0.0,0.0
19495,0.0,0.0,0.0,0.0
19496,0.0,0.0,0.0,0.0
19497,0.0,0.0,0.0,0.0
19498,0.0,0.0,0.0,0.0
19499,0.0,0.0,0.0,0.0
19500,0.0,0.0,0.0,0.0
19501,0.0,0.0,0.0,0.0
19502,0.0,0.0,0.0,0.0
19503,0.0,0.0,0.0,0.0
19504,0.0,0.0,0.0,0.0
19505,0.0,0.0,0.0,0.0
19506,0.0,0.0,0.0,0.0
19507,0.0,0.0,0.0,0.0
19508,0.0,0.0,0.0,0.0
19509,0.0,0.0,0.0,0.0
19510,0.0,0.0,0.0,0.0
19511,0.0,0.0,0.0,0.0
19512,0.0,0.0,0.0,0.0
19513,0.0,0.0,0.0,0.0
19514,0.0,0.0,0.0,0.0
19515,0.0,0.0,0.0,0.0
19516,0.0,0.0,0.0,0.0
19517,0.0,0.0,0.0,0.0
19518,0.0,0.0,0.0,0.0
19519,0.0,0.0,0.0,0.0
19520,0.0,0.0,0.0,0.0
19521,0.0,0.0,0.0,0.0
19522,0.0,0.0,0.0,0.0
19523,0.0,0.0,0.0,0.0
19524,0.0,0.0,0.0,0.0
19525,0.0,0.0,0.0,0.0
19526,0.0,0.0,0.0,0.0
19527,0.0,0.0,0.0,0.0
19528,0.0,0.0,0.0,0.0
19529,0.0,0.0,0.0,0.0
19530,0.0,0.0,0.0,0.0
19531,0.0,0.0,0.0,0.0
19532,0.0,0.0,0.0,0.0
19533,0.0,0.0,0.0,0.0
19534,0.0,0.0,0.0,0.0
19535,0.0,0.0,0.0,0.0
19536,0.0,0.0,0.0,0.0
19537,0.0,0.0,0.0,0.0
19538,0.0,0.0,0.0,0.0
19539,0.0,0.0,0.0,0.0
19540,0.0,0.0,0.0,0.0
19541,0.0,0.0,0.0,0.0
19542,0.0,0.0,0.0,0.0
19543,0.0,0.0,0.0,0.0
19544,0.0,0.0,0.0,0.0
19545,0.0,0.0,0.0,0.0
19546,0.0,0.0,0.0,0.0
19547,0.0,0.0,0.0,0.0
19548,0.0,0.0,0.0,0.0
19549,0.0,0.0,0.0,0.0
19550,0.0,0.0,0.0,0.0
19551,0.0,0.0,0.0,0.0
19552,0.0,0.0,0.0,0.0
19553,0.0,0.0,0.0,0.0
19554,0.0,0.0,0.0,0.0
19555,0.0,0.0,0.0,0.0
19556,0.0,0.0,0.0,0.0
19557,0.0,0.0,0.0,0.0
19558,0.0,0.0,0.0,0.0
19559,0.0,0.0,0.0,0.0
19560,0.0,0.0,0.0,0.0
19561,0.0,0.0,0.0,0.0
19562,0.0,0.0,0.0,0.0
19563,0.0,0.0,0.0,0.0
19564,0.0,0.0,0.0,0.0
19565,0.0,0.0,0.0,0.0
19566,0.0,0.0,0.0,0.0
19567,0.0,0.0,0.0,0.0
19568,0.0,0.0,0.0,0.0
19569,0.0,0.0,0.0,0.0
19570,0.0,0.0,0.0,0.0
19571,0.0,0.0,0.0,0.0
19572,0.0,0.0,0.0,0.0
19573,0.0,0.0,0.0,0.0
19574,0.0,0.0,0.0,0.0
19575,0.0,0.0,0.0,0.0
19576,0.0,0.0,0.0,0.0
19577,0.0,0.0,0.0,0.0
19578,0.0,0.0,0.0,0.0
19579,0.0,0.0,0.0,0.0
19580,0.0,0.0,0.0,0.0
19581,0.0,0.0,0.0,0.0
19582,0.0,0.0,0.0,0.0
19583,0.0,0.0,0.0,0.0
19584,0.0,0.0,0.0,0.0
19585,0.0,0.0,0.0,0.0
19586,0.0,0.0,0.0,0.0
19587,0.0,0.0,0.0,0.0
19588,0.0,0.0,0.0,0.0
19589,0.0,0.0,0.0,0.0
19590,0.0,0.0,0.0,0.0
19591,0.0,0.0,0.0,0.0
19592,0.0,0.0,0.0,0.0
19593,0.0,0.0,0.0,0.0
19594,0.0,0.0,0.0,0.0
19595,0.0,0.0,0.0,0.0
19596,0.0,0.0,0.0,0.0
19597,0.0,0.0,0.0,0.0
19598,0.0,0.0,0.0,0.0
19599,0.0,0.0,0.0,0.0
19600,0.0,0.0,0.0,0.0
19601,0.0,0.0,0.0,0.0
19602,0.0,0.0,0.0,0.0
19603,0.0,0.0,0.0,0.0
19604,0.0,0.0,0.0,0.0
19605,0.0,0.0,0.0,0.0
19606,0.0,0.0,0.0,0.0
19607,0.0,0.0,0.0,0.0
19608,0.0,0.0,0.0,0.0
19609,0.0,0.0,0.0,0.0
19610,0.0,0.0,0.0,0.0
19611,0.0,0.0,0.0,0.0
19612,0.0,0.0,0.0,0.0
19613,0.0,0.0,0.0,0.0
19614,0.0,0.0,0.0,0.0
19615,0.0,0.0,0.0,0.0
19616,0.0,0.0,0.0,0.0
19617,0.0,0.0,0.0,0.0
19618,0.0,0.0,0.0,0.0
19619,0.0,0.0,0.0,0.0
19620,0.0,0.0,0.0,0.0
19621,0.0,0.0,0.0,0.0
19622,0.0,0.0,0.0,0.0
19623,0.0,0.0,0.0,0.0
19624,0.0,0.0,0.0,0.0
19625,0.0,0.0,0.0,0.0
19626,0.0,0.0,0.0,0.0
19627,0.0,0.0,0.0,0.0
19628,0.0,0.0,0.0,0.0
19629,0.0,0.0,0.0,0.0
19630,0.0,0.0,0.0,0.0
19631,0.0,0.0,0.0,0.0
19632,0.0,0.0,0.0,0.0
19633,0.0,0.0,0.0,0.0
19634,0.0,0.0,0.0,0.0
19635,0.0,0.0,0.0,0.0
19636,0.0,0.0,0.0,0.0
19637,0.0,0.0,0.0,0.0
19638,0.0,0.0,0.0,0.0
19639,0.0,0.0,0.0,0.0
19640,0.0,0.0,0.0,0.0
19641,0.0,0.0,0.0,0.0
19642,0.0,0.0,0.0,0.0
19643,0.0,0.0,0.0,0.0
19644,0.0,0.0,0.0,0.0
19645,0.0,0.0,0.0,0.0
19646,0.0,0.0,0.0,0.0
19647,0.0,0.0,0.0,0.0
19648,0.0,0.0,0.0,0.0
19649,0.0,0.0,0.0,0.0
19650,0.0,0.0,0.0,0.0
19651,0.0,0.0,0.0,0.0
19652,0.0,0.0,0.0,0.0
19653,0.0,0.0,0.0,0.0
19654,0.0,0.0,0.0,0.0
19655,0.0,0.0,0.0,0.0
19656,0.0,0.0,0.0,0.0
19657,0.0,0.0,0.0,0.0
19658,0.0,0.0,0.0,0.0
19659,0.0,0.0,0.0,0.0
19660,0.0,0.0,0.0,0.0
19661,0.0,0.0,0.0,0.0
19662,0.0,0.0,0.0,0.0
19663,0.0,0.0,0.0,0.0
19664,0.0,0.0,0.0,0.0
19665,0.0,0.0,0.0,0.0
19666,0.0,0.0,0.0,0.0
19667,0.0,0.0,0.0,0.0
19668,0.0,0.0,0.0,0.0
19669,0.0,0.0,0.0,0.0
19670,0.0,0.0,0.0,0.0
19671,0.0,0.0,0.0,0.0
19672,0.0,0.0,0.0,0.0
19673,0.0,0.0,0.0,0.0
19674,0.0,0.0,0.0,0.0
19675,0.0,0.0,0.0,0.0
19676,0.0,0.0,0.0,0.0
19677,0.0,0.0,0.0,0.0
19678,0.0,0.0,0.0,0.0
19679,0.0,0.0,0.0,0.0
19680,0.0,0.0,0.0,0.0
19681,0.0,0.0,0.0,0.0
19682,0.0,0.0,0.0,0.0
19683,0.0,0.0,0.0,0.0
19684,0.0,0.0,0.0,0.0
19685,0.0,0.0,0.0,0.0
19686,0.0,0.0,0.0,0.0
19687,0.0,0.0,0.0,0.0
19688,0.0,0.0,0.0,0.0
19689,0.0,0.0,0.0,0.0
19690,0.0,0.0,0.0,0.0
19691,0.0,0.0,0.0,0.0
19692,0.0,0.0,0.0,0.0
19693,0.0,0.0,0.0,0.0
19694,0.0,0.0,0.0,0.0
19695,0.0,0.0,0.0,0.0
19696,0.0,0.0,0.0,0.0
19697,0.0,0.0,0.0,0.0
19698,0.0,0.0,0.0,0.0
19699,0.0,0.0,0.0,0.0
19700,0.0,0.0,0.0,0.0
19701,0.0,0.0,0.0,0.0
19702,0.0,0.0,0.0,0.0
19703,0.0,0.0,0.0,0.0
19704,0.0,0.0,0.0,0.0
19705,0.0,0.0,0.0,0.0
19706,0.0,0.0,0.0,0.0
19707,0.0,0.0,0.0,0.0
19708,0.0,0.0,0.0,0.0
19709,0.0,0.0,0.0,0.0
19710,0.0,0.0,0.0,0.0
19711,0.0,0.0,0.0,0.0
19712,0.0,0.0,0.0,0.0
19713,0.0,0.0,0.0,0.0
19714,0.0,0.0,0.0,0.0
19715,0.0,0.0,0.0,0.0
19716,0.0,0.0,0.0,0.0
19717,0.0,0.0,0.0,0.0
19718,0.0,0.0,0.0,0.0
19719,0.0,0.0,0.0,0.0
19720,0.0,0.0,0.0,0.0
19721,0.0,0.0,0.0,0.0
19722,0.0,0.0,0.0,0.0
19723,0.0,0.0,0.0,0.0
19724,0.0,0.0,0.0,0.0
19725,0.0,0.0,0.0,0.0
19726,0.0,0.0,0.0,0.0
19727,0.0,0.0,0.0,0.0
19728,0.0,0.0,0.0,0.0
19729,0.0,0.0,0.0,0.0
19730,0.0,0.0,0.0,0.0
19731,0.0,0.0,0.0,0.0
19732,0.0,0.0,0.0,0.0
19733,0.0,0.0,0.0,0.0
19734,0.0,0.0,0.0,0.0
19735,0.0,0.0,0.0,0.0
19736,0.0,0.0,0.0,0.0
19737,0.0,0.0,0.0,0.0
19738,0.0,0.0,0.0,0.0
19739,0.0,0.0,0.0,0.0
19740,0.0,0.0,0.0,0.0
19741,0.0,0.0,0.0,0.0
19742,0.0,0.0,0.0,0.0
19743,0.0,0.0,0.0,0.0
19744,0.0,0.0,0.0,0.0
19745,0.0,0.0,0.0,0.0
19746,0.0,0.0,0.0,0.0
19747,0.0,0.0,0.0,0.0
19748,0.0,0.0,0.0,0.0
19749,0.0,0.0,0.0,0.0
19750,0.0,0.0,0.0,0.0
19751,0.0,0.0,0.0,0.0
19752,0.0,0.0,0.0,0.0
19753,0.0,0.0,0.0,0.0
19754,0.0,0.0,0.0,0.0
19755,0.0,0.0,0.0,0.0
19756,0.0,0.0,0.0,0.0
19757,0.0,0.0,0.0,0.0
19758,0.0,0.0,0.0,0.0
19759,0.0,0.0,0.0,0.0
19760,0.0,0.0,0.0,0.0
19761,0.0,0.0,0.0,0.0
19762,0.0,0.0,0.0,0.0
19763,0.0,0.0,0.0,0.0
19764,0.0,0.0,0.0,0.0
19765,0.0,0.0,0.0,0.0
19766,0.0,0.0,0.0,0.0
19767,0.0,0.0,0.0,0.0
19768,0.0,0.0,0.0,0.0
19769,0.0,0.0,0.0,0.0
19770,0.0,0.0,0.0,0.0
19771,0.0,0.0,0.0,0.0
19772,0.0,0.0,0.0,0.0
19773,0.0,0.0,0.0,0.0
19774,0.0,0.0,0.0,0.0
19775,0.0,0.0,0.0,0.0
19776,0.0,0.0,0.0,0.0
19777,0.0,0.0,0.0,0.0
19778,0.0,0.0,0.0,0.0
19779,0.0,0.0,0.0,0.0
19780,0.0,0.0,0.0,0.0
19781,0.0,0.0,0.0,0.0
19782,0.0,0.0,0.0,0.0
19783,0.0,0.0,0.0,0.0
19784,0.0,0.0,0.0,0.0
19785,0.0,0.0,0.0,0.0
19786,0.0,0.0,0.0,0.0
19787,0.0,0.0,0.0,0.0
19788,0.0,0.0,0.0,0.0
19789,0.0,0.0,0.0,0.0
19790,0.0,0.0,0.0,0.0
19791,0.0,0.0,0.0,0.0
19792,0.0,0.0,0.0,0.0
19793,0.0,0.0,0.0,0.0
19794,0.0,0.0,0.0,0.0
19795,0.0,0.0,0.0,0.0
19796,0.0,0.0,0.0,0.0
19797,0.0,0.0,0.0,0.0
19798,0.0,0.0,0.0,0.0
19799,0.0,0.0,0.0,0.0
19800,0.0,0.0,0.0,0.0
19801,0.0,0.0,0.0,0.0
19802,0.0,0.0,0.0,0.0
19803,0.0,0.0,0.0,0.0
19804,0.0,0.0,0.0,0.0
19805,0.0,0.0,0.0,0.0
19806,0.0,0.0,0.0,0.0
19807,0.0,0.0,0.0,0.0
19808,0.0,0.0,0.0,0.0
19809,0.0,0.0,0.0,0.0
19810,0.0,0.0,0.0,0.0
19811,0.0,0.0,0.0,0.0
19812,0.0,0.0,0.0,0.0
19813,0.0,0.0,0.0,0.0
19814,0.0,0.0,0.0,0.0
19815,0.0,0.0,0.0,0.0
19816,0.0,0.0,0.0,0.0
19817,0.0,0.0,0.0,0.0
19818,0.0,0.0,0.0,0.0
19819,0.0,0.0,0.0,0.0
19820,0.0,0.0,0.0,0.0
19821,0.0,0.0,0.0,0.0
19822,0.0,0.0,0.0,0.0
19823,0.0,0.0,0.0,0.0
19824,0.0,0.0,0.0,0.0
19825,0.0,0.0,0.0,0.0
19826,0.0,0.0,0.0,0.0
19827,0.0,0.0,0.0,0.0
19828,0.0,0.0,0.0,0.0
19829,0.0,0.0,0.0,0.0
19830,0.0,0.0,0.0,0.0
19831,0.0,0.0,0.0,0.0
19832,0.0,0.0,0.0,0.0
19833,0.0,0.0,0.0,0.0
19834,0.0,0.0,0.0,0.0
19835,0.0,0.0,0.0,0.0
19836,0.0,0.0,0.0,0.0
19837,0.0,0.0,0.0,0.0
19838,0.0,0.0,0.0,0.0
19839,0.0,0.0,0.0,0.0
19840,0.0,0.0,0.0,0.0
19841,0.0,0.0,0.0,0.0
19842,0.0,0.0,0.0,0.0
19843,0.0,0.0,0.0,0.0
19844,0.0,0.0,0.0,0.0
19845,0.0,0.0,0.0,0.0
19846,0.0,0.0,0.0,0.0
19847,0.0,0.0,0.0,0.0
19848,0.0,0.0,0.0,0.0
19849,0.0,0.0,0.0,0.0
19850,0.0,0.0,0.0,0.0
19851,0.0,0.0,0.0,0.0
19852,0.0,0.0,0.0,0.0
19853,0.0,0.0,0.0,0.0
19854,0.0,0.0,0.0,0.0
19855,0.0,0.0,0.0,0.0
19856,0.0,0.0,0.0,0.0
19857,0.0,0.0,0.0,0.0
19858,0.0,0.0,0.0,0.0
19859,0.0,0.0,0.0,0.0
19860,0.0,0.0,0.0,0.0
19861,0.0,0.0,0.0,0.0
19862,0.0,0.0,0.0,0.0
19863,0.0,0.0,0.0,0.0
19864,0.0,0.0,0.0,0.0
19865,0.0,0.0,0.0,0.0
19866,0.0,0.0,0.0,0.0
19867,0.0,0.0,0.0,0.0
19868,0.0,0.0,0.0,0.0
19869,0.0,0.0,0.0,0.0
19870,0.0,0.0,0.0,0.0
19871,0.0,0.0,0.0,0.0
19872,0.0,0.0,0.0,0.0
19873,0.0,0.0,0.0,0.0
19874,0.0,0.0,0.0,0.0
19875,0.0,0.0,0.0,0.0
19876,0.0,0.0,0.0,0.0
19877,0.0,0.0,0.0,0.0
19878,0.0,0.0,0.0,0.0
19879,0.0,0.0,0.0,0.0
19880,0.0,0.0,0.0,0.0
19881,0.0,0.0,0.0,0.0
19882,0.0,0.0,0.0,0.0
19883,0.0,0.0,0.0,0.0
19884,0.0,0.0,0.0,0.0
19885,0.0,0.0,0.0,0.0
19886,0.0,0.0,0.0,0.0
19887,0.0,0.0,0.0,0.0
19888,0.0,0.0,0.0,0.0
19889,0.0,0.0,0.0,0.0
19890,0.0,0.0,0.0,0.0
19891,0.0,0.0,0.0,0.0
19892,0.0,0.0,0.0,0.0
19893,0.0,0.0,0.0,0.0
19894,0.0,0.0,0.0,0.0
19895,0.0,0.0,0.0,0.0
19896,0.0,0.0,0.0,0.0
19897,0.0,0.0,0.0,0.0
19898,0.0,0.0,0.0,0.0
19899,0.0,0.0,0.0,0.0
19900,0.0,0.0,0.0,0.0
19901,0.0,0.0,0.0,0.0
19902,0.0,0.0,0.0,0.0
19903,0.0,0.0,0.0,0.0
19904,0.0,0.0,0.0,0.0
19905,0.0,0.0,0.0,0.0
19906,0.0,0.0,0.0,0.0
19907,0.0,0.0,0.0,0.0
19908,0.0,0.0,0.0,0.0
19909,0.0,0.0,0.0,0.0
19910,0.0,0.0,0.0,0.0
19911,0.0,0.0,0.0,0.0
19912,0.0,0.0,0.0,0.0
19913,0.0,0.0,0.0,0.0
19914,0.0,0.0,0.0,0.0
19915,0.0,0.0,0.0,0.0
19916,0.0,0.0,0.0,0.0
19917,0.0,0.0,0.0,0.0
19918,0.0,0.0,0.0,0.0
19919,0.0,0.0,0.0,0.0
19920,0.0,0.0,0.0,0.0
19921,0.0,0.0,0.0,0.0
19922,0.0,0.0,0.0,0.0
19923,0.0,0.0,0.0,0.0
19924,0.0,0.0,0.0,0.0
19925,0.0,0.0,0.0,0.0
19926,0.0,0.0,0.0,0.0
19927,0.0,0.0,0.0,0.0
19928,0.0,0.0,0.0,0.0
19929,0.0,0.0,0.0,0.0
19930,0.0,0.0,0.0,0.0
19931,0.0,0.0,0.0,0.0
19932,0.0,0.0,0.0,0.0
19933,0.0,0.0,0.0,0.0
19934,0.0,0.0,0.0,0.0
19935,0.0,0.0,0.0,0.0
19936,0.0,0.0,0.0,0.0
19937,0.0,0.0,0.0,0.0
19938,0.0,0.0,0.0,0.0
19939,0.0,0.0,0.0,0.0
19940,0.0,0.0,0.0,0.0
19941,0.0,0.0,0.0,0.0
19942,0.0,0.0,0.0,0.0
19943,0.0,0.0,0.0,0.0
19944,0.0,0.0,0.0,0.0
19945,0.0,0.0,0.0,0.0
19946,0.0,0.0,0.0,0.0
19947,0.0,0.0,0.0,0.0
19948,0.0,0.0,0.0,0.0
19949,0.0,0.0,0.0,0.0
19950,0.0,0.0,0.0,0.0
19951,0.0,0.0,0.0,0.0
19952,0.0,0.0,0.0,0.0
19953,0.0,0.0,0.0,0.0
19954,0.0,0.0,0.0,0.0
19955,0.0,0.0,0.0,0.0
19956,0.0,0.0,0.0,0.0
19957,0.0,0.0,0.0,0.0
19958,0.0,0.0,0.0,0.0
19959,0.0,0.0,0.0,0.0
19960,0.0,0.0,0.0,0.0
19961,0.0,0.0,0.0,0.0
19962,0.0,0.0,0.0,0.0
19963,0.0,0.0,0.0,0.0
19964,0.0,0.0,0.0,0.0
19965,0.0,0.0,0.0,0.0
19966,0.0,0.0,0.0,0.0
19967,0.0,0.0,0.0,0.0
19968,0.0,0.0,0.0,0.0
19969,0.0,0.0,0.0,0.0
19970,0.0,0.0,0.0,0.0
19971,0.0,0.0,0.0,0.0
19972,0.0,0.0,0.0,0.0
19973,0.0,0.0,0.0,0.0
19974,0.0,0.0,0.0,0.0
19975,0.0,0.0,0.0,0.0
19976,0.0,0.0,0.0,0.0
19977,0.0,0.0,0.0,0.0
19978,0.0,0.0,0.0,0.0
19979,0.0,0.0,0.0,0.0
19980,0.0,0.0,0.0,0.0
19981,0.0,0.0,0.0,0.0
19982,0.0,0.0,0.0,0.0
19983,0.0,0.0,0.0,0.0
19984,0.0,0.0,0.0,0.0
19985,0.0,0.0,0.0,0.0
19986,0.0,0.0,0.0,0.0
19987,0.0,0.0,0.0,0.0
19988,0.0,0.0,0.0,0.0
19989,0.0,0.0,0.0,0.0
19990,0.0,0.0,0.0,0.0
19991,0.0,0.0,0.0,0.0
19992,0.0,0.0,0.0,0.0
19993,0.0,0.0,0.0,0.0
19994,0.0,0.0,0.0,0.0
19995,0.0,0.0,0.0,0.0
19996,0.0,0.0,0.0,0.0
19997,0.0,0.0,0.0,0.0
19998,0.0,0.0,0.0,0.0
19999,0.0,0.0,0.0,0.0
20000,0.0,0.0,0.0,0.0
20001,0.0,0.0,0.0,0.0
20002,0.0,0.0,0.0,0.0
20003,0.0,0.0,0.0,0.0
20004,0.0,0.0,0.0,0.0
20005,0.0,0.0,0.0,0.0
20006,0.0,0.0,0.0,0.0
20007,0.0,0.0,0.0,0.0
20008,0.0,0.0,0.0,0.0
20009,0.0,0.0,0.0,0.0
20010,0.0,0.0,0.0,0.0
20011,0.0,0.0,0.0,0.0
20012,0.0,0.0,0.0,0.0
20013,0.0,0.0,0.0,0.0
20014,0.0,0.0,0.0,0.0
20015,0.0,0.0,0.0,0.0
20016,0.0,0.0,0.0,0.0
20017,0.0,0.0,0.0,0.0
20018,0.0,0.0,0.0,0.0
20019,0.0,0.0,0.0,0.0
20020,0.0,0.0,0.0,0.0
20021,0.0,0.0,0.0,0.0
20022,0.0,0.0,0.0,0.0
20023,0.0,0.0,0.0,0.0
20024,0.0,0.0,0.0,0.0
20025,0.0,0.0,0.0,0.0
20026,0.0,0.0,0.0,0.0
20027,0.0,0.0,0.0,0.0
20028,0.0,0.0,0.0,0.0
20029,0.0,0.0,0.0,0.0
20030,0.0,0.0,0.0,0.0
20031,0.0,0.0,0.0,0.0
20032,0.0,0.0,0.0,0.0
20033,0.0,0.0,0.0,0.0
20034,0.0,0.0,0.0,0.0
20035,0.0,0.0,0.0,0.0
20036,0.0,0.0,0.0,0.0
20037,0.0,0.0,0.0,0.0
20038,0.0,0.0,0.0,0.0
20039,0.0,0.0,0.0,0.0
20040,0.0,0.0,0.0,0.0
20041,0.0,0.0,0.0,0.0
20042,0.0,0.0,0.0,0.0
20043,0.0,0.0,0.0,0.0
20044,0.0,0.0,0.0,0.0
20045,0.0,0.0,0.0,0.0
20046,0.0,0.0,0.0,0.0
20047,0.0,0.0,0.0,0.0
20048,0.0,0.0,0.0,0.0
20049,0.0,0.0,0.0,0.0
20050,0.0,0.0,0.0,0.0
20051,0.0,0.0,0.0,0.0
20052,0.0,0.0,0.0,0.0
20053,0.0,0.0,0.0,0.0
20054,0.0,0.0,0.0,0.0
20055,0.0,0.0,0.0,0.0
20056,0.0,0.0,0.0,0.0
20057,0.0,0.0,0.0,0.0
20058,0.0,0.0,0.0,0.0
20059,0.0,0.0,0.0,0.0
20060,0.0,0.0,0.0,0.0
20061,0.0,0.0,0.0,0.0
20062,0.0,0.0,0.0,0.0
20063,0.0,0.0,0.0,0.0
20064,0.0,0.0,0.0,0.0
20065,0.0,0.0,0.0,0.0
20066,0.0,0.0,0.0,0.0
20067,0.0,0.0,0.0,0.0
20068,0.0,0.0,0.0,0.0
20069,0.0,0.0,0.0,0.0
20070,0.0,0.0,0.0,0.0
20071,0.0,0.0,0.0,0.0
20072,0.0,0.0,0.0,0.0
20073,0.0,0.0,0.0,0.0
20074,0.0,0.0,0.0,0.0
20075,0.0,0.0,0.0,0.0
20076,0.0,0.0,0.0,0.0
20077,0.0,0.0,0.0,0.0
20078,0.0,0.0,0.0,0.0
20079,0.0,0.0,0.0,0.0
20080,0.0,0.0,0.0,0.0
20081,0.0,0.0,0.0,0.0
20082,0.0,0.0,0.0,0.0
20083,0.0,0.0,0.0,0.0
20084,0.0,0.0,0.0,0.0
20085,0.0,0.0,0.0,0.0
20086,0.0,0.0,0.0,0.0
20087,0.0,0.0,0.0,0.0
20088,0.0,0.0,0.0,0.0
20089,0.0,0.0,0.0,0.0
20090,0.0,0.0,0.0,0.0
20091,0.0,0.0,0.0,0.0
20092,0.0,0.0,0.0,0.0
20093,0.0,0.0,0.0,0.0
20094,0.0,0.0,0.0,0.0
20095,0.0,0.0,0.0,0.0
20096,0.0,0.0,0.0,0.0
20097,0.0,0.0,0.0,0.0
20098,0.0,0.0,0.0,0.0
20099,0.0,0.0,0.0,0.0
20100,0.0,0.0,0.0,0.0
20101,0.0,0.0,0.0,0.0
20102,0.0,0.0,0.0,0.0
20103,0.0,0.0,0.0,0.0
20104,0.0,0.0,0.0,0.0
20105,0.0,0.0,0.0,0.0
20106,0.0,0.0,0.0,0.0
20107,0.0,0.0,0.0,0.0
20108,0.0,0.0,0.0,0.0
20109,0.0,0.0,0.0,0.0
20110,0.0,0.0,0.0,0.0
20111,0.0,0.0,0.0,0.0
20112,0.0,0.0,0.0,0.0
20113,0.0,0.0,0.0,0.0
20114,0.0,0.0,0.0,0.0
20115,0.0,0.0,0.0,0.0
20116,0.0,0.0,0.0,0.0
20117,0.0,0.0,0.0,0.0
20118,0.0,0.0,0.0,0.0
20119,0.0,0.0,0.0,0.0
20120,0.0,0.0,0.0,0.0
20121,0.0,0.0,0.0,0.0
20122,0.0,0.0,0.0,0.0
20123,0.0,0.0,0.0,0.0
20124,0.0,0.0,0.0,0.0
20125,0.0,0.0,0.0,0.0
20126,0.0,0.0,0.0,0.0
20127,0.0,0.0,0.0,0.0
20128,0.0,0.0,0.0,0.0
20129,0.0,0.0,0.0,0.0
20130,0.0,0.0,0.0,0.0
20131,0.0,0.0,0.0,0.0
20132,0.0,0.0,0.0,0.0
20133,0.0,0.0,0.0,0.0
20134,0.0,0.0,0.0,0.0
20135,0.0,0.0,0.0,0.0
20136,0.0,0.0,0.0,0.0
20137,0.0,0.0,0.0,0.0
20138,0.0,0.0,0.0,0.0
20139,0.0,0.0,0.0,0.0
20140,0.0,0.0,0.0,0.0
20141,0.0,0.0,0.0,0.0
20142,0.0,0.0,0.0,0.0
20143,0.0,0.0,0.0,0.0
20144,0.0,0.0,0.0,0.0
20145,0.0,0.0,0.0,0.0
20146,0.0,0.0,0.0,0.0
20147,0.0,0.0,0.0,0.0
20148,0.0,0.0,0.0,0.0
20149,0.0,0.0,0.0,0.0
20150,0.0,0.0,0.0,0.0
20151,0.0,0.0,0.0,0.0
20152,0.0,0.0,0.0,0.0
20153,0.0,0.0,0.0,0.0
20154,0.0,0.0,0.0,0.0
20155,0.0,0.0,0.0,0.0
20156,0.0,0.0,0.0,0.0
20157,0.0,0.0,0.0,0.0
20158,0.0,0.0,0.0,0.0
20159,0.0,0.0,0.0,0.0
20160,0.0,0.0,0.0,0.0
20161,0.0,0.0,0.0,0.0
20162,0.0,0.0,0.0,0.0
20163,0.0,0.0,0.0,0.0
20164,0.0,0.0,0.0,0.0
20165,0.0,0.0,0.0,0.0
20166,0.0,0.0,0.0,0.0
20167,0.0,0.0,0.0,0.0
20168,0.0,0.0,0.0,0.0
20169,0.0,0.0,0.0,0.0
20170,0.0,0.0,0.0,0.0
20171,0.0,0.0,0.0,0.0
20172,0.0,0.0,0.0,0.0
20173,0.0,0.0,0.0,0.0
20174,0.0,0.0,0.0,0.0
20175,0.0,0.0,0.0,0.0
20176,0.0,0.0,0.0,0.0
20177,0.0,0.0,0.0,0.0
20178,0.0,0.0,0.0,0.0
20179,0.0,0.0,0.0,0.0
20180,0.0,0.0,0.0,0.0
20181,0.0,0.0,0.0,0.0
20182,0.0,0.0,0.0,0.0
20183,0.0,0.0,0.0,0.0
20184,0.0,0.0,0.0,0.0
20185,0.0,0.0,0.0,0.0
20186,0.0,0.0,0.0,0.0
20187,0.0,0.0,0.0,0.0
20188,0.0,0.0,0.0,0.0
20189,0.0,0.0,0.0,0.0
20190,0.0,0.0,0.0,0.0
20191,0.0,0.0,0.0,0.0
20192,0.0,0.0,0.0,0.0
20193,0.0,0.0,0.0,0.0
20194,0.0,0.0,0.0,0.0
20195,0.0,0.0,0.0,0.0
20196,0.0,0.0,0.0,0.0
20197,0.0,0.0,0.0,0.0
20198,0.0,0.0,0.0,0.0
20199,0.0,0.0,0.0,0.0
20200,0.0,0.0,0.0,0.0
20201,0.0,0.0,0.0,0.0
20202,0.0,0.0,0.0,0.0
20203,0.0,0.0,0.0,0.0
20204,0.0,0.0,0.0,0.0
20205,0.0,0.0,0.0,0.0
20206,0.0,0.0,0.0,0.0
20207,0.0,0.0,0.0,0.0
20208,0.0,0.0,0.0,0.0
20209,0.0,0.0,0.0,0.0
20210,0.0,0.0,0.0,0.0
20211,0.0,0.0,0.0,0.0
20212,0.0,0.0,0.0,0.0
20213,0.0,0.0,0.0,0.0
20214,0.0,0.0,0.0,0.0
20215,0.0,0.0,0.0,0.0
20216,0.0,0.0,0.0,0.0
20217,0.0,0.0,0.0,0.0
20218,0.0,0.0,0.0,0.0
20219,0.0,0.0,0.0,0.0
20220,0.0,0.0,0.0,0.0
20221,0.0,0.0,0.0,0.0
20222,0.0,0.0,0.0,0.0
20223,0.0,0.0,0.0,0.0
20224,0.0,0.0,0.0,0.0
20225,0.0,0.0,0.0,0.0
20226,0.0,0.0,0.0,0.0
20227,0.0,0.0,0.0,0.0
20228,0.0,0.0,0.0,0.0
20229,0.0,0.0,0.0,0.0
20230,0.0,0.0,0.0,0.0
20231,0.0,0.0,0.0,0.0
20232,0.0,0.0,0.0,0.0
20233,0.0,0.0,0.0,0.0
20234,0.0,0.0,0.0,0.0
20235,0.0,0.0,0.0,0.0
20236,0.0,0.0,0.0,0.0
20237,0.0,0.0,0.0,0.0
20238,0.0,0.0,0.0,0.0
20239,0.0,0.0,0.0,0.0
20240,0.0,0.0,0.0,0.0
20241,0.0,0.0,0.0,0.0
20242,0.0,0.0,0.0,0.0
20243,0.0,0.0,0.0,0.0
20244,0.0,0.0,0.0,0.0
20245,0.0,0.0,0.0,0.0
20246,0.0,0.0,0.0,0.0
20247,0.0,0.0,0.0,0.0
20248,0.0,0.0,0.0,0.0
20249,0.0,0.0,0.0,0.0
20250,0.0,0.0,0.0,0.0
20251,0.0,0.0,0.0,0.0
20252,0.0,0.0,0.0,0.0
20253,0.0,0.0,0.0,0.0
20254,0.0,0.0,0.0,0.0
20255,0.0,0.0,0.0,0.0
20256,0.0,0.0,0.0,0.0
20257,0.0,0.0,0.0,0.0
20258,0.0,0.0,0.0,0.0
20259,0.0,0.0,0.0,0.0
20260,0.0,0.0,0.0,0.0
20261,0.0,0.0,0.0,0.0
20262,0.0,0.0,0.0,0.0
20263,0.0,0.0,0.0,0.0
20264,0.0,0.0,0.0,0.0
20265,0.0,0.0,0.0,0.0
20266,0.0,0.0,0.0,0.0
20267,0.0,0.0,0.0,0.0
20268,0.0,0.0,0.0,0.0
20269,0.0,0.0,0.0,0.0
20270,0.0,0.0,0.0,0.0
20271,0.0,0.0,0.0,0.0
20272,0.0,0.0,0.0,0.0
20273,0.0,0.0,0.0,0.0
20274,0.0,0.0,0.0,0.0
20275,0.0,0.0,0.0,0.0
20276,0.0,0.0,0.0,0.0
20277,0.0,0.0,0.0,0.0
20278,0.0,0.0,0.0,0.0
20279,0.0,0.0,0.0,0.0
20280,0.0,0.0,0.0,0.0
20281,0.0,0.0,0.0,0.0
20282,0.0,0.0,0.0,0.0
20283,0.0,0.0,0.0,0.0
20284,0.0,0.0,0.0,0.0
20285,0.0,0.0,0.0,0.0
20286,0.0,0.0,0.0,0.0
20287,0.0,0.0,0.0,0.0
20288,0.0,0.0,0.0,0.0
20289,0.0,0.0,0.0,0.0
20290,0.0,0.0,0.0,0.0
20291,0.0,0.0,0.0,0.0
20292,0.0,0.0,0.0,0.0
20293,0.0,0.0,0.0,0.0
20294,0.0,0.0,0.0,0.0
20295,0.0,0.0,0.0,0.0
20296,0.0,0.0,0.0,0.0
20297,0.0,0.0,0.0,0.0
20298,0.0,0.0,0.0,0.0
20299,0.0,0.0,0.0,0.0
20300,0.0,0.0,0.0,0.0
20301,0.0,0.0,0.0,0.0
20302,0.0,0.0,0.0,0.0
20303,0.0,0.0,0.0,0.0
20304,0.0,0.0,0.0,0.0
20305,0.0,0.0,0.0,0.0
20306,0.0,0.0,0.0,0.0
20307,0.0,0.0,0.0,0.0
20308,0.0,0.0,0.0,0.0
20309,0.0,0.0,0.0,0.0
20310,0.0,0.0,0.0,0.0
20311,0.0,0.0,0.0,0.0
20312,0.0,0.0,0.0,0.0
20313,0.0,0.0,0.0,0.0
20314,0.0,0.0,0.0,0.0
20315,0.0,0.0,0.0,0.0
20316,0.0,0.0,0.0,0.0
20317,0.0,0.0,0.0,0.0
20318,0.0,0.0,0.0,0.0
20319,0.0,0.0,0.0,0.0
20320,0.0,0.0,0.0,0.0
20321,0.0,0.0,0.0,0.0
20322,0.0,0.0,0.0,0.0
20323,0.0,0.0,0.0,0.0
20324,0.0,0.0,0.0,0.0
20325,0.0,0.0,0.0,0.0
20326,0.0,0.0,0.0,0.0
20327,0.0,0.0,0.0,0.0
20328,0.0,0.0,0.0,0.0
20329,0.0,0.0,0.0,0.0
20330,0.0,0.0,0.0,0.0
20331,0.0,0.0,0.0,0.0
20332,0.0,0.0,0.0,0.0
20333,0.0,0.0,0.0,0.0
20334,0.0,0.0,0.0,0.0
20335,0.0,0.0,0.0,0.0
20336,0.0,0.0,0.0,0.0
20337,0.0,0.0,0.0,0.0
20338,0.0,0.0,0.0,0.0
20339,0.0,0.0,0.0,0.0
20340,0.0,0.0,0.0,0.0
20341,0.0,0.0,0.0,0.0
20342,0.0,0.0,0.0,0.0
20343,0.0,0.0,0.0,0.0
20344,0.0,0.0,0.0,0.0
20345,0.0,0.0,0.0,0.0
20346,0.0,0.0,0.0,0.0
20347,0.0,0.0,0.0,0.0
20348,0.0,0.0,0.0,0.0
20349,0.0,0.0,0.0,0.0
20350,0.0,0.0,0.0,0.0
20351,0.0,0.0,0.0,0.0
20352,0.0,0.0,0.0,0.0
20353,0.0,0.0,0.0,0.0
20354,0.0,0.0,0.0,0.0
20355,0.0,0.0,0.0,0.0
20356,0.0,0.0,0.0,0.0
20357,0.0,0.0,0.0,0.0
20358,0.0,0.0,0.0,0.0
20359,0.0,0.0,0.0,0.0
20360,0.0,0.0,0.0,0.0
20361,0.0,0.0,0.0,0.0
20362,0.0,0.0,0.0,0.0
20363,0.0,0.0,0.0,0.0
20364,0.0,0.0,0.0,0.0
20365,0.0,0.0,0.0,0.0
20366,0.0,0.0,0.0,0.0
20367,0.0,0.0,0.0,0.0
20368,0.0,0.0,0.0,0.0
20369,0.0,0.0,0.0,0.0
20370,0.0,0.0,0.0,0.0
20371,0.0,0.0,0.0,0.0
20372,0.0,0.0,0.0,0.0
20373,0.0,0.0,0.0,0.0
20374,0.0,0.0,0.0,0.0
20375,0.0,0.0,0.0,0.0
20376,0.0,0.0,0.0,0.0
20377,0.0,0.0,0.0,0.0
20378,0.0,0.0,0.0,0.0
20379,0.0,0.0,0.0,0.0
20380,0.0,0.0,0.0,0.0
20381,0.0,0.0,0.0,0.0
20382,0.0,0.0,0.0,0.0
20383,0.0,0.0,0.0,0.0
20384,0.0,0.0,0.0,0.0
20385,0.0,0.0,0.0,0.0
20386,0.0,0.0,0.0,0.0
20387,0.0,0.0,0.0,0.0
20388,0.0,0.0,0.0,0.0
20389,0.0,0.0,0.0,0.0
20390,0.0,0.0,0.0,0.0
20391,0.0,0.0,0.0,0.0
20392,0.0,0.0,0.0,0.0
20393,0.0,0.0,0.0,0.0
20394,0.0,0.0,0.0,0.0
20395,0.0,0.0,0.0,0.0
20396,0.0,0.0,0.0,0.0
20397,0.0,0.0,0.0,0.0
20398,0.0,0.0,0.0,0.0
20399,0.0,0.0,0.0,0.0
20400,0.0,0.0,0.0,0.0
20401,0.0,0.0,0.0,0.0
20402,0.0,0.0,0.0,0.0
20403,0.0,0.0,0.0,0.0
20404,0.0,0.0,0.0,0.0
20405,0.0,0.0,0.0,0.0
20406,0.0,0.0,0.0,0.0
20407,0.0,0.0,0.0,0.0
20408,0.0,0.0,0.0,0.0
20409,0.0,0.0,0.0,0.0
20410,0.0,0.0,0.0,0.0
20411,0.0,0.0,0.0,0.0
20412,0.0,0.0,0.0,0.0
20413,0.0,0.0,0.0,0.0
20414,0.0,0.0,0.0,0.0
20415,0.0,0.0,0.0,0.0
20416,0.0,0.0,0.0,0.0
20417,0.0,0.0,0.0,0.0
20418,0.0,0.0,0.0,0.0
20419,0.0,0.0,0.0,0.0
20420,0.0,0.0,0.0,0.0
20421,0.0,0.0,0.0,0.0
20422,0.0,0.0,0.0,0.0
20423,0.0,0.0,0.0,0.0
20424,0.0,0.0,0.0,0.0
20425,0.0,0.0,0.0,0.0
20426,0.0,0.0,0.0,0.0
20427,0.0,0.0,0.0,0.0
20428,0.0,0.0,0.0,0.0
20429,0.0,0.0,0.0,0.0
20430,0.0,0.0,0.0,0.0
20431,0.0,0.0,0.0,0.0
20432,0.0,0.0,0.0,0.0
20433,0.0,0.0,0.0,0.0
20434,0.0,0.0,0.0,0.0
20435,0.0,0.0,0.0,0.0
20436,0.0,0.0,0.0,0.0
20437,0.0,0.0,0.0,0.0
20438,0.0,0.0,0.0,0.0
20439,0.0,0.0,0.0,0.0
20440,0.0,0.0,0.0,0.0
20441,0.0,0.0,0.0,0.0
20442,0.0,0.0,0.0,0.0
20443,0.0,0.0,0.0,0.0
20444,0.0,0.0,0.0,0.0
20445,0.0,0.0,0.0,0.0
20446,0.0,0.0,0.0,0.0
20447,0.0,0.0,0.0,0.0
20448,0.0,0.0,0.0,0.0
20449,0.0,0.0,0.0,0.0
20450,0.0,0.0,0.0,0.0
20451,0.0,0.0,0.0,0.0
20452,0.0,0.0,0.0,0.0
20453,0.0,0.0,0.0,0.0
20454,0.0,0.0,0.0,0.0
20455,0.0,0.0,0.0,0.0
20456,0.0,0.0,0.0,0.0
20457,0.0,0.0,0.0,0.0
20458,0.0,0.0,0.0,0.0
20459,0.0,0.0,0.0,0.0
20460,0.0,0.0,0.0,0.0
20461,0.0,0.0,0.0,0.0
20462,0.0,0.0,0.0,0.0
20463,0.0,0.0,0.0,0.0
20464,0.0,0.0,0.0,0.0
20465,0.0,0.0,0.0,0.0
20466,0.0,0.0,0.0,0.0
20467,0.0,0.0,0.0,0.0
20468,0.0,0.0,0.0,0.0
20469,0.0,0.0,0.0,0.0
20470,0.0,0.0,0.0,0.0
20471,0.0,0.0,0.0,0.0
20472,0.0,0.0,0.0,0.0
20473,0.0,0.0,0.0,0.0
20474,0.0,0.0,0.0,0.0
20475,0.0,0.0,0.0,0.0
20476,0.0,0.0,0.0,0.0
20477,0.0,0.0,0.0,0.0
20478,0.0,0.0,0.0,0.0
20479,0.0,0.0,0.0,0.0
20480,0.0,0.0,0.0,0.0
20481,0.0,0.0,0.0,0.0
20482,0.0,0.0,0.0,0.0
20483,0.0,0.0,0.0,0.0
20484,0.0,0.0,0.0,0.0
20485,0.0,0.0,0.0,0.0
20486,0.0,0.0,0.0,0.0
20487,0.0,0.0,0.0,0.0
20488,0.0,0.0,0.0,0.0
20489,0.0,0.0,0.0,0.0
20490,0.0,0.0,0.0,0.0
20491,0.0,0.0,0.0,0.0
20492,0.0,0.0,0.0,0.0
20493,0.0,0.0,0.0,0.0
20494,0.0,0.0,0.0,0.0
20495,0.0,0.0,0.0,0.0
20496,0.0,0.0,0.0,0.0
20497,0.0,0.0,0.0,0.0
20498,0.0,0.0,0.0,0.0
20499,0.0,0.0,0.0,0.0
20500,0.0,0.0,0.0,0.0
20501,0.0,0.0,0.0,0.0
20502,0.0,0.0,0.0,0.0
20503,0.0,0.0,0.0,0.0
20504,0.0,0.0,0.0,0.0
20505,0.0,0.0,0.0,0.0
20506,0.0,0.0,0.0,0.0
20507,0.0,0.0,0.0,0.0
20508,0.0,0.0,0.0,0.0
20509,0.0,0.0,0.0,0.0
20510,0.0,0.0,0.0,0.0
20511,0.0,0.0,0.0,0.0
20512,0.0,0.0,0.0,0.0
20513,0.0,0.0,0.0,0.0
20514,0.0,0.0,0.0,0.0
20515,0.0,0.0,0.0,0.0
20516,0.0,0.0,0.0,0.0
20517,0.0,0.0,0.0,0.0
20518,0.0,0.0,0.0,0.0
20519,0.0,0.0,0.0,0.0
20520,0.0,0.0,0.0,0.0
20521,0.0,0.0,0.0,0.0
20522,0.0,0.0,0.0,0.0
20523,0.0,0.0,0.0,0.0
20524,0.0,0.0,0.0,0.0
20525,0.0,0.0,0.0,0.0
20526,0.0,0.0,0.0,0.0
20527,0.0,0.0,0.0,0.0
20528,0.0,0.0,0.0,0.0
20529,0.0,0.0,0.0,0.0
20530,0.0,0.0,0.0,0.0
20531,0.0,0.0,0.0,0.0
20532,0.0,0.0,0.0,0.0
20533,0.0,0.0,0.0,0.0
20534,0.0,0.0,0.0,0.0
20535,0.0,0.0,0.0,0.0
20536,0.0,0.0,0.0,0.0
20537,0.0,0.0,0.0,0.0
20538,0.0,0.0,0.0,0.0
20539,0.0,0.0,0.0,0.0
20540,0.0,0.0,0.0,0.0
20541,0.0,0.0,0.0,0.0
20542,0.0,0.0,0.0,0.0
20543,0.0,0.0,0.0,0.0
20544,0.0,0.0,0.0,0.0
20545,0.0,0.0,0.0,0.0
20546,0.0,0.0,0.0,0.0
20547,0.0,0.0,0.0,0.0
20548,0.0,0.0,0.0,0.0
20549,0.0,0.0,0.0,0.0
20550,0.0,0.0,0.0,0.0
20551,0.0,0.0,0.0,0.0
20552,0.0,0.0,0.0,0.0
20553,0.0,0.0,0.0,0.0
20554,0.0,0.0,0.0,0.0
20555,0.0,0.0,0.0,0.0
20556,0.0,0.0,0.0,0.0
20557,0.0,0.0,0.0,0.0
20558,0.0,0.0,0.0,0.0
20559,0.0,0.0,0.0,0.0
20560,0.0,0.0,0.0,0.0
20561,0.0,0.0,0.0,0.0
20562,0.0,0.0,0.0,0.0
20563,0.0,0.0,0.0,0.0
20564,0.0,0.0,0.0,0.0
20565,0.0,0.0,0.0,0.0
20566,0.0,0.0,0.0,0.0
20567,0.0,0.0,0.0,0.0
20568,0.0,0.0,0.0,0.0
20569,0.0,0.0,0.0,0.0
20570,0.0,0.0,0.0,0.0
20571,0.0,0.0,0.0,0.0
20572,0.0,0.0,0.0,0.0
20573,0.0,0.0,0.0,0.0
20574,0.0,0.0,0.0,0.0
20575,0.0,0.0,0.0,0.0
20576,0.0,0.0,0.0,0.0
20577,0.0,0.0,0.0,0.0
20578,0.0,0.0,0.0,0.0
20579,0.0,0.0,0.0,0.0
20580,0.0,0.0,0.0,0.0
20581,0.0,0.0,0.0,0.0
20582,0.0,0.0,0.0,0.0
20583,0.0,0.0,0.0,0.0
20584,0.0,0.0,0.0,0.0
20585,0.0,0.0,0.0,0.0
20586,0.0,0.0,0.0,0.0
20587,0.0,0.0,0.0,0.0
20588,0.0,0.0,0.0,0.0
20589,0.0,0.0,0.0,0.0
20590,0.0,0.0,0.0,0.0
20591,0.0,0.0,0.0,0.0
20592,0.0,0.0,0.0,0.0
20593,0.0,0.0,0.0,0.0
20594,0.0,0.0,0.0,0.0
20595,0.0,0.0,0.0,0.0
20596,0.0,0.0,0.0,0.0
20597,0.0,0.0,0.0,0.0
20598,0.0,0.0,0.0,0.0
20599,0.0,0.0,0.0,0.0
20600,0.0,0.0,0.0,0.0
20601,0.0,0.0,0.0,0.0
20602,0.0,0.0,0.0,0.0
20603,0.0,0.0,0.0,0.0
20604,0.0,0.0,0.0,0.0
20605,0.0,0.0,0.0,0.0
20606,0.0,0.0,0.0,0.0
20607,0.0,0.0,0.0,0.0
20608,0.0,0.0,0.0,0.0
20609,0.0,0.0,0.0,0.0
20610,0.0,0.0,0.0,0.0
20611,0.0,0.0,0.0,0.0
20612,0.0,0.0,0.0,0.0
20613,0.0,0.0,0.0,0.0
20614,0.0,0.0,0.0,0.0
20615,0.0,0.0,0.0,0.0
20616,0.0,0.0,0.0,0.0
20617,0.0,0.0,0.0,0.0
20618,0.0,0.0,0.0,0.0
20619,0.0,0.0,0.0,0.0
20620,0.0,0.0,0.0,0.0
20621,0.0,0.0,0.0,0.0
20622,0.0,0.0,0.0,0.0
20623,0.0,0.0,0.0,0.0
20624,0.0,0.0,0.0,0.0
20625,0.0,0.0,0.0,0.0
20626,0.0,0.0,0.0,0.0
20627,0.0,0.0,0.0,0.0
20628,0.0,0.0,0.0,0.0
20629,0.0,0.0,0.0,0.0
20630,0.0,0.0,0.0,0.0
20631,0.0,0.0,0.0,0.0
20632,0.0,0.0,0.0,0.0
20633,0.0,0.0,0.0,0.0
20634,0.0,0.0,0.0,0.0
20635,0.0,0.0,0.0,0.0
20636,0.0,0.0,0.0,0.0
20637,0.0,0.0,0.0,0.0
20638,0.0,0.0,0.0,0.0
20639,0.0,0.0,0.0,0.0
20640,0.0,0.0,0.0,0.0
20641,0.0,0.0,0.0,0.0
20642,0.0,0.0,0.0,0.0
20643,0.0,0.0,0.0,0.0
20644,0.0,0.0,0.0,0.0
20645,0.0,0.0,0.0,0.0
20646,0.0,0.0,0.0,0.0
20647,0.0,0.0,0.0,0.0
20648,0.0,0.0,0.0,0.0
20649,0.0,0.0,0.0,0.0
20650,0.0,0.0,0.0,0.0
20651,0.0,0.0,0.0,0.0
20652,0.0,0.0,0.0,0.0
20653,0.0,0.0,0.0,0.0
20654,0.0,0.0,0.0,0.0
20655,0.0,0.0,0.0,0.0
20656,0.0,0.0,0.0,0.0
20657,0.0,0.0,0.0,0.0
20658,0.0,0.0,0.0,0.0
20659,0.0,0.0,0.0,0.0
20660,0.0,0.0,0.0,0.0
20661,0.0,0.0,0.0,0.0
20662,0.0,0.0,0.0,0.0
20663,0.0,0.0,0.0,0.0
20664,0.0,0.0,0.0,0.0
20665,0.0,0.0,0.0,0.0
20666,0.0,0.0,0.0,0.0
20667,0.0,0.0,0.0,0.0
20668,0.0,0.0,0.0,0.0
20669,0.0,0.0,0.0,0.0
20670,0.0,0.0,0.0,0.0
20671,0.0,0.0,0.0,0.0
20672,0.0,0.0,0.0,0.0
20673,0.0,0.0,0.0,0.0
20674,0.0,0.0,0.0,0.0
20675,0.0,0.0,0.0,0.0
20676,0.0,0.0,0.0,0.0
20677,0.0,0.0,0.0,0.0
20678,0.0,0.0,0.0,0.0
20679,0.0,0.0,0.0,0.0
20680,0.0,0.0,0.0,0.0
20681,0.0,0.0,0.0,0.0
20682,0.0,0.0,0.0,0.0
20683,0.0,0.0,0.0,0.0
20684,0.0,0.0,0.0,0.0
20685,0.0,0.0,0.0,0.0
20686,0.0,0.0,0.0,0.0
20687,0.0,0.0,0.0,0.0
20688,0.0,0.0,0.0,0.0
20689,0.0,0.0,0.0,0.0
20690,0.0,0.0,0.0,0.0
20691,0.0,0.0,0.0,0.0
20692,0.0,0.0,0.0,0.0
20693,0.0,0.0,0.0,0.0
20694,0.0,0.0,0.0,0.0
20695,0.0,0.0,0.0,0.0
20696,0.0,0.0,0.0,0.0
20697,0.0,0.0,0.0,0.0
20698,0.0,0.0,0.0,0.0
20699,0.0,0.0,0.0,0.0
20700,0.0,0.0,0.0,0.0
20701,0.0,0.0,0.0,0.0
20702,0.0,0.0,0.0,0.0
20703,0.0,0.0,0.0,0.0
20704,0.0,0.0,0.0,0.0
20705,0.0,0.0,0.0,0.0
20706,0.0,0.0,0.0,0.0
20707,0.0,0.0,0.0,0.0
20708,0.0,0.0,0.0,0.0
20709,0.0,0.0,0.0,0.0
20710,0.0,0.0,0.0,0.0
20711,0.0,0.0,0.0,0.0
20712,0.0,0.0,0.0,0.0
20713,0.0,0.0,0.0,0.0
20714,0.0,0.0,0.0,0.0
20715,0.0,0.0,0.0,0.0
20716,0.0,0.0,0.0,0.0
20717,0.0,0.0,0.0,0.0
20718,0.0,0.0,0.0,0.0
20719,0.0,0.0,0.0,0.0
20720,0.0,0.0,0.0,0.0
20721,0.0,0.0,0.0,0.0
20722,0.0,0.0,0.0,0.0
20723,0.0,0.0,0.0,0.0
20724,0.0,0.0,0.0,0.0
20725,0.0,0.0,0.0,0.0
20726,0.0,0.0,0.0,0.0
20727,0.0,0.0,0.0,0.0
20728,0.0,0.0,0.0,0.0
20729,0.0,0.0,0.0,0.0
20730,0.0,0.0,0.0,0.0
20731,0.0,0.0,0.0,0.0
20732,0.0,0.0,0.0,0.0
20733,0.0,0.0,0.0,0.0
20734,0.0,0.0,0.0,0.0
20735,0.0,0.0,0.0,0.0
20736,0.0,0.0,0.0,0.0
20737,0.0,0.0,0.0,0.0
20738,0.0,0.0,0.0,0.0
20739,0.0,0.0,0.0,0.0
20740,0.0,0.0,0.0,0.0
20741,0.0,0.0,0.0,0.0
20742,0.0,0.0,0.0,0.0
20743,0.0,0.0,0.0,0.0
20744,0.0,0.0,0.0,0.0
20745,0.0,0.0,0.0,0.0
20746,0.0,0.0,0.0,0.0
20747,0.0,0.0,0.0,0.0
20748,0.0,0.0,0.0,0.0
20749,0.0,0.0,0.0,0.0
20750,0.0,0.0,0.0,0.0
20751,0.0,0.0,0.0,0.0
20752,0.0,0.0,0.0,0.0
20753,0.0,0.0,0.0,0.0
20754,0.0,0.0,0.0,0.0
20755,0.0,0.0,0.0,0.0
20756,0.0,0.0,0.0,0.0
20757,0.0,0.0,0.0,0.0
20758,0.0,0.0,0.0,0.0
20759,0.0,0.0,0.0,0.0
20760,0.0,0.0,0.0,0.0
20761,0.0,0.0,0.0,0.0
20762,0.0,0.0,0.0,0.0
20763,0.0,0.0,0.0,0.0
20764,0.0,0.0,0.0,0.0
20765,0.0,0.0,0.0,0.0
20766,0.0,0.0,0.0,0.0
20767,0.0,0.0,0.0,0.0
20768,0.0,0.0,0.0,0.0
20769,0.0,0.0,0.0,0.0
20770,0.0,0.0,0.0,0.0
20771,0.0,0.0,0.0,0.0
20772,0.0,0.0,0.0,0.0
20773,0.0,0.0,0.0,0.0
20774,0.0,0.0,0.0,0.0
20775,0.0,0.0,0.0,0.0
20776,0.0,0.0,0.0,0.0
20777,0.0,0.0,0.0,0.0
20778,0.0,0.0,0.0,0.0
20779,0.0,0.0,0.0,0.0
20780,0.0,0.0,0.0,0.0
20781,0.0,0.0,0.0,0.0
20782,0.0,0.0,0.0,0.0
20783,0.0,0.0,0.0,0.0
20784,0.0,0.0,0.0,0.0
20785,0.0,0.0,0.0,0.0
20786,0.0,0.0,0.0,0.0
20787,0.0,0.0,0.0,0.0
20788,0.0,0.0,0.0,0.0
20789,0.0,0.0,0.0,0.0
20790,0.0,0.0,0.0,0.0
20791,0.0,0.0,0.0,0.0
20792,0.0,0.0,0.0,0.0
20793,0.0,0.0,0.0,0.0
20794,0.0,0.0,0.0,0.0
20795,0.0,0.0,0.0,0.0
20796,0.0,0.0,0.0,0.0
20797,0.0,0.0,0.0,0.0
20798,0.0,0.0,0.0,0.0
20799,0.0,0.0,0.0,0.0
20800,0.0,0.0,0.0,0.0
20801,0.0,0.0,0.0,0.0
20802,0.0,0.0,0.0,0.0
20803,0.0,0.0,0.0,0.0
20804,0.0,0.0,0.0,0.0
20805,0.0,0.0,0.0,0.0
20806,0.0,0.0,0.0,0.0
20807,0.0,0.0,0.0,0.0
20808,0.0,0.0,0.0,0.0
20809,0.0,0.0,0.0,0.0
20810,0.0,0.0,0.0,0.0
20811,0.0,0.0,0.0,0.0
20812,0.0,0.0,0.0,0.0
20813,0.0,0.0,0.0,0.0
20814,0.0,0.0,0.0,0.0
20815,0.0,0.0,0.0,0.0
20816,0.0,0.0,0.0,0.0
20817,0.0,0.0,0.0,0.0
20818,0.0,0.0,0.0,0.0
20819,0.0,0.0,0.0,0.0
20820,0.0,0.0,0.0,0.0
20821,0.0,0.0,0.0,0.0
20822,0.0,0.0,0.0,0.0
20823,0.0,0.0,0.0,0.0
20824,0.0,0.0,0.0,0.0
20825,0.0,0.0,0.0,0.0
20826,0.0,0.0,0.0,0.0
20827,0.0,0.0,0.0,0.0
20828,0.0,0.0,0.0,0.0
20829,0.0,0.0,0.0,0.0
20830,0.0,0.0,0.0,0.0
20831,0.0,0.0,0.0,0.0
20832,0.0,0.0,0.0,0.0
20833,0.0,0.0,0.0,0.0
20834,0.0,0.0,0.0,0.0
20835,0.0,0.0,0.0,0.0
20836,0.0,0.0,0.0,0.0
20837,0.0,0.0,0.0,0.0
20838,0.0,0.0,0.0,0.0
20839,0.0,0.0,0.0,0.0
20840,0.0,0.0,0.0,0.0
20841,0.0,0.0,0.0,0.0
20842,0.0,0.0,0.0,0.0
20843,0.0,0.0,0.0,0.0
20844,0.0,0.0,0.0,0.0
20845,0.0,0.0,0.0,0.0
20846,0.0,0.0,0.0,0.0
20847,0.0,0.0,0.0,0.0
20848,0.0,0.0,0.0,0.0
20849,0.0,0.0,0.0,0.0
20850,0.0,0.0,0.0,0.0
20851,0.0,0.0,0.0,0.0
20852,0.0,0.0,0.0,0.0
20853,0.0,0.0,0.0,0.0
20854,0.0,0.0,0.0,0.0
20855,0.0,0.0,0.0,0.0
20856,0.0,0.0,0.0,0.0
20857,0.0,0.0,0.0,0.0
20858,0.0,0.0,0.0,0.0
20859,0.0,0.0,0.0,0.0
20860,0.0,0.0,0.0,0.0
20861,0.0,0.0,0.0,0.0
20862,0.0,0.0,0.0,0.0
20863,0.0,0.0,0.0,0.0
20864,0.0,0.0,0.0,0.0
20865,0.0,0.0,0.0,0.0
20866,0.0,0.0,0.0,0.0
20867,0.0,0.0,0.0,0.0
20868,0.0,0.0,0.0,0.0
20869,0.0,0.0,0.0,0.0
20870,0.0,0.0,0.0,0.0
20871,0.0,0.0,0.0,0.0
20872,0.0,0.0,0.0,0.0
20873,0.0,0.0,0.0,0.0
20874,0.0,0.0,0.0,0.0
20875,0.0,0.0,0.0,0.0
20876,0.0,0.0,0.0,0.0
20877,0.0,0.0,0.0,0.0
20878,0.0,0.0,0.0,0.0
20879,0.0,0.0,0.0,0.0
20880,0.0,0.0,0.0,0.0
20881,0.0,0.0,0.0,0.0
20882,0.0,0.0,0.0,0.0
20883,0.0,0.0,0.0,0.0
20884,0.0,0.0,0.0,0.0
20885,0.0,0.0,0.0,0.0
20886,0.0,0.0,0.0,0.0
20887,0.0,0.0,0.0,0.0
20888,0.0,0.0,0.0,0.0
20889,0.0,0.0,0.0,0.0
20890,0.0,0.0,0.0,0.0
20891,0.0,0.0,0.0,0.0
20892,0.0,0.0,0.0,0.0
20893,0.0,0.0,0.0,0.0
20894,0.0,0.0,0.0,0.0
20895,0.0,0.0,0.0,0.0
20896,0.0,0.0,0.0,0.0
20897,0.0,0.0,0.0,0.0
20898,0.0,0.0,0.0,0.0
20899,0.0,0.0,0.0,0.0
20900,0.0,0.0,0.0,0.0
20901,0.0,0.0,0.0,0.0
20902,0.0,0.0,0.0,0.0
20903,0.0,0.0,0.0,0.0
20904,0.0,0.0,0.0,0.0
20905,0.0,0.0,0.0,0.0
20906,0.0,0.0,0.0,0.0
20907,0.0,0.0,0.0,0.0
20908,0.0,0.0,0.0,0.0
20909,0.0,0.0,0.0,0.0
20910,0.0,0.0,0.0,0.0
20911,0.0,0.0,0.0,0.0
20912,0.0,0.0,0.0,0.0
20913,0.0,0.0,0.0,0.0
20914,0.0,0.0,0.0,0.0
20915,0.0,0.0,0.0,0.0
20916,0.0,0.0,0.0,0.0
20917,0.0,0.0,0.0,0.0
20918,0.0,0.0,0.0,0.0
20919,0.0,0.0,0.0,0.0
20920,0.0,0.0,0.0,0.0
20921,0.0,0.0,0.0,0.0
20922,0.0,0.0,0.0,0.0
20923,0.0,0.0,0.0,0.0
20924,0.0,0.0,0.0,0.0
20925,0.0,0.0,0.0,0.0
20926,0.0,0.0,0.0,0.0
20927,0.0,0.0,0.0,0.0
20928,0.0,0.0,0.0,0.0
20929,0.0,0.0,0.0,0.0
20930,0.0,0.0,0.0,0.0
20931,0.0,0.0,0.0,0.0
20932,0.0,0.0,0.0,0.0
20933,0.0,0.0,0.0,0.0
20934,0.0,0.0,0.0,0.0
20935,0.0,0.0,0.0,0.0
20936,0.0,0.0,0.0,0.0
20937,0.0,0.0,0.0,0.0
20938,0.0,0.0,0.0,0.0
20939,0.0,0.0,0.0,0.0
20940,0.0,0.0,0.0,0.0
20941,0.0,0.0,0.0,0.0
20942,0.0,0.0,0.0,0.0
20943,0.0,0.0,0.0,0.0
20944,0.0,0.0,0.0,0.0
20945,0.0,0.0,0.0,0.0
20946,0.0,0.0,0.0,0.0
20947,0.0,0.0,0.0,0.0
20948,0.0,0.0,0.0,0.0
20949,0.0,0.0,0.0,0.0
20950,0.0,0.0,0.0,0.0
20951,0.0,0.0,0.0,0.0
20952,0.0,0.0,0.0,0.0
20953,0.0,0.0,0.0,0.0
20954,0.0,0.0,0.0,0.0
20955,0.0,0.0,0.0,0.0
20956,0.0,0.0,0.0,0.0
20957,0.0,0.0,0.0,0.0
20958,0.0,0.0,0.0,0.0
20959,0.0,0.0,0.0,0.0
20960,0.0,0.0,0.0,0.0
20961,0.0,0.0,0.0,0.0
20962,0.0,0.0,0.0,0.0
20963,0.0,0.0,0.0,0.0
20964,0.0,0.0,0.0,0.0
20965,0.0,0.0,0.0,0.0
20966,0.0,0.0,0.0,0.0
20967,0.0,0.0,0.0,0.0
20968,0.0,0.0,0.0,0.0
20969,0.0,0.0,0.0,0.0
20970,0.0,0.0,0.0,0.0
20971,0.0,0.0,0.0,0.0
20972,0.0,0.0,0.0,0.0
20973,0.0,0.0,0.0,0.0
20974,0.0,0.0,0.0,0.0
20975,0.0,0.0,0.0,0.0
20976,0.0,0.0,0.0,0.0
20977,0.0,0.0,0.0,0.0
20978,0.0,0.0,0.0,0.0
20979,0.0,0.0,0.0,0.0
20980,0.0,0.0,0.0,0.0
20981,0.0,0.0,0.0,0.0
20982,0.0,0.0,0.0,0.0
20983,0.0,0.0,0.0,0.0
20984,0.0,0.0,0.0,0.0
20985,0.0,0.0,0.0,0.0
20986,0.0,0.0,0.0,0.0
20987,0.0,0.0,0.0,0.0
20988,0.0,0.0,0.0,0.0
20989,0.0,0.0,0.0,0.0
20990,0.0,0.0,0.0,0.0
20991,0.0,0.0,0.0,0.0
20992,0.0,0.0,0.0,0.0
20993,0.0,0.0,0.0,0.0
20994,0.0,0.0,0.0,0.0
20995,0.0,0.0,0.0,0.0
20996,0.0,0.0,0.0,0.0
20997,0.0,0.0,0.0,0.0
20998,0.0,0.0,0.0,0.0
20999,0.0,0.0,0.0,0.0
21000,0.0,0.0,0.0,0.0
21001,0.0,0.0,0.0,0.0
21002,0.0,0.0,0.0,0.0
21003,0.0,0.0,0.0,0.0
21004,0.0,0.0,0.0,0.0
21005,0.0,0.0,0.0,0.0
21006,0.0,0.0,0.0,0.0
21007,0.0,0.0,0.0,0.0
21008,0.0,0.0,0.0,0.0
21009,0.0,0.0,0.0,0.0
21010,0.0,0.0,0.0,0.0
21011,0.0,0.0,0.0,0.0
21012,0.0,0.0,0.0,0.0
21013,0.0,0.0,0.0,0.0
21014,0.0,0.0,0.0,0.0
21015,0.0,0.0,0.0,0.0
21016,0.0,0.0,0.0,0.0
21017,0.0,0.0,0.0,0.0
21018,0.0,0.0,0.0,0.0
21019,0.0,0.0,0.0,0.0
21020,0.0,0.0,0.0,0.0
21021,0.0,0.0,0.0,0.0
21022,0.0,0.0,0.0,0.0
21023,0.0,0.0,0.0,0.0
21024,0.0,0.0,0.0,0.0
21025,0.0,0.0,0.0,0.0
21026,0.0,0.0,0.0,0.0
21027,0.0,0.0,0.0,0.0
21028,0.0,0.0,0.0,0.0
21029,0.0,0.0,0.0,0.0
21030,0.0,0.0,0.0,0.0
21031,0.0,0.0,0.0,0.0
21032,0.0,0.0,0.0,0.0
21033,0.0,0.0,0.0,0.0
21034,0.0,0.0,0.0,0.0
21035,0.0,0.0,0.0,0.0
21036,0.0,0.0,0.0,0.0
21037,0.0,0.0,0.0,0.0
21038,0.0,0.0,0.0,0.0
21039,0.0,0.0,0.0,0.0
21040,0.0,0.0,0.0,0.0
21041,0.0,0.0,0.0,0.0
21042,0.0,0.0,0.0,0.0
21043,0.0,0.0,0.0,0.0
21044,0.0,0.0,0.0,0.0
21045,0.0,0.0,0.0,0.0
21046,0.0,0.0,0.0,0.0
21047,0.0,0.0,0.0,0.0
21048,0.0,0.0,0.0,0.0
21049,0.0,0.0,0.0,0.0
21050,0.0,0.0,0.0,0.0
21051,0.0,0.0,0.0,0.0
21052,0.0,0.0,0.0,0.0
21053,0.0,0.0,0.0,0.0
21054,0.0,0.0,0.0,0.0
21055,0.0,0.0,0.0,0.0
21056,0.0,0.0,0.0,0.0
21057,0.0,0.0,0.0,0.0
21058,0.0,0.0,0.0,0.0
21059,0.0,0.0,0.0,0.0
21060,0.0,0.0,0.0,0.0
21061,0.0,0.0,0.0,0.0
21062,0.0,0.0,0.0,0.0
21063,0.0,0.0,0.0,0.0
21064,0.0,0.0,0.0,0.0
21065,0.0,0.0,0.0,0.0
21066,0.0,0.0,0.0,0.0
21067,0.0,0.0,0.0,0.0
21068,0.0,0.0,0.0,0.0
21069,0.0,0.0,0.0,0.0
21070,0.0,0.0,0.0,0.0
21071,0.0,0.0,0.0,0.0
21072,0.0,0.0,0.0,0.0
21073,0.0,0.0,0.0,0.0
21074,0.0,0.0,0.0,0.0
21075,0.0,0.0,0.0,0.0
21076,0.0,0.0,0.0,0.0
21077,0.0,0.0,0.0,0.0
21078,0.0,0.0,0.0,0.0
21079,0.0,0.0,0.0,0.0
21080,0.0,0.0,0.0,0.0
21081,0.0,0.0,0.0,0.0
21082,0.0,0.0,0.0,0.0
21083,0.0,0.0,0.0,0.0
21084,0.0,0.0,0.0,0.0
21085,0.0,0.0,0.0,0.0
21086,0.0,0.0,0.0,0.0
21087,0.0,0.0,0.0,0.0
21088,0.0,0.0,0.0,0.0
21089,0.0,0.0,0.0,0.0
21090,0.0,0.0,0.0,0.0
21091,0.0,0.0,0.0,0.0
21092,0.0,0.0,0.0,0.0
21093,0.0,0.0,0.0,0.0
21094,0.0,0.0,0.0,0.0
21095,0.0,0.0,0.0,0.0
21096,0.0,0.0,0.0,0.0
21097,0.0,0.0,0.0,0.0
21098,0.0,0.0,0.0,0.0
21099,0.0,0.0,0.0,0.0
21100,0.0,0.0,0.0,0.0
21101,0.0,0.0,0.0,0.0
21102,0.0,0.0,0.0,0.0
21103,0.0,0.0,0.0,0.0
21104,0.0,0.0,0.0,0.0
21105,0.0,0.0,0.0,0.0
21106,0.0,0.0,0.0,0.0
21107,0.0,0.0,0.0,0.0
21108,0.0,0.0,0.0,0.0
21109,0.0,0.0,0.0,0.0
21110,0.0,0.0,0.0,0.0
21111,0.0,0.0,0.0,0.0
21112,0.0,0.0,0.0,0.0
21113,0.0,0.0,0.0,0.0
21114,0.0,0.0,0.0,0.0
21115,0.0,0.0,0.0,0.0
21116,0.0,0.0,0.0,0.0
21117,0.0,0.0,0.0,0.0
21118,0.0,0.0,0.0,0.0
21119,0.0,0.0,0.0,0.0
21120,0.0,0.0,0.0,0.0
21121,0.0,0.0,0.0,0.0
21122,0.0,0.0,0.0,0.0
21123,0.0,0.0,0.0,0.0
21124,0.0,0.0,0.0,0.0
21125,0.0,0.0,0.0,0.0
21126,0.0,0.0,0.0,0.0
21127,0.0,0.0,0.0,0.0
21128,0.0,0.0,0.0,0.0
21129,0.0,0.0,0.0,0.0
21130,0.0,0.0,0.0,0.0
21131,0.0,0.0,0.0,0.0
21132,0.0,0.0,0.0,0.0
21133,0.0,0.0,0.0,0.0
21134,0.0,0.0,0.0,0.0
21135,0.0,0.0,0.0,0.0
21136,0.0,0.0,0.0,0.0
21137,0.0,0.0,0.0,0.0
21138,0.0,0.0,0.0,0.0
21139,0.0,0.0,0.0,0.0
21140,0.0,0.0,0.0,0.0
21141,0.0,0.0,0.0,0.0
21142,0.0,0.0,0.0,0.0
21143,0.0,0.0,0.0,0.0
21144,0.0,0.0,0.0,0.0
21145,0.0,0.0,0.0,0.0
21146,0.0,0.0,0.0,0.0
21147,0.0,0.0,0.0,0.0
21148,0.0,0.0,0.0,0.0
21149,0.0,0.0,0.0,0.0
21150,0.0,0.0,0.0,0.0
21151,0.0,0.0,0.0,0.0
21152,0.0,0.0,0.0,0.0
21153,0.0,0.0,0.0,0.0
21154,0.0,0.0,0.0,0.0
21155,0.0,0.0,0.0,0.0
21156,0.0,0.0,0.0,0.0
21157,0.0,0.0,0.0,0.0
21158,0.0,0.0,0.0,0.0
21159,0.0,0.0,0.0,0.0
21160,0.0,0.0,0.0,0.0
21161,0.0,0.0,0.0,0.0
21162,0.0,0.0,0.0,0.0
21163,0.0,0.0,0.0,0.0
21164,0.0,0.0,0.0,0.0
21165,0.0,0.0,0.0,0.0
21166,0.0,0.0,0.0,0.0
21167,0.0,0.0,0.0,0.0
21168,0.0,0.0,0.0,0.0
21169,0.0,0.0,0.0,0.0
21170,0.0,0.0,0.0,0.0
21171,0.0,0.0,0.0,0.0
21172,0.0,0.0,0.0,0.0
21173,0.0,0.0,0.0,0.0
21174,0.0,0.0,0.0,0.0
21175,0.0,0.0,0.0,0.0
21176,0.0,0.0,0.0,0.0
21177,0.0,0.0,0.0,0.0
21178,0.0,0.0,0.0,0.0
21179,0.0,0.0,0.0,0.0
21180,0.0,0.0,0.0,0.0
21181,0.0,0.0,0.0,0.0
21182,0.0,0.0,0.0,0.0
21183,0.0,0.0,0.0,0.0
21184,0.0,0.0,0.0,0.0
21185,0.0,0.0,0.0,0.0
21186,0.0,0.0,0.0,0.0
21187,0.0,0.0,0.0,0.0
21188,0.0,0.0,0.0,0.0
21189,0.0,0.0,0.0,0.0
21190,0.0,0.0,0.0,0.0
21191,0.0,0.0,0.0,0.0
21192,0.0,0.0,0.0,0.0
21193,0.0,0.0,0.0,0.0
21194,0.0,0.0,0.0,0.0
21195,0.0,0.0,0.0,0.0
21196,0.0,0.0,0.0,0.0
21197,0.0,0.0,0.0,0.0
21198,0.0,0.0,0.0,0.0
21199,0.0,0.0,0.0,0.0
21200,0.0,0.0,0.0,0.0
21201,0.0,0.0,0.0,0.0
21202,0.0,0.0,0.0,0.0
21203,0.0,0.0,0.0,0.0
21204,0.0,0.0,0.0,0.0
21205,0.0,0.0,0.0,0.0
21206,0.0,0.0,0.0,0.0
21207,0.0,0.0,0.0,0.0
21208,0.0,0.0,0.0,0.0
21209,0.0,0.0,0.0,0.0
21210,0.0,0.0,0.0,0.0
21211,0.0,0.0,0.0,0.0
21212,0.0,0.0,0.0,0.0
21213,0.0,0.0,0.0,0.0
21214,0.0,0.0,0.0,0.0
21215,0.0,0.0,0.0,0.0
21216,0.0,0.0,0.0,0.0
21217,0.0,0.0,0.0,0.0
21218,0.0,0.0,0.0,0.0
21219,0.0,0.0,0.0,0.0
21220,0.0,0.0,0.0,0.0
21221,0.0,0.0,0.0,0.0
21222,0.0,0.0,0.0,0.0
21223,0.0,0.0,0.0,0.0
21224,0.0,0.0,0.0,0.0
21225,0.0,0.0,0.0,0.0
21226,0.0,0.0,0.0,0.0
21227,0.0,0.0,0.0,0.0
21228,0.0,0.0,0.0,0.0
21229,0.0,0.0,0.0,0.0
21230,0.0,0.0,0.0,0.0
21231,0.0,0.0,0.0,0.0
21232,0.0,0.0,0.0,0.0
21233,0.0,0.0,0.0,0.0
21234,0.0,0.0,0.0,0.0
21235,0.0,0.0,0.0,0.0
21236,0.0,0.0,0.0,0.0
21237,0.0,0.0,0.0,0.0
21238,0.0,0.0,0.0,0.0
21239,0.0,0.0,0.0,0.0
21240,0.0,0.0,0.0,0.0
21241,0.0,0.0,0.0,0.0
21242,0.0,0.0,0.0,0.0
21243,0.0,0.0,0.0,0.0
21244,0.0,0.0,0.0,0.0
21245,0.0,0.0,0.0,0.0
21246,0.0,0.0,0.0,0.0
21247,0.0,0.0,0.0,0.0
21248,0.0,0.0,0.0,0.0
21249,0.0,0.0,0.0,0.0
21250,0.0,0.0,0.0,0.0
21251,0.0,0.0,0.0,0.0
21252,0.0,0.0,0.0,0.0
21253,0.0,0.0,0.0,0.0
21254,0.0,0.0,0.0,0.0
21255,0.0,0.0,0.0,0.0
21256,0.0,0.0,0.0,0.0
21257,0.0,0.0,0.0,0.0
21258,0.0,0.0,0.0,0.0
21259,0.0,0.0,0.0,0.0
21260,0.0,0.0,0.0,0.0
21261,0.0,0.0,0.0,0.0
21262,0.0,0.0,0.0,0.0
21263,0.0,0.0,0.0,0.0
21264,0.0,0.0,0.0,0.0
21265,0.0,0.0,0.0,0.0
21266,0.0,0.0,0.0,0.0
21267,0.0,0.0,0.0,0.0
21268,0.0,0.0,0.0,0.0
21269,0.0,0.0,0.0,0.0
21270,0.0,0.0,0.0,0.0
21271,0.0,0.0,0.0,0.0
21272,0.0,0.0,0.0,0.0
21273,0.0,0.0,0.0,0.0
21274,0.0,0.0,0.0,0.0
21275,0.0,0.0,0.0,0.0
21276,0.0,0.0,0.0,0.0
21277,0.0,0.0,0.0,0.0
21278,0.0,0.0,0.0,0.0
21279,0.0,0.0,0.0,0.0
21280,0.0,0.0,0.0,0.0
21281,0.0,0.0,0.0,0.0
21282,0.0,0.0,0.0,0.0
21283,0.0,0.0,0.0,0.0
21284,0.0,0.0,0.0,0.0
21285,0.0,0.0,0.0,0.0
21286,0.0,0.0,0.0,0.0
21287,0.0,0.0,0.0,0.0
21288,0.0,0.0,0.0,0.0
21289,0.0,0.0,0.0,0.0
21290,0.0,0.0,0.0,0.0
21291,0.0,0.0,0.0,0.0
21292,0.0,0.0,0.0,0.0
21293,0.0,0.0,0.0,0.0
21294,0.0,0.0,0.0,0.0
21295,0.0,0.0,0.0,0.0
21296,0.0,0.0,0.0,0.0
21297,0.0,0.0,0.0,0.0
21298,0.0,0.0,0.0,0.0
21299,0.0,0.0,0.0,0.0
21300,0.0,0.0,0.0,0.0
21301,0.0,0.0,0.0,0.0
21302,0.0,0.0,0.0,0.0
21303,0.0,0.0,0.0,0.0
21304,0.0,0.0,0.0,0.0
21305,0.0,0.0,0.0,0.0
21306,0.0,0.0,0.0,0.0
21307,0.0,0.0,0.0,0.0
21308,0.0,0.0,0.0,0.0
21309,0.0,0.0,0.0,0.0
21310,0.0,0.0,0.0,0.0
21311,0.0,0.0,0.0,0.0
21312,0.0,0.0,0.0,0.0
21313,0.0,0.0,0.0,0.0
21314,0.0,0.0,0.0,0.0
21315,0.0,0.0,0.0,0.0
21316,0.0,0.0,0.0,0.0
21317,0.0,0.0,0.0,0.0
21318,0.0,0.0,0.0,0.0
21319,0.0,0.0,0.0,0.0
21320,0.0,0.0,0.0,0.0
21321,0.0,0.0,0.0,0.0
21322,0.0,0.0,0.0,0.0
21323,0.0,0.0,0.0,0.0
21324,0.0,0.0,0.0,0.0
21325,0.0,0.0,0.0,0.0
21326,0.0,0.0,0.0,0.0
21327,0.0,0.0,0.0,0.0
21328,0.0,0.0,0.0,0.0
21329,0.0,0.0,0.0,0.0
21330,0.0,0.0,0.0,0.0
21331,0.0,0.0,0.0,0.0
21332,0.0,0.0,0.0,0.0
21333,0.0,0.0,0.0,0.0
21334,0.0,0.0,0.0,0.0
21335,0.0,0.0,0.0,0.0
21336,0.0,0.0,0.0,0.0
21337,0.0,0.0,0.0,0.0
21338,0.0,0.0,0.0,0.0
21339,0.0,0.0,0.0,0.0
21340,0.0,0.0,0.0,0.0
21341,0.0,0.0,0.0,0.0
21342,0.0,0.0,0.0,0.0
21343,0.0,0.0,0.0,0.0
21344,0.0,0.0,0.0,0.0
21345,0.0,0.0,0.0,0.0
21346,0.0,0.0,0.0,0.0
21347,0.0,0.0,0.0,0.0
21348,0.0,0.0,0.0,0.0
21349,0.0,0.0,0.0,0.0
21350,0.0,0.0,0.0,0.0
21351,0.0,0.0,0.0,0.0
21352,0.0,0.0,0.0,0.0
21353,0.0,0.0,0.0,0.0
21354,0.0,0.0,0.0,0.0
21355,0.0,0.0,0.0,0.0
21356,0.0,0.0,0.0,0.0
21357,0.0,0.0,0.0,0.0
21358,0.0,0.0,0.0,0.0
21359,0.0,0.0,0.0,0.0
21360,0.0,0.0,0.0,0.0
21361,0.0,0.0,0.0,0.0
21362,0.0,0.0,0.0,0.0
21363,0.0,0.0,0.0,0.0
21364,0.0,0.0,0.0,0.0
21365,0.0,0.0,0.0,0.0
21366,0.0,0.0,0.0,0.0
21367,0.0,0.0,0.0,0.0
21368,0.0,0.0,0.0,0.0
21369,0.0,0.0,0.0,0.0
21370,0.0,0.0,0.0,0.0
21371,0.0,0.0,0.0,0.0
21372,0.0,0.0,0.0,0.0
21373,0.0,0.0,0.0,0.0
21374,0.0,0.0,0.0,0.0
21375,0.0,0.0,0.0,0.0
21376,0.0,0.0,0.0,0.0
21377,0.0,0.0,0.0,0.0
21378,0.0,0.0,0.0,0.0
21379,0.0,0.0,0.0,0.0
21380,0.0,0.0,0.0,0.0
21381,0.0,0.0,0.0,0.0
21382,0.0,0.0,0.0,0.0
21383,0.0,0.0,0.0,0.0
21384,0.0,0.0,0.0,0.0
21385,0.0,0.0,0.0,0.0
21386,0.0,0.0,0.0,0.0
21387,0.0,0.0,0.0,0.0
21388,0.0,0.0,0.0,0.0
21389,0.0,0.0,0.0,0.0
21390,0.0,0.0,0.0,0.0
21391,0.0,0.0,0.0,0.0
21392,0.0,0.0,0.0,0.0
21393,0.0,0.0,0.0,0.0
21394,0.0,0.0,0.0,0.0
21395,0.0,0.0,0.0,0.0
21396,0.0,0.0,0.0,0.0
21397,0.0,0.0,0.0,0.0
21398,0.0,0.0,0.0,0.0
21399,0.0,0.0,0.0,0.0
21400,0.0,0.0,0.0,0.0
21401,0.0,0.0,0.0,0.0
21402,0.0,0.0,0.0,0.0
21403,0.0,0.0,0.0,0.0
21404,0.0,0.0,0.0,0.0
21405,0.0,0.0,0.0,0.0
21406,0.0,0.0,0.0,0.0
21407,0.0,0.0,0.0,0.0
21408,0.0,0.0,0.0,0.0
21409,0.0,0.0,0.0,0.0
21410,0.0,0.0,0.0,0.0
21411,0.0,0.0,0.0,0.0
21412,0.0,0.0,0.0,0.0
21413,0.0,0.0,0.0,0.0
21414,0.0,0.0,0.0,0.0
21415,0.0,0.0,0.0,0.0
21416,0.0,0.0,0.0,0.0
21417,0.0,0.0,0.0,0.0
21418,0.0,0.0,0.0,0.0
21419,0.0,0.0,0.0,0.0
21420,0.0,0.0,0.0,0.0
21421,0.0,0.0,0.0,0.0
21422,0.0,0.0,0.0,0.0
21423,0.0,0.0,0.0,0.0
21424,0.0,0.0,0.0,0.0
21425,0.0,0.0,0.0,0.0
21426,0.0,0.0,0.0,0.0
21427,0.0,0.0,0.0,0.0
21428,0.0,0.0,0.0,0.0
21429,0.0,0.0,0.0,0.0
21430,0.0,0.0,0.0,0.0
21431,0.0,0.0,0.0,0.0
21432,0.0,0.0,0.0,0.0
21433,0.0,0.0,0.0,0.0
21434,0.0,0.0,0.0,0.0
21435,0.0,0.0,0.0,0.0
21436,0.0,0.0,0.0,0.0
21437,0.0,0.0,0.0,0.0
21438,0.0,0.0,0.0,0.0
21439,0.0,0.0,0.0,0.0
21440,0.0,0.0,0.0,0.0
21441,0.0,0.0,0.0,0.0
21442,0.0,0.0,0.0,0.0
21443,0.0,0.0,0.0,0.0
21444,0.0,0.0,0.0,0.0
21445,0.0,0.0,0.0,0.0
21446,0.0,0.0,0.0,0.0
21447,0.0,0.0,0.0,0.0
21448,0.0,0.0,0.0,0.0
21449,0.0,0.0,0.0,0.0
21450,0.0,0.0,0.0,0.0
21451,0.0,0.0,0.0,0.0
21452,0.0,0.0,0.0,0.0
21453,0.0,0.0,0.0,0.0
21454,0.0,0.0,0.0,0.0
21455,0.0,0.0,0.0,0.0
21456,0.0,0.0,0.0,0.0
21457,0.0,0.0,0.0,0.0
21458,0.0,0.0,0.0,0.0
21459,0.0,0.0,0.0,0.0
21460,0.0,0.0,0.0,0.0
21461,0.0,0.0,0.0,0.0
21462,0.0,0.0,0.0,0.0
21463,0.0,0.0,0.0,0.0
21464,0.0,0.0,0.0,0.0
21465,0.0,0.0,0.0,0.0
21466,0.0,0.0,0.0,0.0
21467,0.0,0.0,0.0,0.0
21468,0.0,0.0,0.0,0.0
21469,0.0,0.0,0.0,0.0
21470,0.0,0.0,0.0,0.0
21471,0.0,0.0,0.0,0.0
21472,0.0,0.0,0.0,0.0
21473,0.0,0.0,0.0,0.0
21474,0.0,0.0,0.0,0.0
21475,0.0,0.0,0.0,0.0
21476,0.0,0.0,0.0,0.0
21477,0.0,0.0,0.0,0.0
21478,0.0,0.0,0.0,0.0
21479,0.0,0.0,0.0,0.0
21480,0.0,0.0,0.0,0.0
21481,0.0,0.0,0.0,0.0
21482,0.0,0.0,0.0,0.0
21483,0.0,0.0,0.0,0.0
21484,0.0,0.0,0.0,0.0
21485,0.0,0.0,0.0,0.0
21486,0.0,0.0,0.0,0.0
21487,0.0,0.0,0.0,0.0
21488,0.0,0.0,0.0,0.0
21489,0.0,0.0,0.0,0.0
21490,0.0,0.0,0.0,0.0
21491,0.0,0.0,0.0,0.0
21492,0.0,0.0,0.0,0.0
21493,0.0,0.0,0.0,0.0
21494,0.0,0.0,0.0,0.0
21495,0.0,0.0,0.0,0.0
21496,0.0,0.0,0.0,0.0
21497,0.0,0.0,0.0,0.0
21498,0.0,0.0,0.0,0.0
21499,0.0,0.0,0.0,0.0
21500,0.0,0.0,0.0,0.0
21501,0.0,0.0,0.0,0.0
21502,0.0,0.0,0.0,0.0
21503,0.0,0.0,0.0,0.0
21504,0.0,0.0,0.0,0.0
21505,0.0,0.0,0.0,0.0
21506,0.0,0.0,0.0,0.0
21507,0.0,0.0,0.0,0.0
21508,0.0,0.0,0.0,0.0
21509,0.0,0.0,0.0,0.0
21510,0.0,0.0,0.0,0.0
21511,0.0,0.0,0.0,0.0
21512,0.0,0.0,0.0,0.0
21513,0.0,0.0,0.0,0.0
21514,0.0,0.0,0.0,0.0
21515,0.0,0.0,0.0,0.0
21516,0.0,0.0,0.0,0.0
21517,0.0,0.0,0.0,0.0
21518,0.0,0.0,0.0,0.0
21519,0.0,0.0,0.0,0.0
21520,0.0,0.0,0.0,0.0
21521,0.0,0.0,0.0,0.0
21522,0.0,0.0,0.0,0.0
21523,0.0,0.0,0.0,0.0
21524,0.0,0.0,0.0,0.0
21525,0.0,0.0,0.0,0.0
21526,0.0,0.0,0.0,0.0
21527,0.0,0.0,0.0,0.0
21528,0.0,0.0,0.0,0.0
21529,0.0,0.0,0.0,0.0
21530,0.0,0.0,0.0,0.0
21531,0.0,0.0,0.0,0.0
21532,0.0,0.0,0.0,0.0
21533,0.0,0.0,0.0,0.0
21534,0.0,0.0,0.0,0.0
21535,0.0,0.0,0.0,0.0
21536,0.0,0.0,0.0,0.0
21537,0.0,0.0,0.0,0.0
21538,0.0,0.0,0.0,0.0
21539,0.0,0.0,0.0,0.0
21540,0.0,0.0,0.0,0.0
21541,0.0,0.0,0.0,0.0
21542,0.0,0.0,0.0,0.0
21543,0.0,0.0,0.0,0.0
21544,0.0,0.0,0.0,0.0
21545,0.0,0.0,0.0,0.0
21546,0.0,0.0,0.0,0.0
21547,0.0,0.0,0.0,0.0
21548,0.0,0.0,0.0,0.0
21549,0.0,0.0,0.0,0.0
21550,0.0,0.0,0.0,0.0
21551,0.0,0.0,0.0,0.0
21552,0.0,0.0,0.0,0.0
21553,0.0,0.0,0.0,0.0
21554,0.0,0.0,0.0,0.0
21555,0.0,0.0,0.0,0.0
21556,0.0,0.0,0.0,0.0
21557,0.0,0.0,0.0,0.0
21558,0.0,0.0,0.0,0.0
21559,0.0,0.0,0.0,0.0
21560,0.0,0.0,0.0,0.0
21561,0.0,0.0,0.0,0.0
21562,0.0,0.0,0.0,0.0
21563,0.0,0.0,0.0,0.0
21564,0.0,0.0,0.0,0.0
21565,0.0,0.0,0.0,0.0
21566,0.0,0.0,0.0,0.0
21567,0.0,0.0,0.0,0.0
21568,0.0,0.0,0.0,0.0
21569,0.0,0.0,0.0,0.0
21570,0.0,0.0,0.0,0.0
21571,0.0,0.0,0.0,0.0
21572,0.0,0.0,0.0,0.0
21573,0.0,0.0,0.0,0.0
21574,0.0,0.0,0.0,0.0
21575,0.0,0.0,0.0,0.0
21576,0.0,0.0,0.0,0.0
21577,0.0,0.0,0.0,0.0
21578,0.0,0.0,0.0,0.0
21579,0.0,0.0,0.0,0.0
21580,0.0,0.0,0.0,0.0
21581,0.0,0.0,0.0,0.0
21582,0.0,0.0,0.0,0.0
21583,0.0,0.0,0.0,0.0
21584,0.0,0.0,0.0,0.0
21585,0.0,0.0,0.0,0.0
21586,0.0,0.0,0.0,0.0
21587,0.0,0.0,0.0,0.0
21588,0.0,0.0,0.0,0.0
21589,0.0,0.0,0.0,0.0
21590,0.0,0.0,0.0,0.0
21591,0.0,0.0,0.0,0.0
21592,0.0,0.0,0.0,0.0
21593,0.0,0.0,0.0,0.0
21594,0.0,0.0,0.0,0.0
21595,0.0,0.0,0.0,0.0
21596,0.0,0.0,0.0,0.0
21597,0.0,0.0,0.0,0.0
21598,0.0,0.0,0.0,0.0
21599,0.0,0.0,0.0,0.0
21600,0.0,0.0,0.0,0.0
21601,0.0,0.0,0.0,0.0
21602,0.0,0.0,0.0,0.0
21603,0.0,0.0,0.0,0.0
21604,0.0,0.0,0.0,0.0
21605,0.0,0.0,0.0,0.0
21606,0.0,0.0,0.0,0.0
21607,0.0,0.0,0.0,0.0
21608,0.0,0.0,0.0,0.0
21609,0.0,0.0,0.0,0.0
21610,0.0,0.0,0.0,0.0
21611,0.0,0.0,0.0,0.0
21612,0.0,0.0,0.0,0.0
21613,0.0,0.0,0.0,0.0
21614,0.0,0.0,0.0,0.0
21615,0.0,0.0,0.0,0.0
21616,0.0,0.0,0.0,0.0
21617,0.0,0.0,0.0,0.0
21618,0.0,0.0,0.0,0.0
21619,0.0,0.0,0.0,0.0
21620,0.0,0.0,0.0,0.0
21621,0.0,0.0,0.0,0.0
21622,0.0,0.0,0.0,0.0
21623,0.0,0.0,0.0,0.0
21624,0.0,0.0,0.0,0.0
21625,0.0,0.0,0.0,0.0
21626,0.0,0.0,0.0,0.0
21627,0.0,0.0,0.0,0.0
21628,0.0,0.0,0.0,0.0
21629,0.0,0.0,0.0,0.0
21630,0.0,0.0,0.0,0.0
21631,0.0,0.0,0.0,0.0
21632,0.0,0.0,0.0,0.0
21633,0.0,0.0,0.0,0.0
21634,0.0,0.0,0.0,0.0
21635,0.0,0.0,0.0,0.0
21636,0.0,0.0,0.0,0.0
21637,0.0,0.0,0.0,0.0
21638,0.0,0.0,0.0,0.0
21639,0.0,0.0,0.0,0.0
21640,0.0,0.0,0.0,0.0
21641,0.0,0.0,0.0,0.0
21642,0.0,0.0,0.0,0.0
21643,0.0,0.0,0.0,0.0
21644,0.0,0.0,0.0,0.0
21645,0.0,0.0,0.0,0.0
21646,0.0,0.0,0.0,0.0
21647,0.0,0.0,0.0,0.0
21648,0.0,0.0,0.0,0.0
21649,0.0,0.0,0.0,0.0
21650,0.0,0.0,0.0,0.0
21651,0.0,0.0,0.0,0.0
21652,0.0,0.0,0.0,0.0
21653,0.0,0.0,0.0,0.0
21654,0.0,0.0,0.0,0.0
21655,0.0,0.0,0.0,0.0
21656,0.0,0.0,0.0,0.0
21657,0.0,0.0,0.0,0.0
21658,0.0,0.0,0.0,0.0
21659,0.0,0.0,0.0,0.0
21660,0.0,0.0,0.0,0.0
21661,0.0,0.0,0.0,0.0
21662,0.0,0.0,0.0,0.0
21663,0.0,0.0,0.0,0.0
21664,0.0,0.0,0.0,0.0
21665,0.0,0.0,0.0,0.0
21666,0.0,0.0,0.0,0.0
21667,0.0,0.0,0.0,0.0
21668,0.0,0.0,0.0,0.0
21669,0.0,0.0,0.0,0.0
21670,0.0,0.0,0.0,0.0
21671,0.0,0.0,0.0,0.0
21672,0.0,0.0,0.0,0.0
21673,0.0,0.0,0.0,0.0
21674,0.0,0.0,0.0,0.0
21675,0.0,0.0,0.0,0.0
21676,0.0,0.0,0.0,0.0
21677,0.0,0.0,0.0,0.0
21678,0.0,0.0,0.0,0.0
21679,0.0,0.0,0.0,0.0
21680,0.0,0.0,0.0,0.0
21681,0.0,0.0,0.0,0.0
21682,0.0,0.0,0.0,0.0
21683,0.0,0.0,0.0,0.0
21684,0.0,0.0,0.0,0.0
21685,0.0,0.0,0.0,0.0
21686,0.0,0.0,0.0,0.0
21687,0.0,0.0,0.0,0.0
21688,0.0,0.0,0.0,0.0
21689,0.0,0.0,0.0,0.0
21690,0.0,0.0,0.0,0.0
21691,0.0,0.0,0.0,0.0
21692,0.0,0.0,0.0,0.0
21693,0.0,0.0,0.0,0.0
21694,0.0,0.0,0.0,0.0
21695,0.0,0.0,0.0,0.0
21696,0.0,0.0,0.0,0.0
21697,0.0,0.0,0.0,0.0
21698,0.0,0.0,0.0,0.0
21699,0.0,0.0,0.0,0.0
21700,0.0,0.0,0.0,0.0
21701,0.0,0.0,0.0,0.0
21702,0.0,0.0,0.0,0.0
21703,0.0,0.0,0.0,0.0
21704,0.0,0.0,0.0,0.0
21705,0.0,0.0,0.0,0.0
21706,0.0,0.0,0.0,0.0
21707,0.0,0.0,0.0,0.0
21708,0.0,0.0,0.0,0.0
21709,0.0,0.0,0.0,0.0
21710,0.0,0.0,0.0,0.0
21711,0.0,0.0,0.0,0.0
21712,0.0,0.0,0.0,0.0
21713,0.0,0.0,0.0,0.0
21714,0.0,0.0,0.0,0.0
21715,0.0,0.0,0.0,0.0
21716,0.0,0.0,0.0,0.0
21717,0.0,0.0,0.0,0.0
21718,0.0,0.0,0.0,0.0
21719,0.0,0.0,0.0,0.0
21720,0.0,0.0,0.0,0.0
21721,0.0,0.0,0.0,0.0
21722,0.0,0.0,0.0,0.0
21723,0.0,0.0,0.0,0.0
21724,0.0,0.0,0.0,0.0
21725,0.0,0.0,0.0,0.0
21726,0.0,0.0,0.0,0.0
21727,0.0,0.0,0.0,0.0
21728,0.0,0.0,0.0,0.0
21729,0.0,0.0,0.0,0.0
21730,0.0,0.0,0.0,0.0
21731,0.0,0.0,0.0,0.0
21732,0.0,0.0,0.0,0.0
21733,0.0,0.0,0.0,0.0
21734,0.0,0.0,0.0,0.0
21735,0.0,0.0,0.0,0.0
21736,0.0,0.0,0.0,0.0
21737,0.0,0.0,0.0,0.0
21738,0.0,0.0,0.0,0.0
21739,0.0,0.0,0.0,0.0
21740,0.0,0.0,0.0,0.0
21741,0.0,0.0,0.0,0.0
21742,0.0,0.0,0.0,0.0
21743,0.0,0.0,0.0,0.0
21744,0.0,0.0,0.0,0.0
21745,0.0,0.0,0.0,0.0
21746,0.0,0.0,0.0,0.0
21747,0.0,0.0,0.0,0.0
21748,0.0,0.0,0.0,0.0
21749,0.0,0.0,0.0,0.0
21750,0.0,0.0,0.0,0.0
21751,0.0,0.0,0.0,0.0
21752,0.0,0.0,0.0,0.0
21753,0.0,0.0,0.0,0.0
21754,0.0,0.0,0.0,0.0
21755,0.0,0.0,0.0,0.0
21756,0.0,0.0,0.0,0.0
21757,0.0,0.0,0.0,0.0
21758,0.0,0.0,0.0,0.0
21759,0.0,0.0,0.0,0.0
21760,0.0,0.0,0.0,0.0
21761,0.0,0.0,0.0,0.0
21762,0.0,0.0,0.0,0.0
21763,0.0,0.0,0.0,0.0
21764,0.0,0.0,0.0,0.0
21765,0.0,0.0,0.0,0.0
21766,0.0,0.0,0.0,0.0
21767,0.0,0.0,0.0,0.0
21768,0.0,0.0,0.0,0.0
21769,0.0,0.0,0.0,0.0
21770,0.0,0.0,0.0,0.0
21771,0.0,0.0,0.0,0.0
21772,0.0,0.0,0.0,0.0
21773,0.0,0.0,0.0,0.0
21774,0.0,0.0,0.0,0.0
21775,0.0,0.0,0.0,0.0
21776,0.0,0.0,0.0,0.0
21777,0.0,0.0,0.0,0.0
21778,0.0,0.0,0.0,0.0
21779,0.0,0.0,0.0,0.0
21780,0.0,0.0,0.0,0.0
21781,0.0,0.0,0.0,0.0
21782,0.0,0.0,0.0,0.0
21783,0.0,0.0,0.0,0.0
21784,0.0,0.0,0.0,0.0
21785,0.0,0.0,0.0,0.0
21786,0.0,0.0,0.0,0.0
21787,0.0,0.0,0.0,0.0
21788,0.0,0.0,0.0,0.0
21789,0.0,0.0,0.0,0.0
21790,0.0,0.0,0.0,0.0
21791,0.0,0.0,0.0,0.0
21792,0.0,0.0,0.0,0.0
21793,0.0,0.0,0.0,0.0
21794,0.0,0.0,0.0,0.0
21795,0.0,0.0,0.0,0.0
21796,0.0,0.0,0.0,0.0
21797,0.0,0.0,0.0,0.0
21798,0.0,0.0,0.0,0.0
21799,0.0,0.0,0.0,0.0
21800,0.0,0.0,0.0,0.0
21801,0.0,0.0,0.0,0.0
21802,0.0,0.0,0.0,0.0
21803,0.0,0.0,0.0,0.0
21804,0.0,0.0,0.0,0.0
21805,0.0,0.0,0.0,0.0
21806,0.0,0.0,0.0,0.0
21807,0.0,0.0,0.0,0.0
21808,0.0,0.0,0.0,0.0
21809,0.0,0.0,0.0,0.0
21810,0.0,0.0,0.0,0.0
21811,0.0,0.0,0.0,0.0
21812,0.0,0.0,0.0,0.0
21813,0.0,0.0,0.0,0.0
21814,0.0,0.0,0.0,0.0
21815,0.0,0.0,0.0,0.0
21816,0.0,0.0,0.0,0.0
21817,0.0,0.0,0.0,0.0
21818,0.0,0.0,0.0,0.0
21819,0.0,0.0,0.0,0.0
21820,0.0,0.0,0.0,0.0
21821,0.0,0.0,0.0,0.0
21822,0.0,0.0,0.0,0.0
21823,0.0,0.0,0.0,0.0
21824,0.0,0.0,0.0,0.0
21825,0.0,0.0,0.0,0.0
21826,0.0,0.0,0.0,0.0
21827,0.0,0.0,0.0,0.0
21828,0.0,0.0,0.0,0.0
21829,0.0,0.0,0.0,0.0
21830,0.0,0.0,0.0,0.0
21831,0.0,0.0,0.0,0.0
21832,0.0,0.0,0.0,0.0
21833,0.0,0.0,0.0,0.0
21834,0.0,0.0,0.0,0.0
21835,0.0,0.0,0.0,0.0
21836,0.0,0.0,0.0,0.0
21837,0.0,0.0,0.0,0.0
21838,0.0,0.0,0.0,0.0
21839,0.0,0.0,0.0,0.0
21840,0.0,0.0,0.0,0.0
21841,0.0,0.0,0.0,0.0
21842,0.0,0.0,0.0,0.0
21843,0.0,0.0,0.0,0.0
21844,0.0,0.0,0.0,0.0
21845,0.0,0.0,0.0,0.0
21846,0.0,0.0,0.0,0.0
21847,0.0,0.0,0.0,0.0
21848,0.0,0.0,0.0,0.0
21849,0.0,0.0,0.0,0.0
21850,0.0,0.0,0.0,0.0
21851,0.0,0.0,0.0,0.0
21852,0.0,0.0,0.0,0.0
21853,0.0,0.0,0.0,0.0
21854,0.0,0.0,0.0,0.0
21855,0.0,0.0,0.0,0.0
21856,0.0,0.0,0.0,0.0
21857,0.0,0.0,0.0,0.0
21858,0.0,0.0,0.0,0.0
21859,0.0,0.0,0.0,0.0
21860,0.0,0.0,0.0,0.0
21861,0.0,0.0,0.0,0.0
21862,0.0,0.0,0.0,0.0
21863,0.0,0.0,0.0,0.0
21864,0.0,0.0,0.0,0.0
21865,0.0,0.0,0.0,0.0
21866,0.0,0.0,0.0,0.0
21867,0.0,0.0,0.0,0.0
21868,0.0,0.0,0.0,0.0
21869,0.0,0.0,0.0,0.0
21870,0.0,0.0,0.0,0.0
21871,0.0,0.0,0.0,0.0
21872,0.0,0.0,0.0,0.0
21873,0.0,0.0,0.0,0.0
21874,0.0,0.0,0.0,0.0
21875,0.0,0.0,0.0,0.0
21876,0.0,0.0,0.0,0.0
21877,0.0,0.0,0.0,0.0
21878,0.0,0.0,0.0,0.0
21879,0.0,0.0,0.0,0.0
21880,0.0,0.0,0.0,0.0
21881,0.0,0.0,0.0,0.0
21882,0.0,0.0,0.0,0.0
21883,0.0,0.0,0.0,0.0
21884,0.0,0.0,0.0,0.0
21885,0.0,0.0,0.0,0.0
21886,0.0,0.0,0.0,0.0
21887,0.0,0.0,0.0,0.0
21888,0.0,0.0,0.0,0.0
21889,0.0,0.0,0.0,0.0
21890,0.0,0.0,0.0,0.0
21891,0.0,0.0,0.0,0.0
21892,0.0,0.0,0.0,0.0
21893,0.0,0.0,0.0,0.0
21894,0.0,0.0,0.0,0.0
21895,0.0,0.0,0.0,0.0
21896,0.0,0.0,0.0,0.0
21897,0.0,0.0,0.0,0.0
21898,0.0,0.0,0.0,0.0
21899,0.0,0.0,0.0,0.0
21900,0.0,0.0,0.0,0.0
21901,0.0,0.0,0.0,0.0
21902,0.0,0.0,0.0,0.0
21903,0.0,0.0,0.0,0.0
21904,0.0,0.0,0.0,0.0
21905,0.0,0.0,0.0,0.0
21906,0.0,0.0,0.0,0.0
21907,0.0,0.0,0.0,0.0
21908,0.0,0.0,0.0,0.0
21909,0.0,0.0,0.0,0.0
21910,0.0,0.0,0.0,0.0
21911,0.0,0.0,0.0,0.0
21912,0.0,0.0,0.0,0.0
21913,0.0,0.0,0.0,0.0
21914,0.0,0.0,0.0,0.0
21915,0.0,0.0,0.0,0.0
21916,0.0,0.0,0.0,0.0
21917,0.0,0.0,0.0,0.0
21918,0.0,0.0,0.0,0.0
21919,0.0,0.0,0.0,0.0
21920,0.0,0.0,0.0,0.0
21921,0.0,0.0,0.0,0.0
21922,0.0,0.0,0.0,0.0
21923,0.0,0.0,0.0,0.0
21924,0.0,0.0,0.0,0.0
21925,0.0,0.0,0.0,0.0
21926,0.0,0.0,0.0,0.0
21927,0.0,0.0,0.0,0.0
21928,0.0,0.0,0.0,0.0
21929,0.0,0.0,0.0,0.0
21930,0.0,0.0,0.0,0.0
21931,0.0,0.0,0.0,0.0
21932,0.0,0.0,0.0,0.0
21933,0.0,0.0,0.0,0.0
21934,0.0,0.0,0.0,0.0
21935,0.0,0.0,0.0,0.0
21936,0.0,0.0,0.0,0.0
21937,0.0,0.0,0.0,0.0
21938,0.0,0.0,0.0,0.0
21939,0.0,0.0,0.0,0.0
21940,0.0,0.0,0.0,0.0
21941,0.0,0.0,0.0,0.0
21942,0.0,0.0,0.0,0.0
21943,0.0,0.0,0.0,0.0
21944,0.0,0.0,0.0,0.0
21945,0.0,0.0,0.0,0.0
21946,0.0,0.0,0.0,0.0
21947,0.0,0.0,0.0,0.0
21948,0.0,0.0,0.0,0.0
21949,0.0,0.0,0.0,0.0
21950,0.0,0.0,0.0,0.0
21951,0.0,0.0,0.0,0.0
21952,0.0,0.0,0.0,0.0
21953,0.0,0.0,0.0,0.0
21954,0.0,0.0,0.0,0.0
21955,0.0,0.0,0.0,0.0
21956,0.0,0.0,0.0,0.0
21957,0.0,0.0,0.0,0.0
21958,0.0,0.0,0.0,0.0
21959,0.0,0.0,0.0,0.0
21960,0.0,0.0,0.0,0.0
21961,0.0,0.0,0.0,0.0
21962,0.0,0.0,0.0,0.0
21963,0.0,0.0,0.0,0.0
21964,0.0,0.0,0.0,0.0
21965,0.0,0.0,0.0,0.0
21966,0.0,0.0,0.0,0.0
21967,0.0,0.0,0.0,0.0
21968,0.0,0.0,0.0,0.0
21969,0.0,0.0,0.0,0.0
21970,0.0,0.0,0.0,0.0
21971,0.0,0.0,0.0,0.0
21972,0.0,0.0,0.0,0.0
21973,0.0,0.0,0.0,0.0
21974,0.0,0.0,0.0,0.0
21975,0.0,0.0,0.0,0.0
21976,0.0,0.0,0.0,0.0
21977,0.0,0.0,0.0,0.0
21978,0.0,0.0,0.0,0.0
21979,0.0,0.0,0.0,0.0
21980,0.0,0.0,0.0,0.0
21981,0.0,0.0,0.0,0.0
21982,0.0,0.0,0.0,0.0
21983,0.0,0.0,0.0,0.0
21984,0.0,0.0,0.0,0.0
21985,0.0,0.0,0.0,0.0
21986,0.0,0.0,0.0,0.0
21987,0.0,0.0,0.0,0.0
21988,0.0,0.0,0.0,0.0
21989,0.0,0.0,0.0,0.0
21990,0.0,0.0,0.0,0.0
21991,0.0,0.0,0.0,0.0
21992,0.0,0.0,0.0,0.0
21993,0.0,0.0,0.0,0.0
21994,0.0,0.0,0.0,0.0
21995,0.0,0.0,0.0,0.0
21996,0.0,0.0,0.0,0.0
21997,0.0,0.0,0.0,0.0
21998,0.0,0.0,0.0,0.0
21999,0.0,0.0,0.0,0.0
22000,0.0,0.0,0.0,0.0
22001,0.0,0.0,0.0,0.0
22002,0.0,0.0,0.0,0.0
22003,0.0,0.0,0.0,0.0
22004,0.0,0.0,0.0,0.0
22005,0.0,0.0,0.0,0.0
22006,0.0,0.0,0.0,0.0
22007,0.0,0.0,0.0,0.0
22008,0.0,0.0,0.0,0.0
22009,0.0,0.0,0.0,0.0
22010,0.0,0.0,0.0,0.0
22011,0.0,0.0,0.0,0.0
22012,0.0,0.0,0.0,0.0
22013,0.0,0.0,0.0,0.0
22014,0.0,0.0,0.0,0.0
22015,0.0,0.0,0.0,0.0
22016,0.0,0.0,0.0,0.0
22017,0.0,0.0,0.0,0.0
22018,0.0,0.0,0.0,0.0
22019,0.0,0.0,0.0,0.0
22020,0.0,0.0,0.0,0.0
22021,0.0,0.0,0.0,0.0
22022,0.0,0.0,0.0,0.0
22023,0.0,0.0,0.0,0.0
22024,0.0,0.0,0.0,0.0
22025,0.0,0.0,0.0,0.0
22026,0.0,0.0,0.0,0.0
22027,0.0,0.0,0.0,0.0
22028,0.0,0.0,0.0,0.0
22029,0.0,0.0,0.0,0.0
22030,0.0,0.0,0.0,0.0
22031,0.0,0.0,0.0,0.0
22032,0.0,0.0,0.0,0.0
22033,0.0,0.0,0.0,0.0
22034,0.0,0.0,0.0,0.0
22035,0.0,0.0,0.0,0.0
22036,0.0,0.0,0.0,0.0
22037,0.0,0.0,0.0,0.0
22038,0.0,0.0,0.0,0.0
22039,0.0,0.0,0.0,0.0
22040,0.0,0.0,0.0,0.0
22041,0.0,0.0,0.0,0.0
22042,0.0,0.0,0.0,0.0
22043,0.0,0.0,0.0,0.0
22044,0.0,0.0,0.0,0.0
22045,0.0,0.0,0.0,0.0
22046,0.0,0.0,0.0,0.0
22047,0.0,0.0,0.0,0.0
22048,0.0,0.0,0.0,0.0
22049,0.0,0.0,0.0,0.0
22050,0.0,0.0,0.0,0.0
22051,0.0,0.0,0.0,0.0
22052,0.0,0.0,0.0,0.0
22053,0.0,0.0,0.0,0.0
22054,0.0,0.0,0.0,0.0
22055,0.0,0.0,0.0,0.0
22056,0.0,0.0,0.0,0.0
22057,0.0,0.0,0.0,0.0
22058,0.0,0.0,0.0,0.0
22059,0.0,0.0,0.0,0.0
22060,0.0,0.0,0.0,0.0
22061,0.0,0.0,0.0,0.0
22062,0.0,0.0,0.0,0.0
22063,0.0,0.0,0.0,0.0
22064,0.0,0.0,0.0,0.0
22065,0.0,0.0,0.0,0.0
22066,0.0,0.0,0.0,0.0
22067,0.0,0.0,0.0,0.0
22068,0.0,0.0,0.0,0.0
22069,0.0,0.0,0.0,0.0
22070,0.0,0.0,0.0,0.0
22071,0.0,0.0,0.0,0.0
22072,0.0,0.0,0.0,0.0
22073,0.0,0.0,0.0,0.0
22074,0.0,0.0,0.0,0.0
22075,0.0,0.0,0.0,0.0
22076,0.0,0.0,0.0,0.0
22077,0.0,0.0,0.0,0.0
22078,0.0,0.0,0.0,0.0
22079,0.0,0.0,0.0,0.0
22080,0.0,0.0,0.0,0.0
22081,0.0,0.0,0.0,0.0
22082,0.0,0.0,0.0,0.0
22083,0.0,0.0,0.0,0.0
22084,0.0,0.0,0.0,0.0
22085,0.0,0.0,0.0,0.0
22086,0.0,0.0,0.0,0.0
22087,0.0,0.0,0.0,0.0
22088,0.0,0.0,0.0,0.0
22089,0.0,0.0,0.0,0.0
22090,0.0,0.0,0.0,0.0
22091,0.0,0.0,0.0,0.0
22092,0.0,0.0,0.0,0.0
22093,0.0,0.0,0.0,0.0
22094,0.0,0.0,0.0,0.0
22095,0.0,0.0,0.0,0.0
22096,0.0,0.0,0.0,0.0
22097,0.0,0.0,0.0,0.0
22098,0.0,0.0,0.0,0.0
22099,0.0,0.0,0.0,0.0
22100,0.0,0.0,0.0,0.0
22101,0.0,0.0,0.0,0.0
22102,0.0,0.0,0.0,0.0
22103,0.0,0.0,0.0,0.0
22104,0.0,0.0,0.0,0.0
22105,0.0,0.0,0.0,0.0
22106,0.0,0.0,0.0,0.0
22107,0.0,0.0,0.0,0.0
22108,0.0,0.0,0.0,0.0
22109,0.0,0.0,0.0,0.0
22110,0.0,0.0,0.0,0.0
22111,0.0,0.0,0.0,0.0
22112,0.0,0.0,0.0,0.0
22113,0.0,0.0,0.0,0.0
22114,0.0,0.0,0.0,0.0
22115,0.0,0.0,0.0,0.0
22116,0.0,0.0,0.0,0.0
22117,0.0,0.0,0.0,0.0
22118,0.0,0.0,0.0,0.0
22119,0.0,0.0,0.0,0.0
22120,0.0,0.0,0.0,0.0
22121,0.0,0.0,0.0,0.0
22122,0.0,0.0,0.0,0.0
22123,0.0,0.0,0.0,0.0
22124,0.0,0.0,0.0,0.0
22125,0.0,0.0,0.0,0.0
22126,0.0,0.0,0.0,0.0
22127,0.0,0.0,0.0,0.0
22128,0.0,0.0,0.0,0.0
22129,0.0,0.0,0.0,0.0
22130,0.0,0.0,0.0,0.0
22131,0.0,0.0,0.0,0.0
22132,0.0,0.0,0.0,0.0
22133,0.0,0.0,0.0,0.0
22134,0.0,0.0,0.0,0.0
22135,0.0,0.0,0.0,0.0
22136,0.0,0.0,0.0,0.0
22137,0.0,0.0,0.0,0.0
22138,0.0,0.0,0.0,0.0
22139,0.0,0.0,0.0,0.0
22140,0.0,0.0,0.0,0.0
22141,0.0,0.0,0.0,0.0
22142,0.0,0.0,0.0,0.0
22143,0.0,0.0,0.0,0.0
22144,0.0,0.0,0.0,0.0
22145,0.0,0.0,0.0,0.0
22146,0.0,0.0,0.0,0.0
22147,0.0,0.0,0.0,0.0
22148,0.0,0.0,0.0,0.0
22149,0.0,0.0,0.0,0.0
22150,0.0,0.0,0.0,0.0
22151,0.0,0.0,0.0,0.0
22152,0.0,0.0,0.0,0.0
22153,0.0,0.0,0.0,0.0
22154,0.0,0.0,0.0,0.0
22155,0.0,0.0,0.0,0.0
22156,0.0,0.0,0.0,0.0
22157,0.0,0.0,0.0,0.0
22158,0.0,0.0,0.0,0.0
22159,0.0,0.0,0.0,0.0
22160,0.0,0.0,0.0,0.0
22161,0.0,0.0,0.0,0.0
22162,0.0,0.0,0.0,0.0
22163,0.0,0.0,0.0,0.0
22164,0.0,0.0,0.0,0.0
22165,0.0,0.0,0.0,0.0
22166,0.0,0.0,0.0,0.0
22167,0.0,0.0,0.0,0.0
22168,0.0,0.0,0.0,0.0
22169,0.0,0.0,0.0,0.0
22170,0.0,0.0,0.0,0.0
22171,0.0,0.0,0.0,0.0
22172,0.0,0.0,0.0,0.0
22173,0.0,0.0,0.0,0.0
22174,0.0,0.0,0.0,0.0
22175,0.0,0.0,0.0,0.0
22176,0.0,0.0,0.0,0.0
22177,0.0,0.0,0.0,0.0
22178,0.0,0.0,0.0,0.0
22179,0.0,0.0,0.0,0.0
22180,0.0,0.0,0.0,0.0
22181,0.0,0.0,0.0,0.0
22182,0.0,0.0,0.0,0.0
22183,0.0,0.0,0.0,0.0
22184,0.0,0.0,0.0,0.0
22185,0.0,0.0,0.0,0.0
22186,0.0,0.0,0.0,0.0
22187,0.0,0.0,0.0,0.0
22188,0.0,0.0,0.0,0.0
22189,0.0,0.0,0.0,0.0
22190,0.0,0.0,0.0,0.0
22191,0.0,0.0,0.0,0.0
22192,0.0,0.0,0.0,0.0
22193,0.0,0.0,0.0,0.0
22194,0.0,0.0,0.0,0.0
22195,0.0,0.0,0.0,0.0
22196,0.0,0.0,0.0,0.0
22197,0.0,0.0,0.0,0.0
22198,0.0,0.0,0.0,0.0
22199,0.0,0.0,0.0,0.0
22200,0.0,0.0,0.0,0.0
22201,0.0,0.0,0.0,0.0
22202,0.0,0.0,0.0,0.0
22203,0.0,0.0,0.0,0.0
22204,0.0,0.0,0.0,0.0
22205,0.0,0.0,0.0,0.0
22206,0.0,0.0,0.0,0.0
22207,0.0,0.0,0.0,0.0
22208,0.0,0.0,0.0,0.0
22209,0.0,0.0,0.0,0.0
22210,0.0,0.0,0.0,0.0
22211,0.0,0.0,0.0,0.0
22212,0.0,0.0,0.0,0.0
22213,0.0,0.0,0.0,0.0
22214,0.0,0.0,0.0,0.0
22215,0.0,0.0,0.0,0.0
22216,0.0,0.0,0.0,0.0
22217,0.0,0.0,0.0,0.0
22218,0.0,0.0,0.0,0.0
22219,0.0,0.0,0.0,0.0
22220,0.0,0.0,0.0,0.0
22221,0.0,0.0,0.0,0.0
22222,0.0,0.0,0.0,0.0
22223,0.0,0.0,0.0,0.0
22224,0.0,0.0,0.0,0.0
22225,0.0,0.0,0.0,0.0
22226,0.0,0.0,0.0,0.0
22227,0.0,0.0,0.0,0.0
22228,0.0,0.0,0.0,0.0
22229,0.0,0.0,0.0,0.0
22230,0.0,0.0,0.0,0.0
22231,0.0,0.0,0.0,0.0
22232,0.0,0.0,0.0,0.0
22233,0.0,0.0,0.0,0.0
22234,0.0,0.0,0.0,0.0
22235,0.0,0.0,0.0,0.0
22236,0.0,0.0,0.0,0.0
22237,0.0,0.0,0.0,0.0
22238,0.0,0.0,0.0,0.0
22239,0.0,0.0,0.0,0.0
22240,0.0,0.0,0.0,0.0
22241,0.0,0.0,0.0,0.0
22242,0.0,0.0,0.0,0.0
22243,0.0,0.0,0.0,0.0
22244,0.0,0.0,0.0,0.0
22245,0.0,0.0,0.0,0.0
22246,0.0,0.0,0.0,0.0
22247,0.0,0.0,0.0,0.0
22248,0.0,0.0,0.0,0.0
22249,0.0,0.0,0.0,0.0
22250,0.0,0.0,0.0,0.0
22251,0.0,0.0,0.0,0.0
22252,0.0,0.0,0.0,0.0
22253,0.0,0.0,0.0,0.0
22254,0.0,0.0,0.0,0.0
22255,0.0,0.0,0.0,0.0
22256,0.0,0.0,0.0,0.0
22257,0.0,0.0,0.0,0.0
22258,0.0,0.0,0.0,0.0
22259,0.0,0.0,0.0,0.0
22260,0.0,0.0,0.0,0.0
22261,0.0,0.0,0.0,0.0
22262,0.0,0.0,0.0,0.0
22263,0.0,0.0,0.0,0.0
22264,0.0,0.0,0.0,0.0
22265,0.0,0.0,0.0,0.0
22266,0.0,0.0,0.0,0.0
22267,0.0,0.0,0.0,0.0
22268,0.0,0.0,0.0,0.0
22269,0.0,0.0,0.0,0.0
22270,0.0,0.0,0.0,0.0
22271,0.0,0.0,0.0,0.0
22272,0.0,0.0,0.0,0.0
22273,0.0,0.0,0.0,0.0
22274,0.0,0.0,0.0,0.0
22275,0.0,0.0,0.0,0.0
22276,0.0,0.0,0.0,0.0
22277,0.0,0.0,0.0,0.0
22278,0.0,0.0,0.0,0.0
22279,0.0,0.0,0.0,0.0
22280,0.0,0.0,0.0,0.0
22281,0.0,0.0,0.0,0.0
22282,0.0,0.0,0.0,0.0
22283,0.0,0.0,0.0,0.0
22284,0.0,0.0,0.0,0.0
22285,0.0,0.0,0.0,0.0
22286,0.0,0.0,0.0,0.0
22287,0.0,0.0,0.0,0.0
22288,0.0,0.0,0.0,0.0
22289,0.0,0.0,0.0,0.0
22290,0.0,0.0,0.0,0.0
22291,0.0,0.0,0.0,0.0
22292,0.0,0.0,0.0,0.0
22293,0.0,0.0,0.0,0.0
22294,0.0,0.0,0.0,0.0
22295,0.0,0.0,0.0,0.0
22296,0.0,0.0,0.0,0.0
22297,0.0,0.0,0.0,0.0
22298,0.0,0.0,0.0,0.0
22299,0.0,0.0,0.0,0.0
22300,0.0,0.0,0.0,0.0
22301,0.0,0.0,0.0,0.0
22302,0.0,0.0,0.0,0.0
22303,0.0,0.0,0.0,0.0
22304,0.0,0.0,0.0,0.0
22305,0.0,0.0,0.0,0.0
22306,0.0,0.0,0.0,0.0
22307,0.0,0.0,0.0,0.0
22308,0.0,0.0,0.0,0.0
22309,0.0,0.0,0.0,0.0
22310,0.0,0.0,0.0,0.0
22311,0.0,0.0,0.0,0.0
22312,0.0,0.0,0.0,0.0
22313,0.0,0.0,0.0,0.0
22314,0.0,0.0,0.0,0.0
22315,0.0,0.0,0.0,0.0
22316,0.0,0.0,0.0,0.0
22317,0.0,0.0,0.0,0.0
22318,0.0,0.0,0.0,0.0
22319,0.0,0.0,0.0,0.0
22320,0.0,0.0,0.0,0.0
22321,0.0,0.0,0.0,0.0
22322,0.0,0.0,0.0,0.0
22323,0.0,0.0,0.0,0.0
22324,0.0,0.0,0.0,0.0
22325,0.0,0.0,0.0,0.0
22326,0.0,0.0,0.0,0.0
22327,0.0,0.0,0.0,0.0
22328,0.0,0.0,0.0,0.0
22329,0.0,0.0,0.0,0.0
22330,0.0,0.0,0.0,0.0
22331,0.0,0.0,0.0,0.0
22332,0.0,0.0,0.0,0.0
22333,0.0,0.0,0.0,0.0
22334,0.0,0.0,0.0,0.0
22335,0.0,0.0,0.0,0.0
22336,0.0,0.0,0.0,0.0
22337,0.0,0.0,0.0,0.0
22338,0.0,0.0,0.0,0.0
22339,0.0,0.0,0.0,0.0
22340,0.0,0.0,0.0,0.0
22341,0.0,0.0,0.0,0.0
22342,0.0,0.0,0.0,0.0
22343,0.0,0.0,0.0,0.0
22344,0.0,0.0,0.0,0.0
22345,0.0,0.0,0.0,0.0
22346,0.0,0.0,0.0,0.0
22347,0.0,0.0,0.0,0.0
22348,0.0,0.0,0.0,0.0
22349,0.0,0.0,0.0,0.0
22350,0.0,0.0,0.0,0.0
22351,0.0,0.0,0.0,0.0
22352,0.0,0.0,0.0,0.0
22353,0.0,0.0,0.0,0.0
22354,0.0,0.0,0.0,0.0
22355,0.0,0.0,0.0,0.0
22356,0.0,0.0,0.0,0.0
22357,0.0,0.0,0.0,0.0
22358,0.0,0.0,0.0,0.0
22359,0.0,0.0,0.0,0.0
22360,0.0,0.0,0.0,0.0
22361,0.0,0.0,0.0,0.0
22362,0.0,0.0,0.0,0.0
22363,0.0,0.0,0.0,0.0
22364,0.0,0.0,0.0,0.0
22365,0.0,0.0,0.0,0.0
22366,0.0,0.0,0.0,0.0
22367,0.0,0.0,0.0,0.0
22368,0.0,0.0,0.0,0.0
22369,0.0,0.0,0.0,0.0
22370,0.0,0.0,0.0,0.0
22371,0.0,0.0,0.0,0.0
22372,0.0,0.0,0.0,0.0
22373,0.0,0.0,0.0,0.0
22374,0.0,0.0,0.0,0.0
22375,0.0,0.0,0.0,0.0
22376,0.0,0.0,0.0,0.0
22377,0.0,0.0,0.0,0.0
22378,0.0,0.0,0.0,0.0
22379,0.0,0.0,0.0,0.0
22380,0.0,0.0,0.0,0.0
22381,0.0,0.0,0.0,0.0
22382,0.0,0.0,0.0,0.0
22383,0.0,0.0,0.0,0.0
22384,0.0,0.0,0.0,0.0
22385,0.0,0.0,0.0,0.0
22386,0.0,0.0,0.0,0.0
22387,0.0,0.0,0.0,0.0
22388,0.0,0.0,0.0,0.0
22389,0.0,0.0,0.0,0.0
22390,0.0,0.0,0.0,0.0
22391,0.0,0.0,0.0,0.0
22392,0.0,0.0,0.0,0.0
22393,0.0,0.0,0.0,0.0
22394,0.0,0.0,0.0,0.0
22395,0.0,0.0,0.0,0.0
22396,0.0,0.0,0.0,0.0
22397,0.0,0.0,0.0,0.0
22398,0.0,0.0,0.0,0.0
22399,0.0,0.0,0.0,0.0
22400,0.0,0.0,0.0,0.0
22401,0.0,0.0,0.0,0.0
22402,0.0,0.0,0.0,0.0
22403,0.0,0.0,0.0,0.0
22404,0.0,0.0,0.0,0.0
22405,0.0,0.0,0.0,0.0
22406,0.0,0.0,0.0,0.0
22407,0.0,0.0,0.0,0.0
22408,0.0,0.0,0.0,0.0
22409,0.0,0.0,0.0,0.0
22410,0.0,0.0,0.0,0.0
22411,0.0,0.0,0.0,0.0
22412,0.0,0.0,0.0,0.0
22413,0.0,0.0,0.0,0.0
22414,0.0,0.0,0.0,0.0
22415,0.0,0.0,0.0,0.0
22416,0.0,0.0,0.0,0.0
22417,0.0,0.0,0.0,0.0
22418,0.0,0.0,0.0,0.0
22419,0.0,0.0,0.0,0.0
22420,0.0,0.0,0.0,0.0
22421,0.0,0.0,0.0,0.0
22422,0.0,0.0,0.0,0.0
22423,0.0,0.0,0.0,0.0
22424,0.0,0.0,0.0,0.0
22425,0.0,0.0,0.0,0.0
22426,0.0,0.0,0.0,0.0
22427,0.0,0.0,0.0,0.0
22428,0.0,0.0,0.0,0.0
22429,0.0,0.0,0.0,0.0
22430,0.0,0.0,0.0,0.0
22431,0.0,0.0,0.0,0.0
22432,0.0,0.0,0.0,0.0
22433,0.0,0.0,0.0,0.0
22434,0.0,0.0,0.0,0.0
22435,0.0,0.0,0.0,0.0
22436,0.0,0.0,0.0,0.0
22437,0.0,0.0,0.0,0.0
22438,0.0,0.0,0.0,0.0
22439,0.0,0.0,0.0,0.0
22440,0.0,0.0,0.0,0.0
22441,0.0,0.0,0.0,0.0
22442,0.0,0.0,0.0,0.0
22443,0.0,0.0,0.0,0.0
22444,0.0,0.0,0.0,0.0
22445,0.0,0.0,0.0,0.0
22446,0.0,0.0,0.0,0.0
22447,0.0,0.0,0.0,0.0
22448,0.0,0.0,0.0,0.0
22449,0.0,0.0,0.0,0.0
22450,0.0,0.0,0.0,0.0
22451,0.0,0.0,0.0,0.0
22452,0.0,0.0,0.0,0.0
22453,0.0,0.0,0.0,0.0
22454,0.0,0.0,0.0,0.0
22455,0.0,0.0,0.0,0.0
22456,0.0,0.0,0.0,0.0
22457,0.0,0.0,0.0,0.0
22458,0.0,0.0,0.0,0.0
22459,0.0,0.0,0.0,0.0
22460,0.0,0.0,0.0,0.0
22461,0.0,0.0,0.0,0.0
22462,0.0,0.0,0.0,0.0
22463,0.0,0.0,0.0,0.0
22464,0.0,0.0,0.0,0.0
22465,0.0,0.0,0.0,0.0
22466,0.0,0.0,0.0,0.0
22467,0.0,0.0,0.0,0.0
22468,0.0,0.0,0.0,0.0
22469,0.0,0.0,0.0,0.0
22470,0.0,0.0,0.0,0.0
22471,0.0,0.0,0.0,0.0
22472,0.0,0.0,0.0,0.0
22473,0.0,0.0,0.0,0.0
22474,0.0,0.0,0.0,0.0
22475,0.0,0.0,0.0,0.0
22476,0.0,0.0,0.0,0.0
22477,0.0,0.0,0.0,0.0
22478,0.0,0.0,0.0,0.0
22479,0.0,0.0,0.0,0.0
22480,0.0,0.0,0.0,0.0
22481,0.0,0.0,0.0,0.0
22482,0.0,0.0,0.0,0.0
22483,0.0,0.0,0.0,0.0
22484,0.0,0.0,0.0,0.0
22485,0.0,0.0,0.0,0.0
22486,0.0,0.0,0.0,0.0
22487,0.0,0.0,0.0,0.0
22488,0.0,0.0,0.0,0.0
22489,0.0,0.0,0.0,0.0
22490,0.0,0.0,0.0,0.0
22491,0.0,0.0,0.0,0.0
22492,0.0,0.0,0.0,0.0
22493,0.0,0.0,0.0,0.0
22494,0.0,0.0,0.0,0.0
22495,0.0,0.0,0.0,0.0
22496,0.0,0.0,0.0,0.0
22497,0.0,0.0,0.0,0.0
22498,0.0,0.0,0.0,0.0
22499,0.0,0.0,0.0,0.0
22500,0.0,0.0,0.0,0.0
22501,0.0,0.0,0.0,0.0
22502,0.0,0.0,0.0,0.0
22503,0.0,0.0,0.0,0.0
22504,0.0,0.0,0.0,0.0
22505,0.0,0.0,0.0,0.0
22506,0.0,0.0,0.0,0.0
22507,0.0,0.0,0.0,0.0
22508,0.0,0.0,0.0,0.0
22509,0.0,0.0,0.0,0.0
22510,0.0,0.0,0.0,0.0
22511,0.0,0.0,0.0,0.0
22512,0.0,0.0,0.0,0.0
22513,0.0,0.0,0.0,0.0
22514,0.0,0.0,0.0,0.0
22515,0.0,0.0,0.0,0.0
22516,0.0,0.0,0.0,0.0
22517,0.0,0.0,0.0,0.0
22518,0.0,0.0,0.0,0.0
22519,0.0,0.0,0.0,0.0
22520,0.0,0.0,0.0,0.0
22521,0.0,0.0,0.0,0.0
22522,0.0,0.0,0.0,0.0
22523,0.0,0.0,0.0,0.0
22524,0.0,0.0,0.0,0.0
22525,0.0,0.0,0.0,0.0
22526,0.0,0.0,0.0,0.0
22527,0.0,0.0,0.0,0.0
22528,0.0,0.0,0.0,0.0
22529,0.0,0.0,0.0,0.0
22530,0.0,0.0,0.0,0.0
22531,0.0,0.0,0.0,0.0
22532,0.0,0.0,0.0,0.0
22533,0.0,0.0,0.0,0.0
22534,0.0,0.0,0.0,0.0
22535,0.0,0.0,0.0,0.0
22536,0.0,0.0,0.0,0.0
22537,0.0,0.0,0.0,0.0
22538,0.0,0.0,0.0,0.0
22539,0.0,0.0,0.0,0.0
22540,0.0,0.0,0.0,0.0
22541,0.0,0.0,0.0,0.0
22542,0.0,0.0,0.0,0.0
22543,0.0,0.0,0.0,0.0
22544,0.0,0.0,0.0,0.0
22545,0.0,0.0,0.0,0.0
22546,0.0,0.0,0.0,0.0
22547,0.0,0.0,0.0,0.0
22548,0.0,0.0,0.0,0.0
22549,0.0,0.0,0.0,0.0
22550,0.0,0.0,0.0,0.0
22551,0.0,0.0,0.0,0.0
22552,0.0,0.0,0.0,0.0
22553,0.0,0.0,0.0,0.0
22554,0.0,0.0,0.0,0.0
22555,0.0,0.0,0.0,0.0
22556,0.0,0.0,0.0,0.0
22557,0.0,0.0,0.0,0.0
22558,0.0,0.0,0.0,0.0
22559,0.0,0.0,0.0,0.0
22560,0.0,0.0,0.0,0.0
22561,0.0,0.0,0.0,0.0
22562,0.0,0.0,0.0,0.0
22563,0.0,0.0,0.0,0.0
22564,0.0,0.0,0.0,0.0
22565,0.0,0.0,0.0,0.0
22566,0.0,0.0,0.0,0.0
22567,0.0,0.0,0.0,0.0
22568,0.0,0.0,0.0,0.0
22569,0.0,0.0,0.0,0.0
22570,0.0,0.0,0.0,0.0
22571,0.0,0.0,0.0,0.0
22572,0.0,0.0,0.0,0.0
22573,0.0,0.0,0.0,0.0
22574,0.0,0.0,0.0,0.0
22575,0.0,0.0,0.0,0.0
22576,0.0,0.0,0.0,0.0
22577,0.0,0.0,0.0,0.0
22578,0.0,0.0,0.0,0.0
22579,0.0,0.0,0.0,0.0
22580,0.0,0.0,0.0,0.0
22581,0.0,0.0,0.0,0.0
22582,0.0,0.0,0.0,0.0
22583,0.0,0.0,0.0,0.0
22584,0.0,0.0,0.0,0.0
22585,0.0,0.0,0.0,0.0
22586,0.0,0.0,0.0,0.0
22587,0.0,0.0,0.0,0.0
22588,0.0,0.0,0.0,0.0
22589,0.0,0.0,0.0,0.0
22590,0.0,0.0,0.0,0.0
22591,0.0,0.0,0.0,0.0
22592,0.0,0.0,0.0,0.0
22593,0.0,0.0,0.0,0.0
22594,0.0,0.0,0.0,0.0
22595,0.0,0.0,0.0,0.0
22596,0.0,0.0,0.0,0.0
22597,0.0,0.0,0.0,0.0
22598,0.0,0.0,0.0,0.0
22599,0.0,0.0,0.0,0.0
22600,0.0,0.0,0.0,0.0
22601,0.0,0.0,0.0,0.0
22602,0.0,0.0,0.0,0.0
22603,0.0,0.0,0.0,0.0
22604,0.0,0.0,0.0,0.0
22605,0.0,0.0,0.0,0.0
22606,0.0,0.0,0.0,0.0
22607,0.0,0.0,0.0,0.0
22608,0.0,0.0,0.0,0.0
22609,0.0,0.0,0.0,0.0
22610,0.0,0.0,0.0,0.0
22611,0.0,0.0,0.0,0.0
22612,0.0,0.0,0.0,0.0
22613,0.0,0.0,0.0,0.0
22614,0.0,0.0,0.0,0.0
22615,0.0,0.0,0.0,0.0
22616,0.0,0.0,0.0,0.0
22617,0.0,0.0,0.0,0.0
22618,0.0,0.0,0.0,0.0
22619,0.0,0.0,0.0,0.0
22620,0.0,0.0,0.0,0.0
22621,0.0,0.0,0.0,0.0
22622,0.0,0.0,0.0,0.0
22623,0.0,0.0,0.0,0.0
22624,0.0,0.0,0.0,0.0
22625,0.0,0.0,0.0,0.0
22626,0.0,0.0,0.0,0.0
22627,0.0,0.0,0.0,0.0
22628,0.0,0.0,0.0,0.0
22629,0.0,0.0,0.0,0.0
22630,0.0,0.0,0.0,0.0
22631,0.0,0.0,0.0,0.0
22632,0.0,0.0,0.0,0.0
22633,0.0,0.0,0.0,0.0
22634,0.0,0.0,0.0,0.0
22635,0.0,0.0,0.0,0.0
22636,0.0,0.0,0.0,0.0
22637,0.0,0.0,0.0,0.0
22638,0.0,0.0,0.0,0.0
22639,0.0,0.0,0.0,0.0
22640,0.0,0.0,0.0,0.0
22641,0.0,0.0,0.0,0.0
22642,0.0,0.0,0.0,0.0
22643,0.0,0.0,0.0,0.0
22644,0.0,0.0,0.0,0.0
22645,0.0,0.0,0.0,0.0
22646,0.0,0.0,0.0,0.0
22647,0.0,0.0,0.0,0.0
22648,0.0,0.0,0.0,0.0
22649,0.0,0.0,0.0,0.0
22650,0.0,0.0,0.0,0.0
22651,0.0,0.0,0.0,0.0
22652,0.0,0.0,0.0,0.0
22653,0.0,0.0,0.0,0.0
22654,0.0,0.0,0.0,0.0
22655,0.0,0.0,0.0,0.0
22656,0.0,0.0,0.0,0.0
22657,0.0,0.0,0.0,0.0
22658,0.0,0.0,0.0,0.0
22659,0.0,0.0,0.0,0.0
22660,0.0,0.0,0.0,0.0
22661,0.0,0.0,0.0,0.0
22662,0.0,0.0,0.0,0.0
22663,0.0,0.0,0.0,0.0
22664,0.0,0.0,0.0,0.0
22665,0.0,0.0,0.0,0.0
22666,0.0,0.0,0.0,0.0
22667,0.0,0.0,0.0,0.0
22668,0.0,0.0,0.0,0.0
22669,0.0,0.0,0.0,0.0
22670,0.0,0.0,0.0,0.0
22671,0.0,0.0,0.0,0.0
22672,0.0,0.0,0.0,0.0
22673,0.0,0.0,0.0,0.0
22674,0.0,0.0,0.0,0.0
22675,0.0,0.0,0.0,0.0
22676,0.0,0.0,0.0,0.0
22677,0.0,0.0,0.0,0.0
22678,0.0,0.0,0.0,0.0
22679,0.0,0.0,0.0,0.0
22680,0.0,0.0,0.0,0.0
22681,0.0,0.0,0.0,0.0
22682,0.0,0.0,0.0,0.0
22683,0.0,0.0,0.0,0.0
22684,0.0,0.0,0.0,0.0
22685,0.0,0.0,0.0,0.0
22686,0.0,0.0,0.0,0.0
22687,0.0,0.0,0.0,0.0
22688,0.0,0.0,0.0,0.0
22689,0.0,0.0,0.0,0.0
22690,0.0,0.0,0.0,0.0
22691,0.0,0.0,0.0,0.0
22692,0.0,0.0,0.0,0.0
22693,0.0,0.0,0.0,0.0
22694,0.0,0.0,0.0,0.0
22695,0.0,0.0,0.0,0.0
22696,0.0,0.0,0.0,0.0
22697,0.0,0.0,0.0,0.0
22698,0.0,0.0,0.0,0.0
22699,0.0,0.0,0.0,0.0
22700,0.0,0.0,0.0,0.0
22701,0.0,0.0,0.0,0.0
22702,0.0,0.0,0.0,0.0
22703,0.0,0.0,0.0,0.0
22704,0.0,0.0,0.0,0.0
22705,0.0,0.0,0.0,0.0
22706,0.0,0.0,0.0,0.0
22707,0.0,0.0,0.0,0.0
22708,0.0,0.0,0.0,0.0
22709,0.0,0.0,0.0,0.0
22710,0.0,0.0,0.0,0.0
22711,0.0,0.0,0.0,0.0
22712,0.0,0.0,0.0,0.0
22713,0.0,0.0,0.0,0.0
22714,0.0,0.0,0.0,0.0
22715,0.0,0.0,0.0,0.0
22716,0.0,0.0,0.0,0.0
22717,0.0,0.0,0.0,0.0
22718,0.0,0.0,0.0,0.0
22719,0.0,0.0,0.0,0.0
22720,0.0,0.0,0.0,0.0
22721,0.0,0.0,0.0,0.0
22722,0.0,0.0,0.0,0.0
22723,0.0,0.0,0.0,0.0
22724,0.0,0.0,0.0,0.0
22725,0.0,0.0,0.0,0.0
22726,0.0,0.0,0.0,0.0
22727,0.0,0.0,0.0,0.0
22728,0.0,0.0,0.0,0.0
22729,0.0,0.0,0.0,0.0
22730,0.0,0.0,0.0,0.0
22731,0.0,0.0,0.0,0.0
22732,0.0,0.0,0.0,0.0
22733,0.0,0.0,0.0,0.0
22734,0.0,0.0,0.0,0.0
22735,0.0,0.0,0.0,0.0
22736,0.0,0.0,0.0,0.0
22737,0.0,0.0,0.0,0.0
22738,0.0,0.0,0.0,0.0
22739,0.0,0.0,0.0,0.0
22740,0.0,0.0,0.0,0.0
22741,0.0,0.0,0.0,0.0
22742,0.0,0.0,0.0,0.0
22743,0.0,0.0,0.0,0.0
22744,0.0,0.0,0.0,0.0
22745,0.0,0.0,0.0,0.0
22746,0.0,0.0,0.0,0.0
22747,0.0,0.0,0.0,0.0
22748,0.0,0.0,0.0,0.0
22749,0.0,0.0,0.0,0.0
22750,0.0,0.0,0.0,0.0
22751,0.0,0.0,0.0,0.0
22752,0.0,0.0,0.0,0.0
22753,0.0,0.0,0.0,0.0
22754,0.0,0.0,0.0,0.0
22755,0.0,0.0,0.0,0.0
22756,0.0,0.0,0.0,0.0
22757,0.0,0.0,0.0,0.0
22758,0.0,0.0,0.0,0.0
22759,0.0,0.0,0.0,0.0
22760,0.0,0.0,0.0,0.0
22761,0.0,0.0,0.0,0.0
22762,0.0,0.0,0.0,0.0
22763,0.0,0.0,0.0,0.0
22764,0.0,0.0,0.0,0.0
22765,0.0,0.0,0.0,0.0
22766,0.0,0.0,0.0,0.0
22767,0.0,0.0,0.0,0.0
22768,0.0,0.0,0.0,0.0
22769,0.0,0.0,0.0,0.0
22770,0.0,0.0,0.0,0.0
22771,0.0,0.0,0.0,0.0
22772,0.0,0.0,0.0,0.0
22773,0.0,0.0,0.0,0.0
22774,0.0,0.0,0.0,0.0
22775,0.0,0.0,0.0,0.0
22776,0.0,0.0,0.0,0.0
22777,0.0,0.0,0.0,0.0
22778,0.0,0.0,0.0,0.0
22779,0.0,0.0,0.0,0.0
22780,0.0,0.0,0.0,0.0
22781,0.0,0.0,0.0,0.0
22782,0.0,0.0,0.0,0.0
22783,0.0,0.0,0.0,0.0
22784,0.0,0.0,0.0,0.0
22785,0.0,0.0,0.0,0.0
22786,0.0,0.0,0.0,0.0
22787,0.0,0.0,0.0,0.0
22788,0.0,0.0,0.0,0.0
22789,0.0,0.0,0.0,0.0
22790,0.0,0.0,0.0,0.0
22791,0.0,0.0,0.0,0.0
22792,0.0,0.0,0.0,0.0
22793,0.0,0.0,0.0,0.0
22794,0.0,0.0,0.0,0.0
22795,0.0,0.0,0.0,0.0
22796,0.0,0.0,0.0,0.0
22797,0.0,0.0,0.0,0.0
22798,0.0,0.0,0.0,0.0
22799,0.0,0.0,0.0,0.0
22800,0.0,0.0,0.0,0.0
22801,0.0,0.0,0.0,0.0
22802,0.0,0.0,0.0,0.0
22803,0.0,0.0,0.0,0.0
22804,0.0,0.0,0.0,0.0
22805,0.0,0.0,0.0,0.0
22806,0.0,0.0,0.0,0.0
22807,0.0,0.0,0.0,0.0
22808,0.0,0.0,0.0,0.0
22809,0.0,0.0,0.0,0.0
22810,0.0,0.0,0.0,0.0
22811,0.0,0.0,0.0,0.0
22812,0.0,0.0,0.0,0.0
22813,0.0,0.0,0.0,0.0
22814,0.0,0.0,0.0,0.0
22815,0.0,0.0,0.0,0.0
22816,0.0,0.0,0.0,0.0
22817,0.0,0.0,0.0,0.0
22818,0.0,0.0,0.0,0.0
22819,0.0,0.0,0.0,0.0
22820,0.0,0.0,0.0,0.0
22821,0.0,0.0,0.0,0.0
22822,0.0,0.0,0.0,0.0
22823,0.0,0.0,0.0,0.0
22824,0.0,0.0,0.0,0.0
22825,0.0,0.0,0.0,0.0
22826,0.0,0.0,0.0,0.0
22827,0.0,0.0,0.0,0.0
22828,0.0,0.0,0.0,0.0
22829,0.0,0.0,0.0,0.0
22830,0.0,0.0,0.0,0.0
22831,0.0,0.0,0.0,0.0
22832,0.0,0.0,0.0,0.0
22833,0.0,0.0,0.0,0.0
22834,0.0,0.0,0.0,0.0
22835,0.0,0.0,0.0,0.0
22836,0.0,0.0,0.0,0.0
22837,0.0,0.0,0.0,0.0
22838,0.0,0.0,0.0,0.0
22839,0.0,0.0,0.0,0.0
22840,0.0,0.0,0.0,0.0
22841,0.0,0.0,0.0,0.0
22842,0.0,0.0,0.0,0.0
22843,0.0,0.0,0.0,0.0
22844,0.0,0.0,0.0,0.0
22845,0.0,0.0,0.0,0.0
22846,0.0,0.0,0.0,0.0
22847,0.0,0.0,0.0,0.0
22848,0.0,0.0,0.0,0.0
22849,0.0,0.0,0.0,0.0
22850,0.0,0.0,0.0,0.0
22851,0.0,0.0,0.0,0.0
22852,0.0,0.0,0.0,0.0
22853,0.0,0.0,0.0,0.0
22854,0.0,0.0,0.0,0.0
22855,0.0,0.0,0.0,0.0
22856,0.0,0.0,0.0,0.0
22857,0.0,0.0,0.0,0.0
22858,0.0,0.0,0.0,0.0
22859,0.0,0.0,0.0,0.0
22860,0.0,0.0,0.0,0.0
22861,0.0,0.0,0.0,0.0
22862,0.0,0.0,0.0,0.0
22863,0.0,0.0,0.0,0.0
22864,0.0,0.0,0.0,0.0
22865,0.0,0.0,0.0,0.0
22866,0.0,0.0,0.0,0.0
22867,0.0,0.0,0.0,0.0
22868,0.0,0.0,0.0,0.0
22869,0.0,0.0,0.0,0.0
22870,0.0,0.0,0.0,0.0
22871,0.0,0.0,0.0,0.0
22872,0.0,0.0,0.0,0.0
22873,0.0,0.0,0.0,0.0
22874,0.0,0.0,0.0,0.0
22875,0.0,0.0,0.0,0.0
22876,0.0,0.0,0.0,0.0
22877,0.0,0.0,0.0,0.0
22878,0.0,0.0,0.0,0.0
22879,0.0,0.0,0.0,0.0
22880,0.0,0.0,0.0,0.0
22881,0.0,0.0,0.0,0.0
22882,0.0,0.0,0.0,0.0
22883,0.0,0.0,0.0,0.0
22884,0.0,0.0,0.0,0.0
22885,0.0,0.0,0.0,0.0
22886,0.0,0.0,0.0,0.0
22887,0.0,0.0,0.0,0.0
22888,0.0,0.0,0.0,0.0
22889,0.0,0.0,0.0,0.0
22890,0.0,0.0,0.0,0.0
22891,0.0,0.0,0.0,0.0
22892,0.0,0.0,0.0,0.0
22893,0.0,0.0,0.0,0.0
22894,0.0,0.0,0.0,0.0
22895,0.0,0.0,0.0,0.0
22896,0.0,0.0,0.0,0.0
22897,0.0,0.0,0.0,0.0
22898,0.0,0.0,0.0,0.0
22899,0.0,0.0,0.0,0.0
22900,0.0,0.0,0.0,0.0
22901,0.0,0.0,0.0,0.0
22902,0.0,0.0,0.0,0.0
22903,0.0,0.0,0.0,0.0
22904,0.0,0.0,0.0,0.0
22905,0.0,0.0,0.0,0.0
22906,0.0,0.0,0.0,0.0
22907,0.0,0.0,0.0,0.0
22908,0.0,0.0,0.0,0.0
22909,0.0,0.0,0.0,0.0
22910,0.0,0.0,0.0,0.0
22911,0.0,0.0,0.0,0.0
22912,0.0,0.0,0.0,0.0
22913,0.0,0.0,0.0,0.0
22914,0.0,0.0,0.0,0.0
22915,0.0,0.0,0.0,0.0
22916,0.0,0.0,0.0,0.0
22917,0.0,0.0,0.0,0.0
22918,0.0,0.0,0.0,0.0
22919,0.0,0.0,0.0,0.0
22920,0.0,0.0,0.0,0.0
22921,0.0,0.0,0.0,0.0
22922,0.0,0.0,0.0,0.0
22923,0.0,0.0,0.0,0.0
22924,0.0,0.0,0.0,0.0
22925,0.0,0.0,0.0,0.0
22926,0.0,0.0,0.0,0.0
22927,0.0,0.0,0.0,0.0
22928,0.0,0.0,0.0,0.0
22929,0.0,0.0,0.0,0.0
22930,0.0,0.0,0.0,0.0
22931,0.0,0.0,0.0,0.0
22932,0.0,0.0,0.0,0.0
22933,0.0,0.0,0.0,0.0
22934,0.0,0.0,0.0,0.0
22935,0.0,0.0,0.0,0.0
22936,0.0,0.0,0.0,0.0
22937,0.0,0.0,0.0,0.0
22938,0.0,0.0,0.0,0.0
22939,0.0,0.0,0.0,0.0
22940,0.0,0.0,0.0,0.0
22941,0.0,0.0,0.0,0.0
22942,0.0,0.0,0.0,0.0
22943,0.0,0.0,0.0,0.0
22944,0.0,0.0,0.0,0.0
22945,0.0,0.0,0.0,0.0
22946,0.0,0.0,0.0,0.0
22947,0.0,0.0,0.0,0.0
22948,0.0,0.0,0.0,0.0
22949,0.0,0.0,0.0,0.0
22950,0.0,0.0,0.0,0.0
22951,0.0,0.0,0.0,0.0
22952,0.0,0.0,0.0,0.0
22953,0.0,0.0,0.0,0.0
22954,0.0,0.0,0.0,0.0
22955,0.0,0.0,0.0,0.0
22956,0.0,0.0,0.0,0.0
22957,0.0,0.0,0.0,0.0
22958,0.0,0.0,0.0,0.0
22959,0.0,0.0,0.0,0.0
22960,0.0,0.0,0.0,0.0
22961,0.0,0.0,0.0,0.0
22962,0.0,0.0,0.0,0.0
22963,0.0,0.0,0.0,0.0
22964,0.0,0.0,0.0,0.0
22965,0.0,0.0,0.0,0.0
22966,0.0,0.0,0.0,0.0
22967,0.0,0.0,0.0,0.0
22968,0.0,0.0,0.0,0.0
22969,0.0,0.0,0.0,0.0
22970,0.0,0.0,0.0,0.0
22971,0.0,0.0,0.0,0.0
22972,0.0,0.0,0.0,0.0
22973,0.0,0.0,0.0,0.0
22974,0.0,0.0,0.0,0.0
22975,0.0,0.0,0.0,0.0
22976,0.0,0.0,0.0,0.0
22977,0.0,0.0,0.0,0.0
22978,0.0,0.0,0.0,0.0
22979,0.0,0.0,0.0,0.0
22980,0.0,0.0,0.0,0.0
22981,0.0,0.0,0.0,0.0
22982,0.0,0.0,0.0,0.0
22983,0.0,0.0,0.0,0.0
22984,0.0,0.0,0.0,0.0
22985,0.0,0.0,0.0,0.0
22986,0.0,0.0,0.0,0.0
22987,0.0,0.0,0.0,0.0
22988,0.0,0.0,0.0,0.0
22989,0.0,0.0,0.0,0.0
22990,0.0,0.0,0.0,0.0
22991,0.0,0.0,0.0,0.0
22992,0.0,0.0,0.0,0.0
22993,0.0,0.0,0.0,0.0
22994,0.0,0.0,0.0,0.0
22995,0.0,0.0,0.0,0.0
22996,0.0,0.0,0.0,0.0
22997,0.0,0.0,0.0,0.0
22998,0.0,0.0,0.0,0.0
22999,0.0,0.0,0.0,0.0
23000,0.0,0.0,0.0,0.0
23001,0.0,0.0,0.0,0.0
23002,0.0,0.0,0.0,0.0
23003,0.0,0.0,0.0,0.0
23004,0.0,0.0,0.0,0.0
23005,0.0,0.0,0.0,0.0
23006,0.0,0.0,0.0,0.0
23007,0.0,0.0,0.0,0.0
23008,0.0,0.0,0.0,0.0
23009,0.0,0.0,0.0,0.0
23010,0.0,0.0,0.0,0.0
23011,0.0,0.0,0.0,0.0
23012,0.0,0.0,0.0,0.0
23013,0.0,0.0,0.0,0.0
23014,0.0,0.0,0.0,0.0
23015,0.0,0.0,0.0,0.0
23016,0.0,0.0,0.0,0.0
23017,0.0,0.0,0.0,0.0
23018,0.0,0.0,0.0,0.0
23019,0.0,0.0,0.0,0.0
23020,0.0,0.0,0.0,0.0
23021,0.0,0.0,0.0,0.0
23022,0.0,0.0,0.0,0.0
23023,0.0,0.0,0.0,0.0
23024,0.0,0.0,0.0,0.0
23025,0.0,0.0,0.0,0.0
23026,0.0,0.0,0.0,0.0
23027,0.0,0.0,0.0,0.0
23028,0.0,0.0,0.0,0.0
23029,0.0,0.0,0.0,0.0
23030,0.0,0.0,0.0,0.0
23031,0.0,0.0,0.0,0.0
23032,0.0,0.0,0.0,0.0
23033,0.0,0.0,0.0,0.0
23034,0.0,0.0,0.0,0.0
23035,0.0,0.0,0.0,0.0
23036,0.0,0.0,0.0,0.0
23037,0.0,0.0,0.0,0.0
23038,0.0,0.0,0.0,0.0
23039,0.0,0.0,0.0,0.0
23040,0.0,0.0,0.0,0.0
23041,0.0,0.0,0.0,0.0
23042,0.0,0.0,0.0,0.0
23043,0.0,0.0,0.0,0.0
23044,0.0,0.0,0.0,0.0
23045,0.0,0.0,0.0,0.0
23046,0.0,0.0,0.0,0.0
23047,0.0,0.0,0.0,0.0
23048,0.0,0.0,0.0,0.0
23049,0.0,0.0,0.0,0.0
23050,0.0,0.0,0.0,0.0
23051,0.0,0.0,0.0,0.0
23052,0.0,0.0,0.0,0.0
23053,0.0,0.0,0.0,0.0
23054,0.0,0.0,0.0,0.0
23055,0.0,0.0,0.0,0.0
23056,0.0,0.0,0.0,0.0
23057,0.0,0.0,0.0,0.0
23058,0.0,0.0,0.0,0.0
23059,0.0,0.0,0.0,0.0
23060,0.0,0.0,0.0,0.0
23061,0.0,0.0,0.0,0.0
23062,0.0,0.0,0.0,0.0
23063,0.0,0.0,0.0,0.0
23064,0.0,0.0,0.0,0.0
23065,0.0,0.0,0.0,0.0
23066,0.0,0.0,0.0,0.0
23067,0.0,0.0,0.0,0.0
23068,0.0,0.0,0.0,0.0
23069,0.0,0.0,0.0,0.0
23070,0.0,0.0,0.0,0.0
23071,0.0,0.0,0.0,0.0
23072,0.0,0.0,0.0,0.0
23073,0.0,0.0,0.0,0.0
23074,0.0,0.0,0.0,0.0
23075,0.0,0.0,0.0,0.0
23076,0.0,0.0,0.0,0.0
23077,0.0,0.0,0.0,0.0
23078,0.0,0.0,0.0,0.0
23079,0.0,0.0,0.0,0.0
23080,0.0,0.0,0.0,0.0
23081,0.0,0.0,0.0,0.0
23082,0.0,0.0,0.0,0.0
23083,0.0,0.0,0.0,0.0
23084,0.0,0.0,0.0,0.0
23085,0.0,0.0,0.0,0.0
23086,0.0,0.0,0.0,0.0
23087,0.0,0.0,0.0,0.0
23088,0.0,0.0,0.0,0.0
23089,0.0,0.0,0.0,0.0
23090,0.0,0.0,0.0,0.0
23091,0.0,0.0,0.0,0.0
23092,0.0,0.0,0.0,0.0
23093,0.0,0.0,0.0,0.0
23094,0.0,0.0,0.0,0.0
23095,0.0,0.0,0.0,0.0
23096,0.0,0.0,0.0,0.0
23097,0.0,0.0,0.0,0.0
23098,0.0,0.0,0.0,0.0
23099,0.0,0.0,0.0,0.0
23100,0.0,0.0,0.0,0.0
23101,0.0,0.0,0.0,0.0
23102,0.0,0.0,0.0,0.0
23103,0.0,0.0,0.0,0.0
23104,0.0,0.0,0.0,0.0
23105,0.0,0.0,0.0,0.0
23106,0.0,0.0,0.0,0.0
23107,0.0,0.0,0.0,0.0
23108,0.0,0.0,0.0,0.0
23109,0.0,0.0,0.0,0.0
23110,0.0,0.0,0.0,0.0
23111,0.0,0.0,0.0,0.0
23112,0.0,0.0,0.0,0.0
23113,0.0,0.0,0.0,0.0
23114,0.0,0.0,0.0,0.0
23115,0.0,0.0,0.0,0.0
23116,0.0,0.0,0.0,0.0
23117,0.0,0.0,0.0,0.0
23118,0.0,0.0,0.0,0.0
23119,0.0,0.0,0.0,0.0
23120,0.0,0.0,0.0,0.0
23121,0.0,0.0,0.0,0.0
23122,0.0,0.0,0.0,0.0
23123,0.0,0.0,0.0,0.0
23124,0.0,0.0,0.0,0.0
23125,0.0,0.0,0.0,0.0
23126,0.0,0.0,0.0,0.0
23127,0.0,0.0,0.0,0.0
23128,0.0,0.0,0.0,0.0
23129,0.0,0.0,0.0,0.0
23130,0.0,0.0,0.0,0.0
23131,0.0,0.0,0.0,0.0
23132,0.0,0.0,0.0,0.0
23133,0.0,0.0,0.0,0.0
23134,0.0,0.0,0.0,0.0
23135,0.0,0.0,0.0,0.0
23136,0.0,0.0,0.0,0.0
23137,0.0,0.0,0.0,0.0
23138,0.0,0.0,0.0,0.0
23139,0.0,0.0,0.0,0.0
23140,0.0,0.0,0.0,0.0
23141,0.0,0.0,0.0,0.0
23142,0.0,0.0,0.0,0.0
23143,0.0,0.0,0.0,0.0
23144,0.0,0.0,0.0,0.0
23145,0.0,0.0,0.0,0.0
23146,0.0,0.0,0.0,0.0
23147,0.0,0.0,0.0,0.0
23148,0.0,0.0,0.0,0.0
23149,0.0,0.0,0.0,0.0
23150,0.0,0.0,0.0,0.0
23151,0.0,0.0,0.0,0.0
23152,0.0,0.0,0.0,0.0
23153,0.0,0.0,0.0,0.0
23154,0.0,0.0,0.0,0.0
23155,0.0,0.0,0.0,0.0
23156,0.0,0.0,0.0,0.0
23157,0.0,0.0,0.0,0.0
23158,0.0,0.0,0.0,0.0
23159,0.0,0.0,0.0,0.0
23160,0.0,0.0,0.0,0.0
23161,0.0,0.0,0.0,0.0
23162,0.0,0.0,0.0,0.0
23163,0.0,0.0,0.0,0.0
23164,0.0,0.0,0.0,0.0
23165,0.0,0.0,0.0,0.0
23166,0.0,0.0,0.0,0.0
23167,0.0,0.0,0.0,0.0
23168,0.0,0.0,0.0,0.0
23169,0.0,0.0,0.0,0.0
23170,0.0,0.0,0.0,0.0
23171,0.0,0.0,0.0,0.0
23172,0.0,0.0,0.0,0.0
23173,0.0,0.0,0.0,0.0
23174,0.0,0.0,0.0,0.0
23175,0.0,0.0,0.0,0.0
23176,0.0,0.0,0.0,0.0
23177,0.0,0.0,0.0,0.0
23178,0.0,0.0,0.0,0.0
23179,0.0,0.0,0.0,0.0
23180,0.0,0.0,0.0,0.0
23181,0.0,0.0,0.0,0.0
23182,0.0,0.0,0.0,0.0
23183,0.0,0.0,0.0,0.0
23184,0.0,0.0,0.0,0.0
23185,0.0,0.0,0.0,0.0
23186,0.0,0.0,0.0,0.0
23187,0.0,0.0,0.0,0.0
23188,0.0,0.0,0.0,0.0
23189,0.0,0.0,0.0,0.0
23190,0.0,0.0,0.0,0.0
23191,0.0,0.0,0.0,0.0
23192,0.0,0.0,0.0,0.0
23193,0.0,0.0,0.0,0.0
23194,0.0,0.0,0.0,0.0
23195,0.0,0.0,0.0,0.0
23196,0.0,0.0,0.0,0.0
23197,0.0,0.0,0.0,0.0
23198,0.0,0.0,0.0,0.0
23199,0.0,0.0,0.0,0.0
23200,0.0,0.0,0.0,0.0
23201,0.0,0.0,0.0,0.0
23202,0.0,0.0,0.0,0.0
23203,0.0,0.0,0.0,0.0
23204,0.0,0.0,0.0,0.0
23205,0.0,0.0,0.0,0.0
23206,0.0,0.0,0.0,0.0
23207,0.0,0.0,0.0,0.0
23208,0.0,0.0,0.0,0.0
23209,0.0,0.0,0.0,0.0
23210,0.0,0.0,0.0,0.0
23211,0.0,0.0,0.0,0.0
23212,0.0,0.0,0.0,0.0
23213,0.0,0.0,0.0,0.0
23214,0.0,0.0,0.0,0.0
23215,0.0,0.0,0.0,0.0
23216,0.0,0.0,0.0,0.0
23217,0.0,0.0,0.0,0.0
23218,0.0,0.0,0.0,0.0
23219,0.0,0.0,0.0,0.0
23220,0.0,0.0,0.0,0.0
23221,0.0,0.0,0.0,0.0
23222,0.0,0.0,0.0,0.0
23223,0.0,0.0,0.0,0.0
23224,0.0,0.0,0.0,0.0
23225,0.0,0.0,0.0,0.0
23226,0.0,0.0,0.0,0.0
23227,0.0,0.0,0.0,0.0
23228,0.0,0.0,0.0,0.0
23229,0.0,0.0,0.0,0.0
23230,0.0,0.0,0.0,0.0
23231,0.0,0.0,0.0,0.0
23232,0.0,0.0,0.0,0.0
23233,0.0,0.0,0.0,0.0
23234,0.0,0.0,0.0,0.0
23235,0.0,0.0,0.0,0.0
23236,0.0,0.0,0.0,0.0
23237,0.0,0.0,0.0,0.0
23238,0.0,0.0,0.0,0.0
23239,0.0,0.0,0.0,0.0
23240,0.0,0.0,0.0,0.0
23241,0.0,0.0,0.0,0.0
23242,0.0,0.0,0.0,0.0
23243,0.0,0.0,0.0,0.0
23244,0.0,0.0,0.0,0.0
23245,0.0,0.0,0.0,0.0
23246,0.0,0.0,0.0,0.0
23247,0.0,0.0,0.0,0.0
23248,0.0,0.0,0.0,0.0
23249,0.0,0.0,0.0,0.0
23250,0.0,0.0,0.0,0.0
23251,0.0,0.0,0.0,0.0
23252,0.0,0.0,0.0,0.0
23253,0.0,0.0,0.0,0.0
23254,0.0,0.0,0.0,0.0
23255,0.0,0.0,0.0,0.0
23256,0.0,0.0,0.0,0.0
23257,0.0,0.0,0.0,0.0
23258,0.0,0.0,0.0,0.0
23259,0.0,0.0,0.0,0.0
23260,0.0,0.0,0.0,0.0
23261,0.0,0.0,0.0,0.0
23262,0.0,0.0,0.0,0.0
23263,0.0,0.0,0.0,0.0
23264,0.0,0.0,0.0,0.0
23265,0.0,0.0,0.0,0.0
23266,0.0,0.0,0.0,0.0
23267,0.0,0.0,0.0,0.0
23268,0.0,0.0,0.0,0.0
23269,0.0,0.0,0.0,0.0
23270,0.0,0.0,0.0,0.0
23271,0.0,0.0,0.0,0.0
23272,0.0,0.0,0.0,0.0
23273,0.0,0.0,0.0,0.0
23274,0.0,0.0,0.0,0.0
23275,0.0,0.0,0.0,0.0
23276,0.0,0.0,0.0,0.0
23277,0.0,0.0,0.0,0.0
23278,0.0,0.0,0.0,0.0
23279,0.0,0.0,0.0,0.0
23280,0.0,0.0,0.0,0.0
23281,0.0,0.0,0.0,0.0
23282,0.0,0.0,0.0,0.0
23283,0.0,0.0,0.0,0.0
23284,0.0,0.0,0.0,0.0
23285,0.0,0.0,0.0,0.0
23286,0.0,0.0,0.0,0.0
23287,0.0,0.0,0.0,0.0
23288,0.0,0.0,0.0,0.0
23289,0.0,0.0,0.0,0.0
23290,0.0,0.0,0.0,0.0
23291,0.0,0.0,0.0,0.0
23292,0.0,0.0,0.0,0.0
23293,0.0,0.0,0.0,0.0
23294,0.0,0.0,0.0,0.0
23295,0.0,0.0,0.0,0.0
23296,0.0,0.0,0.0,0.0
23297,0.0,0.0,0.0,0.0
23298,0.0,0.0,0.0,0.0
23299,0.0,0.0,0.0,0.0
23300,0.0,0.0,0.0,0.0
23301,0.0,0.0,0.0,0.0
23302,0.0,0.0,0.0,0.0
23303,0.0,0.0,0.0,0.0
23304,0.0,0.0,0.0,0.0
23305,0.0,0.0,0.0,0.0
23306,0.0,0.0,0.0,0.0
23307,0.0,0.0,0.0,0.0
23308,0.0,0.0,0.0,0.0
23309,0.0,0.0,0.0,0.0
23310,0.0,0.0,0.0,0.0
23311,0.0,0.0,0.0,0.0
23312,0.0,0.0,0.0,0.0
23313,0.0,0.0,0.0,0.0
23314,0.0,0.0,0.0,0.0
23315,0.0,0.0,0.0,0.0
23316,0.0,0.0,0.0,0.0
23317,0.0,0.0,0.0,0.0
23318,0.0,0.0,0.0,0.0
23319,0.0,0.0,0.0,0.0
23320,0.0,0.0,0.0,0.0
23321,0.0,0.0,0.0,0.0
23322,0.0,0.0,0.0,0.0
23323,0.0,0.0,0.0,0.0
23324,0.0,0.0,0.0,0.0
23325,0.0,0.0,0.0,0.0
23326,0.0,0.0,0.0,0.0
23327,0.0,0.0,0.0,0.0
23328,0.0,0.0,0.0,0.0
23329,0.0,0.0,0.0,0.0
23330,0.0,0.0,0.0,0.0
23331,0.0,0.0,0.0,0.0
23332,0.0,0.0,0.0,0.0
23333,0.0,0.0,0.0,0.0
23334,0.0,0.0,0.0,0.0
23335,0.0,0.0,0.0,0.0
23336,0.0,0.0,0.0,0.0
23337,0.0,0.0,0.0,0.0
23338,0.0,0.0,0.0,0.0
23339,0.0,0.0,0.0,0.0
23340,0.0,0.0,0.0,0.0
23341,0.0,0.0,0.0,0.0
23342,0.0,0.0,0.0,0.0
23343,0.0,0.0,0.0,0.0
23344,0.0,0.0,0.0,0.0
23345,0.0,0.0,0.0,0.0
23346,0.0,0.0,0.0,0.0
23347,0.0,0.0,0.0,0.0
23348,0.0,0.0,0.0,0.0
23349,0.0,0.0,0.0,0.0
23350,0.0,0.0,0.0,0.0
23351,0.0,0.0,0.0,0.0
23352,0.0,0.0,0.0,0.0
23353,0.0,0.0,0.0,0.0
23354,0.0,0.0,0.0,0.0
23355,0.0,0.0,0.0,0.0
23356,0.0,0.0,0.0,0.0
23357,0.0,0.0,0.0,0.0
23358,0.0,0.0,0.0,0.0
23359,0.0,0.0,0.0,0.0
23360,0.0,0.0,0.0,0.0
23361,0.0,0.0,0.0,0.0
23362,0.0,0.0,0.0,0.0
23363,0.0,0.0,0.0,0.0
23364,0.0,0.0,0.0,0.0
23365,0.0,0.0,0.0,0.0
23366,0.0,0.0,0.0,0.0
23367,0.0,0.0,0.0,0.0
23368,0.0,0.0,0.0,0.0
23369,0.0,0.0,0.0,0.0
23370,0.0,0.0,0.0,0.0
23371,0.0,0.0,0.0,0.0
23372,0.0,0.0,0.0,0.0
23373,0.0,0.0,0.0,0.0
23374,0.0,0.0,0.0,0.0
23375,0.0,0.0,0.0,0.0
23376,0.0,0.0,0.0,0.0
23377,0.0,0.0,0.0,0.0
23378,0.0,0.0,0.0,0.0
23379,0.0,0.0,0.0,0.0
23380,0.0,0.0,0.0,0.0
23381,0.0,0.0,0.0,0.0
23382,0.0,0.0,0.0,0.0
23383,0.0,0.0,0.0,0.0
23384,0.0,0.0,0.0,0.0
23385,0.0,0.0,0.0,0.0
23386,0.0,0.0,0.0,0.0
23387,0.0,0.0,0.0,0.0
23388,0.0,0.0,0.0,0.0
23389,0.0,0.0,0.0,0.0
23390,0.0,0.0,0.0,0.0
23391,0.0,0.0,0.0,0.0
23392,0.0,0.0,0.0,0.0
23393,0.0,0.0,0.0,0.0
23394,0.0,0.0,0.0,0.0
23395,0.0,0.0,0.0,0.0
23396,0.0,0.0,0.0,0.0
23397,0.0,0.0,0.0,0.0
23398,0.0,0.0,0.0,0.0
23399,0.0,0.0,0.0,0.0
23400,0.0,0.0,0.0,0.0
23401,0.0,0.0,0.0,0.0
23402,0.0,0.0,0.0,0.0
23403,0.0,0.0,0.0,0.0
23404,0.0,0.0,0.0,0.0
23405,0.0,0.0,0.0,0.0
23406,0.0,0.0,0.0,0.0
23407,0.0,0.0,0.0,0.0
23408,0.0,0.0,0.0,0.0
23409,0.0,0.0,0.0,0.0
23410,0.0,0.0,0.0,0.0
23411,0.0,0.0,0.0,0.0
23412,0.0,0.0,0.0,0.0
23413,0.0,0.0,0.0,0.0
23414,0.0,0.0,0.0,0.0
23415,0.0,0.0,0.0,0.0
23416,0.0,0.0,0.0,0.0
23417,0.0,0.0,0.0,0.0
23418,0.0,0.0,0.0,0.0
23419,0.0,0.0,0.0,0.0
23420,0.0,0.0,0.0,0.0
23421,0.0,0.0,0.0,0.0
23422,0.0,0.0,0.0,0.0
23423,0.0,0.0,0.0,0.0
23424,0.0,0.0,0.0,0.0
23425,0.0,0.0,0.0,0.0
23426,0.0,0.0,0.0,0.0
23427,0.0,0.0,0.0,0.0
23428,0.0,0.0,0.0,0.0
23429,0.0,0.0,0.0,0.0
23430,0.0,0.0,0.0,0.0
23431,0.0,0.0,0.0,0.0
23432,0.0,0.0,0.0,0.0
23433,0.0,0.0,0.0,0.0
23434,0.0,0.0,0.0,0.0
23435,0.0,0.0,0.0,0.0
23436,0.0,0.0,0.0,0.0
23437,0.0,0.0,0.0,0.0
23438,0.0,0.0,0.0,0.0
23439,0.0,0.0,0.0,0.0
23440,0.0,0.0,0.0,0.0
23441,0.0,0.0,0.0,0.0
23442,0.0,0.0,0.0,0.0
23443,0.0,0.0,0.0,0.0
23444,0.0,0.0,0.0,0.0
23445,0.0,0.0,0.0,0.0
23446,0.0,0.0,0.0,0.0
23447,0.0,0.0,0.0,0.0
23448,0.0,0.0,0.0,0.0
23449,0.0,0.0,0.0,0.0
23450,0.0,0.0,0.0,0.0
23451,0.0,0.0,0.0,0.0
23452,0.0,0.0,0.0,0.0
23453,0.0,0.0,0.0,0.0
23454,0.0,0.0,0.0,0.0
23455,0.0,0.0,0.0,0.0
23456,0.0,0.0,0.0,0.0
23457,0.0,0.0,0.0,0.0
23458,0.0,0.0,0.0,0.0
23459,0.0,0.0,0.0,0.0
23460,0.0,0.0,0.0,0.0
23461,0.0,0.0,0.0,0.0
23462,0.0,0.0,0.0,0.0
23463,0.0,0.0,0.0,0.0
23464,0.0,0.0,0.0,0.0
23465,0.0,0.0,0.0,0.0
23466,0.0,0.0,0.0,0.0
23467,0.0,0.0,0.0,0.0
23468,0.0,0.0,0.0,0.0
23469,0.0,0.0,0.0,0.0
23470,0.0,0.0,0.0,0.0
23471,0.0,0.0,0.0,0.0
23472,0.0,0.0,0.0,0.0
23473,0.0,0.0,0.0,0.0
23474,0.0,0.0,0.0,0.0
23475,0.0,0.0,0.0,0.0
23476,0.0,0.0,0.0,0.0
23477,0.0,0.0,0.0,0.0
23478,0.0,0.0,0.0,0.0
23479,0.0,0.0,0.0,0.0
23480,0.0,0.0,0.0,0.0
23481,0.0,0.0,0.0,0.0
23482,0.0,0.0,0.0,0.0
23483,0.0,0.0,0.0,0.0
23484,0.0,0.0,0.0,0.0
23485,0.0,0.0,0.0,0.0
23486,0.0,0.0,0.0,0.0
23487,0.0,0.0,0.0,0.0
23488,0.0,0.0,0.0,0.0
23489,0.0,0.0,0.0,0.0
23490,0.0,0.0,0.0,0.0
23491,0.0,0.0,0.0,0.0
23492,0.0,0.0,0.0,0.0
23493,0.0,0.0,0.0,0.0
23494,0.0,0.0,0.0,0.0
23495,0.0,0.0,0.0,0.0
23496,0.0,0.0,0.0,0.0
23497,0.0,0.0,0.0,0.0
23498,0.0,0.0,0.0,0.0
23499,0.0,0.0,0.0,0.0
23500,0.0,0.0,0.0,0.0
23501,0.0,0.0,0.0,0.0
23502,0.0,0.0,0.0,0.0
23503,0.0,0.0,0.0,0.0
23504,0.0,0.0,0.0,0.0
23505,0.0,0.0,0.0,0.0
23506,0.0,0.0,0.0,0.0
23507,0.0,0.0,0.0,0.0
23508,0.0,0.0,0.0,0.0
23509,0.0,0.0,0.0,0.0
23510,0.0,0.0,0.0,0.0
23511,0.0,0.0,0.0,0.0
23512,0.0,0.0,0.0,0.0
23513,0.0,0.0,0.0,0.0
23514,0.0,0.0,0.0,0.0
23515,0.0,0.0,0.0,0.0
23516,0.0,0.0,0.0,0.0
23517,0.0,0.0,0.0,0.0
23518,0.0,0.0,0.0,0.0
23519,0.0,0.0,0.0,0.0
23520,0.0,0.0,0.0,0.0
23521,0.0,0.0,0.0,0.0
23522,0.0,0.0,0.0,0.0
23523,0.0,0.0,0.0,0.0
23524,0.0,0.0,0.0,0.0
23525,0.0,0.0,0.0,0.0
23526,0.0,0.0,0.0,0.0
23527,0.0,0.0,0.0,0.0
23528,0.0,0.0,0.0,0.0
23529,0.0,0.0,0.0,0.0
23530,0.0,0.0,0.0,0.0
23531,0.0,0.0,0.0,0.0
23532,0.0,0.0,0.0,0.0
23533,0.0,0.0,0.0,0.0
23534,0.0,0.0,0.0,0.0
23535,0.0,0.0,0.0,0.0
23536,0.0,0.0,0.0,0.0
23537,0.0,0.0,0.0,0.0
23538,0.0,0.0,0.0,0.0
23539,0.0,0.0,0.0,0.0
23540,0.0,0.0,0.0,0.0
23541,0.0,0.0,0.0,0.0
23542,0.0,0.0,0.0,0.0
23543,0.0,0.0,0.0,0.0
23544,0.0,0.0,0.0,0.0
23545,0.0,0.0,0.0,0.0
23546,0.0,0.0,0.0,0.0
23547,0.0,0.0,0.0,0.0
23548,0.0,0.0,0.0,0.0
23549,0.0,0.0,0.0,0.0
23550,0.0,0.0,0.0,0.0
23551,0.0,0.0,0.0,0.0
23552,0.0,0.0,0.0,0.0
23553,0.0,0.0,0.0,0.0
23554,0.0,0.0,0.0,0.0
23555,0.0,0.0,0.0,0.0
23556,0.0,0.0,0.0,0.0
23557,0.0,0.0,0.0,0.0
23558,0.0,0.0,0.0,0.0
23559,0.0,0.0,0.0,0.0
23560,0.0,0.0,0.0,0.0
23561,0.0,0.0,0.0,0.0
23562,0.0,0.0,0.0,0.0
23563,0.0,0.0,0.0,0.0
23564,0.0,0.0,0.0,0.0
23565,0.0,0.0,0.0,0.0
23566,0.0,0.0,0.0,0.0
23567,0.0,0.0,0.0,0.0
23568,0.0,0.0,0.0,0.0
23569,0.0,0.0,0.0,0.0
23570,0.0,0.0,0.0,0.0
23571,0.0,0.0,0.0,0.0
23572,0.0,0.0,0.0,0.0
23573,0.0,0.0,0.0,0.0
23574,0.0,0.0,0.0,0.0
23575,0.0,0.0,0.0,0.0
23576,0.0,0.0,0.0,0.0
23577,0.0,0.0,0.0,0.0
23578,0.0,0.0,0.0,0.0
23579,0.0,0.0,0.0,0.0
23580,0.0,0.0,0.0,0.0
23581,0.0,0.0,0.0,0.0
23582,0.0,0.0,0.0,0.0
23583,0.0,0.0,0.0,0.0
23584,0.0,0.0,0.0,0.0
23585,0.0,0.0,0.0,0.0
23586,0.0,0.0,0.0,0.0
23587,0.0,0.0,0.0,0.0
23588,0.0,0.0,0.0,0.0
23589,0.0,0.0,0.0,0.0
23590,0.0,0.0,0.0,0.0
23591,0.0,0.0,0.0,0.0
23592,0.0,0.0,0.0,0.0
23593,0.0,0.0,0.0,0.0
23594,0.0,0.0,0.0,0.0
23595,0.0,0.0,0.0,0.0
23596,0.0,0.0,0.0,0.0
23597,0.0,0.0,0.0,0.0
23598,0.0,0.0,0.0,0.0
23599,0.0,0.0,0.0,0.0
23600,0.0,0.0,0.0,0.0
23601,0.0,0.0,0.0,0.0
23602,0.0,0.0,0.0,0.0
23603,0.0,0.0,0.0,0.0
23604,0.0,0.0,0.0,0.0
23605,0.0,0.0,0.0,0.0
23606,0.0,0.0,0.0,0.0
23607,0.0,0.0,0.0,0.0
23608,0.0,0.0,0.0,0.0
23609,0.0,0.0,0.0,0.0
23610,0.0,0.0,0.0,0.0
23611,0.0,0.0,0.0,0.0
23612,0.0,0.0,0.0,0.0
23613,0.0,0.0,0.0,0.0
23614,0.0,0.0,0.0,0.0
23615,0.0,0.0,0.0,0.0
23616,0.0,0.0,0.0,0.0
23617,0.0,0.0,0.0,0.0
23618,0.0,0.0,0.0,0.0
23619,0.0,0.0,0.0,0.0
23620,0.0,0.0,0.0,0.0
23621,0.0,0.0,0.0,0.0
23622,0.0,0.0,0.0,0.0
23623,0.0,0.0,0.0,0.0
23624,0.0,0.0,0.0,0.0
23625,0.0,0.0,0.0,0.0
23626,0.0,0.0,0.0,0.0
23627,0.0,0.0,0.0,0.0
23628,0.0,0.0,0.0,0.0
23629,0.0,0.0,0.0,0.0
23630,0.0,0.0,0.0,0.0
23631,0.0,0.0,0.0,0.0
23632,0.0,0.0,0.0,0.0
23633,0.0,0.0,0.0,0.0
23634,0.0,0.0,0.0,0.0
23635,0.0,0.0,0.0,0.0
23636,0.0,0.0,0.0,0.0
23637,0.0,0.0,0.0,0.0
23638,0.0,0.0,0.0,0.0
23639,0.0,0.0,0.0,0.0
23640,0.0,0.0,0.0,0.0
23641,0.0,0.0,0.0,0.0
23642,0.0,0.0,0.0,0.0
23643,0.0,0.0,0.0,0.0
23644,0.0,0.0,0.0,0.0
23645,0.0,0.0,0.0,0.0
23646,0.0,0.0,0.0,0.0
23647,0.0,0.0,0.0,0.0
23648,0.0,0.0,0.0,0.0
23649,0.0,0.0,0.0,0.0
23650,0.0,0.0,0.0,0.0
23651,0.0,0.0,0.0,0.0
23652,0.0,0.0,0.0,0.0
23653,0.0,0.0,0.0,0.0
23654,0.0,0.0,0.0,0.0
23655,0.0,0.0,0.0,0.0
23656,0.0,0.0,0.0,0.0
23657,0.0,0.0,0.0,0.0
23658,0.0,0.0,0.0,0.0
23659,0.0,0.0,0.0,0.0
23660,0.0,0.0,0.0,0.0
23661,0.0,0.0,0.0,0.0
23662,0.0,0.0,0.0,0.0
23663,0.0,0.0,0.0,0.0
23664,0.0,0.0,0.0,0.0
23665,0.0,0.0,0.0,0.0
23666,0.0,0.0,0.0,0.0
23667,0.0,0.0,0.0,0.0
23668,0.0,0.0,0.0,0.0
23669,0.0,0.0,0.0,0.0
23670,0.0,0.0,0.0,0.0
23671,0.0,0.0,0.0,0.0
23672,0.0,0.0,0.0,0.0
23673,0.0,0.0,0.0,0.0
23674,0.0,0.0,0.0,0.0
23675,0.0,0.0,0.0,0.0
23676,0.0,0.0,0.0,0.0
23677,0.0,0.0,0.0,0.0
23678,0.0,0.0,0.0,0.0
23679,0.0,0.0,0.0,0.0
23680,0.0,0.0,0.0,0.0
23681,0.0,0.0,0.0,0.0
23682,0.0,0.0,0.0,0.0
23683,0.0,0.0,0.0,0.0
23684,0.0,0.0,0.0,0.0
23685,0.0,0.0,0.0,0.0
23686,0.0,0.0,0.0,0.0
23687,0.0,0.0,0.0,0.0
23688,0.0,0.0,0.0,0.0
23689,0.0,0.0,0.0,0.0
23690,0.0,0.0,0.0,0.0
23691,0.0,0.0,0.0,0.0
23692,0.0,0.0,0.0,0.0
23693,0.0,0.0,0.0,0.0
23694,0.0,0.0,0.0,0.0
23695,0.0,0.0,0.0,0.0
23696,0.0,0.0,0.0,0.0
23697,0.0,0.0,0.0,0.0
23698,0.0,0.0,0.0,0.0
23699,0.0,0.0,0.0,0.0
23700,0.0,0.0,0.0,0.0
23701,0.0,0.0,0.0,0.0
23702,0.0,0.0,0.0,0.0
23703,0.0,0.0,0.0,0.0
23704,0.0,0.0,0.0,0.0
23705,0.0,0.0,0.0,0.0
23706,0.0,0.0,0.0,0.0
23707,0.0,0.0,0.0,0.0
23708,0.0,0.0,0.0,0.0
23709,0.0,0.0,0.0,0.0
23710,0.0,0.0,0.0,0.0
23711,0.0,0.0,0.0,0.0
23712,0.0,0.0,0.0,0.0
23713,0.0,0.0,0.0,0.0
23714,0.0,0.0,0.0,0.0
23715,0.0,0.0,0.0,0.0
23716,0.0,0.0,0.0,0.0
23717,0.0,0.0,0.0,0.0
23718,0.0,0.0,0.0,0.0
23719,0.0,0.0,0.0,0.0
23720,0.0,0.0,0.0,0.0
23721,0.0,0.0,0.0,0.0
23722,0.0,0.0,0.0,0.0
23723,0.0,0.0,0.0,0.0
23724,0.0,0.0,0.0,0.0
23725,0.0,0.0,0.0,0.0
23726,0.0,0.0,0.0,0.0
23727,0.0,0.0,0.0,0.0
23728,0.0,0.0,0.0,0.0
23729,0.0,0.0,0.0,0.0
23730,0.0,0.0,0.0,0.0
23731,0.0,0.0,0.0,0.0
23732,0.0,0.0,0.0,0.0
23733,0.0,0.0,0.0,0.0
23734,0.0,0.0,0.0,0.0
23735,0.0,0.0,0.0,0.0
23736,0.0,0.0,0.0,0.0
23737,0.0,0.0,0.0,0.0
23738,0.0,0.0,0.0,0.0
23739,0.0,0.0,0.0,0.0
23740,0.0,0.0,0.0,0.0
23741,0.0,0.0,0.0,0.0
23742,0.0,0.0,0.0,0.0
23743,0.0,0.0,0.0,0.0
23744,0.0,0.0,0.0,0.0
23745,0.0,0.0,0.0,0.0
23746,0.0,0.0,0.0,0.0
23747,0.0,0.0,0.0,0.0
23748,0.0,0.0,0.0,0.0
23749,0.0,0.0,0.0,0.0
23750,0.0,0.0,0.0,0.0
23751,0.0,0.0,0.0,0.0
23752,0.0,0.0,0.0,0.0
23753,0.0,0.0,0.0,0.0
23754,0.0,0.0,0.0,0.0
23755,0.0,0.0,0.0,0.0
23756,0.0,0.0,0.0,0.0
23757,0.0,0.0,0.0,0.0
23758,0.0,0.0,0.0,0.0
23759,0.0,0.0,0.0,0.0
23760,0.0,0.0,0.0,0.0
23761,0.0,0.0,0.0,0.0
23762,0.0,0.0,0.0,0.0
23763,0.0,0.0,0.0,0.0
23764,0.0,0.0,0.0,0.0
23765,0.0,0.0,0.0,0.0
23766,0.0,0.0,0.0,0.0
23767,0.0,0.0,0.0,0.0
23768,0.0,0.0,0.0,0.0
23769,0.0,0.0,0.0,0.0
23770,0.0,0.0,0.0,0.0
23771,0.0,0.0,0.0,0.0
23772,0.0,0.0,0.0,0.0
23773,0.0,0.0,0.0,0.0
23774,0.0,0.0,0.0,0.0
23775,0.0,0.0,0.0,0.0
23776,0.0,0.0,0.0,0.0
23777,0.0,0.0,0.0,0.0
23778,0.0,0.0,0.0,0.0
23779,0.0,0.0,0.0,0.0
23780,0.0,0.0,0.0,0.0
23781,0.0,0.0,0.0,0.0
23782,0.0,0.0,0.0,0.0
23783,0.0,0.0,0.0,0.0
23784,0.0,0.0,0.0,0.0
23785,0.0,0.0,0.0,0.0
23786,0.0,0.0,0.0,0.0
23787,0.0,0.0,0.0,0.0
23788,0.0,0.0,0.0,0.0
23789,0.0,0.0,0.0,0.0
23790,0.0,0.0,0.0,0.0
23791,0.0,0.0,0.0,0.0
23792,0.0,0.0,0.0,0.0
23793,0.0,0.0,0.0,0.0
23794,0.0,0.0,0.0,0.0
23795,0.0,0.0,0.0,0.0
23796,0.0,0.0,0.0,0.0
23797,0.0,0.0,0.0,0.0
23798,0.0,0.0,0.0,0.0
23799,0.0,0.0,0.0,0.0
23800,0.0,0.0,0.0,0.0
23801,0.0,0.0,0.0,0.0
23802,0.0,0.0,0.0,0.0
23803,0.0,0.0,0.0,0.0
23804,0.0,0.0,0.0,0.0
23805,0.0,0.0,0.0,0.0
23806,0.0,0.0,0.0,0.0
23807,0.0,0.0,0.0,0.0
23808,0.0,0.0,0.0,0.0
23809,0.0,0.0,0.0,0.0
23810,0.0,0.0,0.0,0.0
23811,0.0,0.0,0.0,0.0
23812,0.0,0.0,0.0,0.0
23813,0.0,0.0,0.0,0.0
23814,0.0,0.0,0.0,0.0
23815,0.0,0.0,0.0,0.0
23816,0.0,0.0,0.0,0.0
23817,0.0,0.0,0.0,0.0
23818,0.0,0.0,0.0,0.0
23819,0.0,0.0,0.0,0.0
23820,0.0,0.0,0.0,0.0
23821,0.0,0.0,0.0,0.0
23822,0.0,0.0,0.0,0.0
23823,0.0,0.0,0.0,0.0
23824,0.0,0.0,0.0,0.0
23825,0.0,0.0,0.0,0.0
23826,0.0,0.0,0.0,0.0
23827,0.0,0.0,0.0,0.0
23828,0.0,0.0,0.0,0.0
23829,0.0,0.0,0.0,0.0
23830,0.0,0.0,0.0,0.0
23831,0.0,0.0,0.0,0.0
23832,0.0,0.0,0.0,0.0
23833,0.0,0.0,0.0,0.0
23834,0.0,0.0,0.0,0.0
23835,0.0,0.0,0.0,0.0
23836,0.0,0.0,0.0,0.0
23837,0.0,0.0,0.0,0.0
23838,0.0,0.0,0.0,0.0
23839,0.0,0.0,0.0,0.0
23840,0.0,0.0,0.0,0.0
23841,0.0,0.0,0.0,0.0
23842,0.0,0.0,0.0,0.0
23843,0.0,0.0,0.0,0.0
23844,0.0,0.0,0.0,0.0
23845,0.0,0.0,0.0,0.0
23846,0.0,0.0,0.0,0.0
23847,0.0,0.0,0.0,0.0
23848,0.0,0.0,0.0,0.0
23849,0.0,0.0,0.0,0.0
23850,0.0,0.0,0.0,0.0
23851,0.0,0.0,0.0,0.0
23852,0.0,0.0,0.0,0.0
23853,0.0,0.0,0.0,0.0
23854,0.0,0.0,0.0,0.0
23855,0.0,0.0,0.0,0.0
23856,0.0,0.0,0.0,0.0
23857,0.0,0.0,0.0,0.0
23858,0.0,0.0,0.0,0.0
23859,0.0,0.0,0.0,0.0
23860,0.0,0.0,0.0,0.0
23861,0.0,0.0,0.0,0.0
23862,0.0,0.0,0.0,0.0
23863,0.0,0.0,0.0,0.0
23864,0.0,0.0,0.0,0.0
23865,0.0,0.0,0.0,0.0
23866,0.0,0.0,0.0,0.0
23867,0.0,0.0,0.0,0.0
23868,0.0,0.0,0.0,0.0
23869,0.0,0.0,0.0,0.0
23870,0.0,0.0,0.0,0.0
23871,0.0,0.0,0.0,0.0
23872,0.0,0.0,0.0,0.0
23873,0.0,0.0,0.0,0.0
23874,0.0,0.0,0.0,0.0
23875,0.0,0.0,0.0,0.0
23876,0.0,0.0,0.0,0.0
23877,0.0,0.0,0.0,0.0
23878,0.0,0.0,0.0,0.0
23879,0.0,0.0,0.0,0.0
23880,0.0,0.0,0.0,0.0
23881,0.0,0.0,0.0,0.0
23882,0.0,0.0,0.0,0.0
23883,0.0,0.0,0.0,0.0
23884,0.0,0.0,0.0,0.0
23885,0.0,0.0,0.0,0.0
23886,0.0,0.0,0.0,0.0
23887,0.0,0.0,0.0,0.0
23888,0.0,0.0,0.0,0.0
23889,0.0,0.0,0.0,0.0
23890,0.0,0.0,0.0,0.0
23891,0.0,0.0,0.0,0.0
23892,0.0,0.0,0.0,0.0
23893,0.0,0.0,0.0,0.0
23894,0.0,0.0,0.0,0.0
23895,0.0,0.0,0.0,0.0
23896,0.0,0.0,0.0,0.0
23897,0.0,0.0,0.0,0.0
23898,0.0,0.0,0.0,0.0
23899,0.0,0.0,0.0,0.0
23900,0.0,0.0,0.0,0.0
23901,0.0,0.0,0.0,0.0
23902,0.0,0.0,0.0,0.0
23903,0.0,0.0,0.0,0.0
23904,0.0,0.0,0.0,0.0
23905,0.0,0.0,0.0,0.0
23906,0.0,0.0,0.0,0.0
23907,0.0,0.0,0.0,0.0
23908,0.0,0.0,0.0,0.0
23909,0.0,0.0,0.0,0.0
23910,0.0,0.0,0.0,0.0
23911,0.0,0.0,0.0,0.0
23912,0.0,0.0,0.0,0.0
23913,0.0,0.0,0.0,0.0
23914,0.0,0.0,0.0,0.0
23915,0.0,0.0,0.0,0.0
23916,0.0,0.0,0.0,0.0
23917,0.0,0.0,0.0,0.0
23918,0.0,0.0,0.0,0.0
23919,0.0,0.0,0.0,0.0
23920,0.0,0.0,0.0,0.0
23921,0.0,0.0,0.0,0.0
23922,0.0,0.0,0.0,0.0
23923,0.0,0.0,0.0,0.0
23924,0.0,0.0,0.0,0.0
23925,0.0,0.0,0.0,0.0
23926,0.0,0.0,0.0,0.0
23927,0.0,0.0,0.0,0.0
23928,0.0,0.0,0.0,0.0
23929,0.0,0.0,0.0,0.0
23930,0.0,0.0,0.0,0.0
23931,0.0,0.0,0.0,0.0
23932,0.0,0.0,0.0,0.0
23933,0.0,0.0,0.0,0.0
23934,0.0,0.0,0.0,0.0
23935,0.0,0.0,0.0,0.0
23936,0.0,0.0,0.0,0.0
23937,0.0,0.0,0.0,0.0
23938,0.0,0.0,0.0,0.0
23939,0.0,0.0,0.0,0.0
23940,0.0,0.0,0.0,0.0
23941,0.0,0.0,0.0,0.0
23942,0.0,0.0,0.0,0.0
23943,0.0,0.0,0.0,0.0
23944,0.0,0.0,0.0,0.0
23945,0.0,0.0,0.0,0.0
23946,0.0,0.0,0.0,0.0
23947,0.0,0.0,0.0,0.0
23948,0.0,0.0,0.0,0.0
23949,0.0,0.0,0.0,0.0
23950,0.0,0.0,0.0,0.0
23951,0.0,0.0,0.0,0.0
23952,0.0,0.0,0.0,0.0
23953,0.0,0.0,0.0,0.0
23954,0.0,0.0,0.0,0.0
23955,0.0,0.0,0.0,0.0
23956,0.0,0.0,0.0,0.0
23957,0.0,0.0,0.0,0.0
23958,0.0,0.0,0.0,0.0
23959,0.0,0.0,0.0,0.0
23960,0.0,0.0,0.0,0.0
23961,0.0,0.0,0.0,0.0
23962,0.0,0.0,0.0,0.0
23963,0.0,0.0,0.0,0.0
23964,0.0,0.0,0.0,0.0
23965,0.0,0.0,0.0,0.0
23966,0.0,0.0,0.0,0.0
23967,0.0,0.0,0.0,0.0
23968,0.0,0.0,0.0,0.0
23969,0.0,0.0,0.0,0.0
23970,0.0,0.0,0.0,0.0
23971,0.0,0.0,0.0,0.0
23972,0.0,0.0,0.0,0.0
23973,0.0,0.0,0.0,0.0
23974,0.0,0.0,0.0,0.0
23975,0.0,0.0,0.0,0.0
23976,0.0,0.0,0.0,0.0
23977,0.0,0.0,0.0,0.0
23978,0.0,0.0,0.0,0.0
23979,0.0,0.0,0.0,0.0
23980,0.0,0.0,0.0,0.0
23981,0.0,0.0,0.0,0.0
23982,0.0,0.0,0.0,0.0
23983,0.0,0.0,0.0,0.0
23984,0.0,0.0,0.0,0.0
23985,0.0,0.0,0.0,0.0
23986,0.0,0.0,0.0,0.0
23987,0.0,0.0,0.0,0.0
23988,0.0,0.0,0.0,0.0
23989,0.0,0.0,0.0,0.0
23990,0.0,0.0,0.0,0.0
23991,0.0,0.0,0.0,0.0
23992,0.0,0.0,0.0,0.0
23993,0.0,0.0,0.0,0.0
23994,0.0,0.0,0.0,0.0
23995,0.0,0.0,0.0,0.0
23996,0.0,0.0,0.0,0.0
23997,0.0,0.0,0.0,0.0
23998,0.0,0.0,0.0,0.0
23999,0.0,0.0,0.0,0.0
24000,0.0,0.0,0.0,0.0
24001,0.0,0.0,0.0,0.0
24002,0.0,0.0,0.0,0.0
24003,0.0,0.0,0.0,0.0
24004,0.0,0.0,0.0,0.0
24005,0.0,0.0,0.0,0.0
24006,0.0,0.0,0.0,0.0
24007,0.0,0.0,0.0,0.0
24008,0.0,0.0,0.0,0.0
24009,0.0,0.0,0.0,0.0
24010,0.0,0.0,0.0,0.0
24011,0.0,0.0,0.0,0.0
24012,0.0,0.0,0.0,0.0
24013,0.0,0.0,0.0,0.0
24014,0.0,0.0,0.0,0.0
24015,0.0,0.0,0.0,0.0
24016,0.0,0.0,0.0,0.0
24017,0.0,0.0,0.0,0.0
24018,0.0,0.0,0.0,0.0
24019,0.0,0.0,0.0,0.0
24020,0.0,0.0,0.0,0.0
24021,0.0,0.0,0.0,0.0
24022,0.0,0.0,0.0,0.0
24023,0.0,0.0,0.0,0.0
24024,0.0,0.0,0.0,0.0
24025,0.0,0.0,0.0,0.0
24026,0.0,0.0,0.0,0.0
24027,0.0,0.0,0.0,0.0
24028,0.0,0.0,0.0,0.0
24029,0.0,0.0,0.0,0.0
24030,0.0,0.0,0.0,0.0
24031,0.0,0.0,0.0,0.0
24032,0.0,0.0,0.0,0.0
24033,0.0,0.0,0.0,0.0
24034,0.0,0.0,0.0,0.0
24035,0.0,0.0,0.0,0.0
24036,0.0,0.0,0.0,0.0
24037,0.0,0.0,0.0,0.0
24038,0.0,0.0,0.0,0.0
24039,0.0,0.0,0.0,0.0
24040,0.0,0.0,0.0,0.0
24041,0.0,0.0,0.0,0.0
24042,0.0,0.0,0.0,0.0
24043,0.0,0.0,0.0,0.0
24044,0.0,0.0,0.0,0.0
24045,0.0,0.0,0.0,0.0
24046,0.0,0.0,0.0,0.0
24047,0.0,0.0,0.0,0.0
24048,0.0,0.0,0.0,0.0
24049,0.0,0.0,0.0,0.0
24050,0.0,0.0,0.0,0.0
24051,0.0,0.0,0.0,0.0
24052,0.0,0.0,0.0,0.0
24053,0.0,0.0,0.0,0.0
24054,0.0,0.0,0.0,0.0
24055,0.0,0.0,0.0,0.0
24056,0.0,0.0,0.0,0.0
24057,0.0,0.0,0.0,0.0
24058,0.0,0.0,0.0,0.0
24059,0.0,0.0,0.0,0.0
24060,0.0,0.0,0.0,0.0
24061,0.0,0.0,0.0,0.0
24062,0.0,0.0,0.0,0.0
24063,0.0,0.0,0.0,0.0
24064,0.0,0.0,0.0,0.0
24065,0.0,0.0,0.0,0.0
24066,0.0,0.0,0.0,0.0
24067,0.0,0.0,0.0,0.0
24068,0.0,0.0,0.0,0.0
24069,0.0,0.0,0.0,0.0
24070,0.0,0.0,0.0,0.0
24071,0.0,0.0,0.0,0.0
24072,0.0,0.0,0.0,0.0
24073,0.0,0.0,0.0,0.0
24074,0.0,0.0,0.0,0.0
24075,0.0,0.0,0.0,0.0
24076,0.0,0.0,0.0,0.0
24077,0.0,0.0,0.0,0.0
24078,0.0,0.0,0.0,0.0
24079,0.0,0.0,0.0,0.0
24080,0.0,0.0,0.0,0.0
24081,0.0,0.0,0.0,0.0
24082,0.0,0.0,0.0,0.0
24083,0.0,0.0,0.0,0.0
24084,0.0,0.0,0.0,0.0
24085,0.0,0.0,0.0,0.0
24086,0.0,0.0,0.0,0.0
24087,0.0,0.0,0.0,0.0
24088,0.0,0.0,0.0,0.0
24089,0.0,0.0,0.0,0.0
24090,0.0,0.0,0.0,0.0
24091,0.0,0.0,0.0,0.0
24092,0.0,0.0,0.0,0.0
24093,0.0,0.0,0.0,0.0
24094,0.0,0.0,0.0,0.0
24095,0.0,0.0,0.0,0.0
24096,0.0,0.0,0.0,0.0
24097,0.0,0.0,0.0,0.0
24098,0.0,0.0,0.0,0.0
24099,0.0,0.0,0.0,0.0
24100,0.0,0.0,0.0,0.0
24101,0.0,0.0,0.0,0.0
24102,0.0,0.0,0.0,0.0
24103,0.0,0.0,0.0,0.0
24104,0.0,0.0,0.0,0.0
24105,0.0,0.0,0.0,0.0
24106,0.0,0.0,0.0,0.0
24107,0.0,0.0,0.0,0.0
24108,0.0,0.0,0.0,0.0
24109,0.0,0.0,0.0,0.0
24110,0.0,0.0,0.0,0.0
24111,0.0,0.0,0.0,0.0
24112,0.0,0.0,0.0,0.0
24113,0.0,0.0,0.0,0.0
24114,0.0,0.0,0.0,0.0
24115,0.0,0.0,0.0,0.0
24116,0.0,0.0,0.0,0.0
24117,0.0,0.0,0.0,0.0
24118,0.0,0.0,0.0,0.0
24119,0.0,0.0,0.0,0.0
24120,0.0,0.0,0.0,0.0
24121,0.0,0.0,0.0,0.0
24122,0.0,0.0,0.0,0.0
24123,0.0,0.0,0.0,0.0
24124,0.0,0.0,0.0,0.0
24125,0.0,0.0,0.0,0.0
24126,0.0,0.0,0.0,0.0
24127,0.0,0.0,0.0,0.0
24128,0.0,0.0,0.0,0.0
24129,0.0,0.0,0.0,0.0
24130,0.0,0.0,0.0,0.0
24131,0.0,0.0,0.0,0.0
24132,0.0,0.0,0.0,0.0
24133,0.0,0.0,0.0,0.0
24134,0.0,0.0,0.0,0.0
24135,0.0,0.0,0.0,0.0
24136,0.0,0.0,0.0,0.0
24137,0.0,0.0,0.0,0.0
24138,0.0,0.0,0.0,0.0
24139,0.0,0.0,0.0,0.0
24140,0.0,0.0,0.0,0.0
24141,0.0,0.0,0.0,0.0
24142,0.0,0.0,0.0,0.0
24143,0.0,0.0,0.0,0.0
24144,0.0,0.0,0.0,0.0
24145,0.0,0.0,0.0,0.0
24146,0.0,0.0,0.0,0.0
24147,0.0,0.0,0.0,0.0
24148,0.0,0.0,0.0,0.0
24149,0.0,0.0,0.0,0.0
24150,0.0,0.0,0.0,0.0
24151,0.0,0.0,0.0,0.0
24152,0.0,0.0,0.0,0.0
24153,0.0,0.0,0.0,0.0
24154,0.0,0.0,0.0,0.0
24155,0.0,0.0,0.0,0.0
24156,0.0,0.0,0.0,0.0
24157,0.0,0.0,0.0,0.0
24158,0.0,0.0,0.0,0.0
24159,0.0,0.0,0.0,0.0
24160,0.0,0.0,0.0,0.0
24161,0.0,0.0,0.0,0.0
24162,0.0,0.0,0.0,0.0
24163,0.0,0.0,0.0,0.0
24164,0.0,0.0,0.0,0.0
24165,0.0,0.0,0.0,0.0
24166,0.0,0.0,0.0,0.0
24167,0.0,0.0,0.0,0.0
24168,0.0,0.0,0.0,0.0
24169,0.0,0.0,0.0,0.0
24170,0.0,0.0,0.0,0.0
24171,0.0,0.0,0.0,0.0
24172,0.0,0.0,0.0,0.0
24173,0.0,0.0,0.0,0.0
24174,0.0,0.0,0.0,0.0
24175,0.0,0.0,0.0,0.0
24176,0.0,0.0,0.0,0.0
24177,0.0,0.0,0.0,0.0
24178,0.0,0.0,0.0,0.0
24179,0.0,0.0,0.0,0.0
24180,0.0,0.0,0.0,0.0
24181,0.0,0.0,0.0,0.0
24182,0.0,0.0,0.0,0.0
24183,0.0,0.0,0.0,0.0
24184,0.0,0.0,0.0,0.0
24185,0.0,0.0,0.0,0.0
24186,0.0,0.0,0.0,0.0
24187,0.0,0.0,0.0,0.0
24188,0.0,0.0,0.0,0.0
24189,0.0,0.0,0.0,0.0
24190,0.0,0.0,0.0,0.0
24191,0.0,0.0,0.0,0.0
24192,0.0,0.0,0.0,0.0
24193,0.0,0.0,0.0,0.0
24194,0.0,0.0,0.0,0.0
24195,0.0,0.0,0.0,0.0
24196,0.0,0.0,0.0,0.0
24197,0.0,0.0,0.0,0.0
24198,0.0,0.0,0.0,0.0
24199,0.0,0.0,0.0,0.0
24200,0.0,0.0,0.0,0.0
24201,0.0,0.0,0.0,0.0
24202,0.0,0.0,0.0,0.0
24203,0.0,0.0,0.0,0.0
24204,0.0,0.0,0.0,0.0
24205,0.0,0.0,0.0,0.0
24206,0.0,0.0,0.0,0.0
24207,0.0,0.0,0.0,0.0
24208,0.0,0.0,0.0,0.0
24209,0.0,0.0,0.0,0.0
24210,0.0,0.0,0.0,0.0
24211,0.0,0.0,0.0,0.0
24212,0.0,0.0,0.0,0.0
24213,0.0,0.0,0.0,0.0
24214,0.0,0.0,0.0,0.0
24215,0.0,0.0,0.0,0.0
24216,0.0,0.0,0.0,0.0
24217,0.0,0.0,0.0,0.0
24218,0.0,0.0,0.0,0.0
24219,0.0,0.0,0.0,0.0
24220,0.0,0.0,0.0,0.0
24221,0.0,0.0,0.0,0.0
24222,0.0,0.0,0.0,0.0
24223,0.0,0.0,0.0,0.0
24224,0.0,0.0,0.0,0.0
24225,0.0,0.0,0.0,0.0
24226,0.0,0.0,0.0,0.0
24227,0.0,0.0,0.0,0.0
24228,0.0,0.0,0.0,0.0
24229,0.0,0.0,0.0,0.0
24230,0.0,0.0,0.0,0.0
24231,0.0,0.0,0.0,0.0
24232,0.0,0.0,0.0,0.0
24233,0.0,0.0,0.0,0.0
24234,0.0,0.0,0.0,0.0
24235,0.0,0.0,0.0,0.0
24236,0.0,0.0,0.0,0.0
24237,0.0,0.0,0.0,0.0
24238,0.0,0.0,0.0,0.0
24239,0.0,0.0,0.0,0.0
24240,0.0,0.0,0.0,0.0
24241,0.0,0.0,0.0,0.0
24242,0.0,0.0,0.0,0.0
24243,0.0,0.0,0.0,0.0
24244,0.0,0.0,0.0,0.0
24245,0.0,0.0,0.0,0.0
24246,0.0,0.0,0.0,0.0
24247,0.0,0.0,0.0,0.0
24248,0.0,0.0,0.0,0.0
24249,0.0,0.0,0.0,0.0
24250,0.0,0.0,0.0,0.0
24251,0.0,0.0,0.0,0.0
24252,0.0,0.0,0.0,0.0
24253,0.0,0.0,0.0,0.0
24254,0.0,0.0,0.0,0.0
24255,0.0,0.0,0.0,0.0
24256,0.0,0.0,0.0,0.0
24257,0.0,0.0,0.0,0.0
24258,0.0,0.0,0.0,0.0
24259,0.0,0.0,0.0,0.0
24260,0.0,0.0,0.0,0.0
24261,0.0,0.0,0.0,0.0
24262,0.0,0.0,0.0,0.0
24263,0.0,0.0,0.0,0.0
24264,0.0,0.0,0.0,0.0
24265,0.0,0.0,0.0,0.0
24266,0.0,0.0,0.0,0.0
24267,0.0,0.0,0.0,0.0
24268,0.0,0.0,0.0,0.0
24269,0.0,0.0,0.0,0.0
24270,0.0,0.0,0.0,0.0
24271,0.0,0.0,0.0,0.0
24272,0.0,0.0,0.0,0.0
24273,0.0,0.0,0.0,0.0
24274,0.0,0.0,0.0,0.0
24275,0.0,0.0,0.0,0.0
24276,0.0,0.0,0.0,0.0
24277,0.0,0.0,0.0,0.0
24278,0.0,0.0,0.0,0.0
24279,0.0,0.0,0.0,0.0
24280,0.0,0.0,0.0,0.0
24281,0.0,0.0,0.0,0.0
24282,0.0,0.0,0.0,0.0
24283,0.0,0.0,0.0,0.0
24284,0.0,0.0,0.0,0.0
24285,0.0,0.0,0.0,0.0
24286,0.0,0.0,0.0,0.0
24287,0.0,0.0,0.0,0.0
24288,0.0,0.0,0.0,0.0
24289,0.0,0.0,0.0,0.0
24290,0.0,0.0,0.0,0.0
24291,0.0,0.0,0.0,0.0
24292,0.0,0.0,0.0,0.0
24293,0.0,0.0,0.0,0.0
24294,0.0,0.0,0.0,0.0
24295,0.0,0.0,0.0,0.0
24296,0.0,0.0,0.0,0.0
24297,0.0,0.0,0.0,0.0
24298,0.0,0.0,0.0,0.0
24299,0.0,0.0,0.0,0.0
24300,0.0,0.0,0.0,0.0
24301,0.0,0.0,0.0,0.0
24302,0.0,0.0,0.0,0.0
24303,0.0,0.0,0.0,0.0
24304,0.0,0.0,0.0,0.0
24305,0.0,0.0,0.0,0.0
24306,0.0,0.0,0.0,0.0
24307,0.0,0.0,0.0,0.0
24308,0.0,0.0,0.0,0.0
24309,0.0,0.0,0.0,0.0
24310,0.0,0.0,0.0,0.0
24311,0.0,0.0,0.0,0.0
24312,0.0,0.0,0.0,0.0
24313,0.0,0.0,0.0,0.0
24314,0.0,0.0,0.0,0.0
24315,0.0,0.0,0.0,0.0
24316,0.0,0.0,0.0,0.0
24317,0.0,0.0,0.0,0.0
24318,0.0,0.0,0.0,0.0
24319,0.0,0.0,0.0,0.0
24320,0.0,0.0,0.0,0.0
24321,0.0,0.0,0.0,0.0
24322,0.0,0.0,0.0,0.0
24323,0.0,0.0,0.0,0.0
24324,0.0,0.0,0.0,0.0
24325,0.0,0.0,0.0,0.0
24326,0.0,0.0,0.0,0.0
24327,0.0,0.0,0.0,0.0
24328,0.0,0.0,0.0,0.0
24329,0.0,0.0,0.0,0.0
24330,0.0,0.0,0.0,0.0
24331,0.0,0.0,0.0,0.0
24332,0.0,0.0,0.0,0.0
24333,0.0,0.0,0.0,0.0
24334,0.0,0.0,0.0,0.0
24335,0.0,0.0,0.0,0.0
24336,0.0,0.0,0.0,0.0
24337,0.0,0.0,0.0,0.0
24338,0.0,0.0,0.0,0.0
24339,0.0,0.0,0.0,0.0
24340,0.0,0.0,0.0,0.0
24341,0.0,0.0,0.0,0.0
24342,0.0,0.0,0.0,0.0
24343,0.0,0.0,0.0,0.0
24344,0.0,0.0,0.0,0.0
24345,0.0,0.0,0.0,0.0
24346,0.0,0.0,0.0,0.0
24347,0.0,0.0,0.0,0.0
24348,0.0,0.0,0.0,0.0
24349,0.0,0.0,0.0,0.0
24350,0.0,0.0,0.0,0.0
24351,0.0,0.0,0.0,0.0
24352,0.0,0.0,0.0,0.0
24353,0.0,0.0,0.0,0.0
24354,0.0,0.0,0.0,0.0
24355,0.0,0.0,0.0,0.0
24356,0.0,0.0,0.0,0.0
24357,0.0,0.0,0.0,0.0
24358,0.0,0.0,0.0,0.0
24359,0.0,0.0,0.0,0.0
24360,0.0,0.0,0.0,0.0
24361,0.0,0.0,0.0,0.0
24362,0.0,0.0,0.0,0.0
24363,0.0,0.0,0.0,0.0
24364,0.0,0.0,0.0,0.0
24365,0.0,0.0,0.0,0.0
24366,0.0,0.0,0.0,0.0
24367,0.0,0.0,0.0,0.0
24368,0.0,0.0,0.0,0.0
24369,0.0,0.0,0.0,0.0
24370,0.0,0.0,0.0,0.0
24371,0.0,0.0,0.0,0.0
24372,0.0,0.0,0.0,0.0
24373,0.0,0.0,0.0,0.0
24374,0.0,0.0,0.0,0.0
24375,0.0,0.0,0.0,0.0
24376,0.0,0.0,0.0,0.0
24377,0.0,0.0,0.0,0.0
24378,0.0,0.0,0.0,0.0
24379,0.0,0.0,0.0,0.0
24380,0.0,0.0,0.0,0.0
24381,0.0,0.0,0.0,0.0
24382,0.0,0.0,0.0,0.0
24383,0.0,0.0,0.0,0.0
24384,0.0,0.0,0.0,0.0
24385,0.0,0.0,0.0,0.0
24386,0.0,0.0,0.0,0.0
24387,0.0,0.0,0.0,0.0
24388,0.0,0.0,0.0,0.0
24389,0.0,0.0,0.0,0.0
24390,0.0,0.0,0.0,0.0
24391,0.0,0.0,0.0,0.0
24392,0.0,0.0,0.0,0.0
24393,0.0,0.0,0.0,0.0
24394,0.0,0.0,0.0,0.0
24395,0.0,0.0,0.0,0.0
24396,0.0,0.0,0.0,0.0
24397,0.0,0.0,0.0,0.0
24398,0.0,0.0,0.0,0.0
24399,0.0,0.0,0.0,0.0
24400,0.0,0.0,0.0,0.0
24401,0.0,0.0,0.0,0.0
24402,0.0,0.0,0.0,0.0
24403,0.0,0.0,0.0,0.0
24404,0.0,0.0,0.0,0.0
24405,0.0,0.0,0.0,0.0
24406,0.0,0.0,0.0,0.0
24407,0.0,0.0,0.0,0.0
24408,0.0,0.0,0.0,0.0
24409,0.0,0.0,0.0,0.0
24410,0.0,0.0,0.0,0.0
24411,0.0,0.0,0.0,0.0
24412,0.0,0.0,0.0,0.0
24413,0.0,0.0,0.0,0.0
24414,0.0,0.0,0.0,0.0
24415,0.0,0.0,0.0,0.0
24416,0.0,0.0,0.0,0.0
24417,0.0,0.0,0.0,0.0
24418,0.0,0.0,0.0,0.0
24419,0.0,0.0,0.0,0.0
24420,0.0,0.0,0.0,0.0
24421,0.0,0.0,0.0,0.0
24422,0.0,0.0,0.0,0.0
24423,0.0,0.0,0.0,0.0
24424,0.0,0.0,0.0,0.0
24425,0.0,0.0,0.0,0.0
24426,0.0,0.0,0.0,0.0
24427,0.0,0.0,0.0,0.0
24428,0.0,0.0,0.0,0.0
24429,0.0,0.0,0.0,0.0
24430,0.0,0.0,0.0,0.0
24431,0.0,0.0,0.0,0.0
24432,0.0,0.0,0.0,0.0
24433,0.0,0.0,0.0,0.0
24434,0.0,0.0,0.0,0.0
24435,0.0,0.0,0.0,0.0
24436,0.0,0.0,0.0,0.0
24437,0.0,0.0,0.0,0.0
24438,0.0,0.0,0.0,0.0
24439,0.0,0.0,0.0,0.0
24440,0.0,0.0,0.0,0.0
24441,0.0,0.0,0.0,0.0
24442,0.0,0.0,0.0,0.0
24443,0.0,0.0,0.0,0.0
24444,0.0,0.0,0.0,0.0
24445,0.0,0.0,0.0,0.0
24446,0.0,0.0,0.0,0.0
24447,0.0,0.0,0.0,0.0
24448,0.0,0.0,0.0,0.0
24449,0.0,0.0,0.0,0.0
24450,0.0,0.0,0.0,0.0
24451,0.0,0.0,0.0,0.0
24452,0.0,0.0,0.0,0.0
24453,0.0,0.0,0.0,0.0
24454,0.0,0.0,0.0,0.0
24455,0.0,0.0,0.0,0.0
24456,0.0,0.0,0.0,0.0
24457,0.0,0.0,0.0,0.0
24458,0.0,0.0,0.0,0.0
24459,0.0,0.0,0.0,0.0
24460,0.0,0.0,0.0,0.0
24461,0.0,0.0,0.0,0.0
24462,0.0,0.0,0.0,0.0
24463,0.0,0.0,0.0,0.0
24464,0.0,0.0,0.0,0.0
24465,0.0,0.0,0.0,0.0
24466,0.0,0.0,0.0,0.0
24467,0.0,0.0,0.0,0.0
24468,0.0,0.0,0.0,0.0
24469,0.0,0.0,0.0,0.0
24470,0.0,0.0,0.0,0.0
24471,0.0,0.0,0.0,0.0
24472,0.0,0.0,0.0,0.0
24473,0.0,0.0,0.0,0.0
24474,0.0,0.0,0.0,0.0
24475,0.0,0.0,0.0,0.0
24476,0.0,0.0,0.0,0.0
24477,0.0,0.0,0.0,0.0
24478,0.0,0.0,0.0,0.0
24479,0.0,0.0,0.0,0.0
24480,0.0,0.0,0.0,0.0
24481,0.0,0.0,0.0,0.0
24482,0.0,0.0,0.0,0.0
24483,0.0,0.0,0.0,0.0
24484,0.0,0.0,0.0,0.0
24485,0.0,0.0,0.0,0.0
24486,0.0,0.0,0.0,0.0
24487,0.0,0.0,0.0,0.0
24488,0.0,0.0,0.0,0.0
24489,0.0,0.0,0.0,0.0
24490,0.0,0.0,0.0,0.0
24491,0.0,0.0,0.0,0.0
24492,0.0,0.0,0.0,0.0
24493,0.0,0.0,0.0,0.0
24494,0.0,0.0,0.0,0.0
24495,0.0,0.0,0.0,0.0
24496,0.0,0.0,0.0,0.0
24497,0.0,0.0,0.0,0.0
24498,0.0,0.0,0.0,0.0
24499,0.0,0.0,0.0,0.0
24500,0.0,0.0,0.0,0.0
24501,0.0,0.0,0.0,0.0
24502,0.0,0.0,0.0,0.0
24503,0.0,0.0,0.0,0.0
24504,0.0,0.0,0.0,0.0
24505,0.0,0.0,0.0,0.0
24506,0.0,0.0,0.0,0.0
24507,0.0,0.0,0.0,0.0
24508,0.0,0.0,0.0,0.0
24509,0.0,0.0,0.0,0.0
24510,0.0,0.0,0.0,0.0
24511,0.0,0.0,0.0,0.0
24512,0.0,0.0,0.0,0.0
24513,0.0,0.0,0.0,0.0
24514,0.0,0.0,0.0,0.0
24515,0.0,0.0,0.0,0.0
24516,0.0,0.0,0.0,0.0
24517,0.0,0.0,0.0,0.0
24518,0.0,0.0,0.0,0.0
24519,0.0,0.0,0.0,0.0
24520,0.0,0.0,0.0,0.0
24521,0.0,0.0,0.0,0.0
24522,0.0,0.0,0.0,0.0
24523,0.0,0.0,0.0,0.0
24524,0.0,0.0,0.0,0.0
24525,0.0,0.0,0.0,0.0
24526,0.0,0.0,0.0,0.0
24527,0.0,0.0,0.0,0.0
24528,0.0,0.0,0.0,0.0
24529,0.0,0.0,0.0,0.0
24530,0.0,0.0,0.0,0.0
24531,0.0,0.0,0.0,0.0
24532,0.0,0.0,0.0,0.0
24533,0.0,0.0,0.0,0.0
24534,0.0,0.0,0.0,0.0
24535,0.0,0.0,0.0,0.0
24536,0.0,0.0,0.0,0.0
24537,0.0,0.0,0.0,0.0
24538,0.0,0.0,0.0,0.0
24539,0.0,0.0,0.0,0.0
24540,0.0,0.0,0.0,0.0
24541,0.0,0.0,0.0,0.0
24542,0.0,0.0,0.0,0.0
24543,0.0,0.0,0.0,0.0
24544,0.0,0.0,0.0,0.0
24545,0.0,0.0,0.0,0.0
24546,0.0,0.0,0.0,0.0
24547,0.0,0.0,0.0,0.0
24548,0.0,0.0,0.0,0.0
24549,0.0,0.0,0.0,0.0
24550,0.0,0.0,0.0,0.0
24551,0.0,0.0,0.0,0.0
24552,0.0,0.0,0.0,0.0
24553,0.0,0.0,0.0,0.0
24554,0.0,0.0,0.0,0.0
24555,0.0,0.0,0.0,0.0
24556,0.0,0.0,0.0,0.0
24557,0.0,0.0,0.0,0.0
24558,0.0,0.0,0.0,0.0
24559,0.0,0.0,0.0,0.0
24560,0.0,0.0,0.0,0.0
24561,0.0,0.0,0.0,0.0
24562,0.0,0.0,0.0,0.0
24563,0.0,0.0,0.0,0.0
24564,0.0,0.0,0.0,0.0
24565,0.0,0.0,0.0,0.0
24566,0.0,0.0,0.0,0.0
24567,0.0,0.0,0.0,0.0
24568,0.0,0.0,0.0,0.0
24569,0.0,0.0,0.0,0.0
24570,0.0,0.0,0.0,0.0
24571,0.0,0.0,0.0,0.0
24572,0.0,0.0,0.0,0.0
24573,0.0,0.0,0.0,0.0
24574,0.0,0.0,0.0,0.0
24575,0.0,0.0,0.0,0.0
24576,0.0,0.0,0.0,0.0
24577,0.0,0.0,0.0,0.0
24578,0.0,0.0,0.0,0.0
24579,0.0,0.0,0.0,0.0
24580,0.0,0.0,0.0,0.0
24581,0.0,0.0,0.0,0.0
24582,0.0,0.0,0.0,0.0
24583,0.0,0.0,0.0,0.0
24584,0.0,0.0,0.0,0.0
24585,0.0,0.0,0.0,0.0
24586,0.0,0.0,0.0,0.0
24587,0.0,0.0,0.0,0.0
24588,0.0,0.0,0.0,0.0
24589,0.0,0.0,0.0,0.0
24590,0.0,0.0,0.0,0.0
24591,0.0,0.0,0.0,0.0
24592,0.0,0.0,0.0,0.0
24593,0.0,0.0,0.0,0.0
24594,0.0,0.0,0.0,0.0
24595,0.0,0.0,0.0,0.0
24596,0.0,0.0,0.0,0.0
24597,0.0,0.0,0.0,0.0
24598,0.0,0.0,0.0,0.0
24599,0.0,0.0,0.0,0.0
24600,0.0,0.0,0.0,0.0
24601,0.0,0.0,0.0,0.0
24602,0.0,0.0,0.0,0.0
24603,0.0,0.0,0.0,0.0
24604,0.0,0.0,0.0,0.0
24605,0.0,0.0,0.0,0.0
24606,0.0,0.0,0.0,0.0
24607,0.0,0.0,0.0,0.0
24608,0.0,0.0,0.0,0.0
24609,0.0,0.0,0.0,0.0
24610,0.0,0.0,0.0,0.0
24611,0.0,0.0,0.0,0.0
24612,0.0,0.0,0.0,0.0
24613,0.0,0.0,0.0,0.0
24614,0.0,0.0,0.0,0.0
24615,0.0,0.0,0.0,0.0
24616,0.0,0.0,0.0,0.0
24617,0.0,0.0,0.0,0.0
24618,0.0,0.0,0.0,0.0
24619,0.0,0.0,0.0,0.0
24620,0.0,0.0,0.0,0.0
24621,0.0,0.0,0.0,0.0
24622,0.0,0.0,0.0,0.0
24623,0.0,0.0,0.0,0.0
24624,0.0,0.0,0.0,0.0
24625,0.0,0.0,0.0,0.0
24626,0.0,0.0,0.0,0.0
24627,0.0,0.0,0.0,0.0
24628,0.0,0.0,0.0,0.0
24629,0.0,0.0,0.0,0.0
24630,0.0,0.0,0.0,0.0
24631,0.0,0.0,0.0,0.0
24632,0.0,0.0,0.0,0.0
24633,0.0,0.0,0.0,0.0
24634,0.0,0.0,0.0,0.0
24635,0.0,0.0,0.0,0.0
24636,0.0,0.0,0.0,0.0
24637,0.0,0.0,0.0,0.0
24638,0.0,0.0,0.0,0.0
24639,0.0,0.0,0.0,0.0
24640,0.0,0.0,0.0,0.0
24641,0.0,0.0,0.0,0.0
24642,0.0,0.0,0.0,0.0
24643,0.0,0.0,0.0,0.0
24644,0.0,0.0,0.0,0.0
24645,0.0,0.0,0.0,0.0
24646,0.0,0.0,0.0,0.0
24647,0.0,0.0,0.0,0.0
24648,0.0,0.0,0.0,0.0
24649,0.0,0.0,0.0,0.0
24650,0.0,0.0,0.0,0.0
24651,0.0,0.0,0.0,0.0
24652,0.0,0.0,0.0,0.0
24653,0.0,0.0,0.0,0.0
24654,0.0,0.0,0.0,0.0
24655,0.0,0.0,0.0,0.0
24656,0.0,0.0,0.0,0.0
24657,0.0,0.0,0.0,0.0
24658,0.0,0.0,0.0,0.0
24659,0.0,0.0,0.0,0.0
24660,0.0,0.0,0.0,0.0
24661,0.0,0.0,0.0,0.0
24662,0.0,0.0,0.0,0.0
24663,0.0,0.0,0.0,0.0
24664,0.0,0.0,0.0,0.0
24665,0.0,0.0,0.0,0.0
24666,0.0,0.0,0.0,0.0
24667,0.0,0.0,0.0,0.0
24668,0.0,0.0,0.0,0.0
24669,0.0,0.0,0.0,0.0
24670,0.0,0.0,0.0,0.0
24671,0.0,0.0,0.0,0.0
24672,0.0,0.0,0.0,0.0
24673,0.0,0.0,0.0,0.0
24674,0.0,0.0,0.0,0.0
24675,0.0,0.0,0.0,0.0
24676,0.0,0.0,0.0,0.0
24677,0.0,0.0,0.0,0.0
24678,0.0,0.0,0.0,0.0
24679,0.0,0.0,0.0,0.0
24680,0.0,0.0,0.0,0.0
24681,0.0,0.0,0.0,0.0
24682,0.0,0.0,0.0,0.0
24683,0.0,0.0,0.0,0.0
24684,0.0,0.0,0.0,0.0
24685,0.0,0.0,0.0,0.0
24686,0.0,0.0,0.0,0.0
24687,0.0,0.0,0.0,0.0
24688,0.0,0.0,0.0,0.0
24689,0.0,0.0,0.0,0.0
24690,0.0,0.0,0.0,0.0
24691,0.0,0.0,0.0,0.0
24692,0.0,0.0,0.0,0.0
24693,0.0,0.0,0.0,0.0
24694,0.0,0.0,0.0,0.0
24695,0.0,0.0,0.0,0.0
24696,0.0,0.0,0.0,0.0
24697,0.0,0.0,0.0,0.0
24698,0.0,0.0,0.0,0.0
24699,0.0,0.0,0.0,0.0
24700,0.0,0.0,0.0,0.0
24701,0.0,0.0,0.0,0.0
24702,0.0,0.0,0.0,0.0
24703,0.0,0.0,0.0,0.0
24704,0.0,0.0,0.0,0.0
24705,0.0,0.0,0.0,0.0
24706,0.0,0.0,0.0,0.0
24707,0.0,0.0,0.0,0.0
24708,0.0,0.0,0.0,0.0
24709,0.0,0.0,0.0,0.0
24710,0.0,0.0,0.0,0.0
24711,0.0,0.0,0.0,0.0
24712,0.0,0.0,0.0,0.0
24713,0.0,0.0,0.0,0.0
24714,0.0,0.0,0.0,0.0
24715,0.0,0.0,0.0,0.0
24716,0.0,0.0,0.0,0.0
24717,0.0,0.0,0.0,0.0
24718,0.0,0.0,0.0,0.0
24719,0.0,0.0,0.0,0.0
24720,0.0,0.0,0.0,0.0
24721,0.0,0.0,0.0,0.0
24722,0.0,0.0,0.0,0.0
24723,0.0,0.0,0.0,0.0
24724,0.0,0.0,0.0,0.0
24725,0.0,0.0,0.0,0.0
24726,0.0,0.0,0.0,0.0
24727,0.0,0.0,0.0,0.0
24728,0.0,0.0,0.0,0.0
24729,0.0,0.0,0.0,0.0
24730,0.0,0.0,0.0,0.0
24731,0.0,0.0,0.0,0.0
24732,0.0,0.0,0.0,0.0
24733,0.0,0.0,0.0,0.0
24734,0.0,0.0,0.0,0.0
24735,0.0,0.0,0.0,0.0
24736,0.0,0.0,0.0,0.0
24737,0.0,0.0,0.0,0.0
24738,0.0,0.0,0.0,0.0
24739,0.0,0.0,0.0,0.0
24740,0.0,0.0,0.0,0.0
24741,0.0,0.0,0.0,0.0
24742,0.0,0.0,0.0,0.0
24743,0.0,0.0,0.0,0.0
24744,0.0,0.0,0.0,0.0
24745,0.0,0.0,0.0,0.0
24746,0.0,0.0,0.0,0.0
24747,0.0,0.0,0.0,0.0
24748,0.0,0.0,0.0,0.0
24749,0.0,0.0,0.0,0.0
24750,0.0,0.0,0.0,0.0
24751,0.0,0.0,0.0,0.0
24752,0.0,0.0,0.0,0.0
24753,0.0,0.0,0.0,0.0
24754,0.0,0.0,0.0,0.0
24755,0.0,0.0,0.0,0.0
24756,0.0,0.0,0.0,0.0
24757,0.0,0.0,0.0,0.0
24758,0.0,0.0,0.0,0.0
24759,0.0,0.0,0.0,0.0
24760,0.0,0.0,0.0,0.0
24761,0.0,0.0,0.0,0.0
24762,0.0,0.0,0.0,0.0
24763,0.0,0.0,0.0,0.0
24764,0.0,0.0,0.0,0.0
24765,0.0,0.0,0.0,0.0
24766,0.0,0.0,0.0,0.0
24767,0.0,0.0,0.0,0.0
24768,0.0,0.0,0.0,0.0
24769,0.0,0.0,0.0,0.0
24770,0.0,0.0,0.0,0.0
24771,0.0,0.0,0.0,0.0
24772,0.0,0.0,0.0,0.0
24773,0.0,0.0,0.0,0.0
24774,0.0,0.0,0.0,0.0
24775,0.0,0.0,0.0,0.0
24776,0.0,0.0,0.0,0.0
24777,0.0,0.0,0.0,0.0
24778,0.0,0.0,0.0,0.0
24779,0.0,0.0,0.0,0.0
24780,0.0,0.0,0.0,0.0
24781,0.0,0.0,0.0,0.0
24782,0.0,0.0,0.0,0.0
24783,0.0,0.0,0.0,0.0
24784,0.0,0.0,0.0,0.0
24785,0.0,0.0,0.0,0.0
24786,0.0,0.0,0.0,0.0
24787,0.0,0.0,0.0,0.0
24788,0.0,0.0,0.0,0.0
24789,0.0,0.0,0.0,0.0
24790,0.0,0.0,0.0,0.0
24791,0.0,0.0,0.0,0.0
24792,0.0,0.0,0.0,0.0
24793,0.0,0.0,0.0,0.0
24794,0.0,0.0,0.0,0.0
24795,0.0,0.0,0.0,0.0
24796,0.0,0.0,0.0,0.0
24797,0.0,0.0,0.0,0.0
24798,0.0,0.0,0.0,0.0
24799,0.0,0.0,0.0,0.0
24800,0.0,0.0,0.0,0.0
24801,0.0,0.0,0.0,0.0
24802,0.0,0.0,0.0,0.0
24803,0.0,0.0,0.0,0.0
24804,0.0,0.0,0.0,0.0
24805,0.0,0.0,0.0,0.0
24806,0.0,0.0,0.0,0.0
24807,0.0,0.0,0.0,0.0
24808,0.0,0.0,0.0,0.0
24809,0.0,0.0,0.0,0.0
24810,0.0,0.0,0.0,0.0
24811,0.0,0.0,0.0,0.0
24812,0.0,0.0,0.0,0.0
24813,0.0,0.0,0.0,0.0
24814,0.0,0.0,0.0,0.0
24815,0.0,0.0,0.0,0.0
24816,0.0,0.0,0.0,0.0
24817,0.0,0.0,0.0,0.0
24818,0.0,0.0,0.0,0.0
24819,0.0,0.0,0.0,0.0
24820,0.0,0.0,0.0,0.0
24821,0.0,0.0,0.0,0.0
24822,0.0,0.0,0.0,0.0
24823,0.0,0.0,0.0,0.0
24824,0.0,0.0,0.0,0.0
24825,0.0,0.0,0.0,0.0
24826,0.0,0.0,0.0,0.0
24827,0.0,0.0,0.0,0.0
24828,0.0,0.0,0.0,0.0
24829,0.0,0.0,0.0,0.0
24830,0.0,0.0,0.0,0.0
24831,0.0,0.0,0.0,0.0
24832,0.0,0.0,0.0,0.0
24833,0.0,0.0,0.0,0.0
24834,0.0,0.0,0.0,0.0
24835,0.0,0.0,0.0,0.0
24836,0.0,0.0,0.0,0.0
24837,0.0,0.0,0.0,0.0
24838,0.0,0.0,0.0,0.0
24839,0.0,0.0,0.0,0.0
24840,0.0,0.0,0.0,0.0
24841,0.0,0.0,0.0,0.0
24842,0.0,0.0,0.0,0.0
24843,0.0,0.0,0.0,0.0
24844,0.0,0.0,0.0,0.0
24845,0.0,0.0,0.0,0.0
24846,0.0,0.0,0.0,0.0
24847,0.0,0.0,0.0,0.0
24848,0.0,0.0,0.0,0.0
24849,0.0,0.0,0.0,0.0
24850,0.0,0.0,0.0,0.0
24851,0.0,0.0,0.0,0.0
24852,0.0,0.0,0.0,0.0
24853,0.0,0.0,0.0,0.0
24854,0.0,0.0,0.0,0.0
24855,0.0,0.0,0.0,0.0
24856,0.0,0.0,0.0,0.0
24857,0.0,0.0,0.0,0.0
24858,0.0,0.0,0.0,0.0
24859,0.0,0.0,0.0,0.0
24860,0.0,0.0,0.0,0.0
24861,0.0,0.0,0.0,0.0
24862,0.0,0.0,0.0,0.0
24863,0.0,0.0,0.0,0.0
24864,0.0,0.0,0.0,0.0
24865,0.0,0.0,0.0,0.0
24866,0.0,0.0,0.0,0.0
24867,0.0,0.0,0.0,0.0
24868,0.0,0.0,0.0,0.0
24869,0.0,0.0,0.0,0.0
24870,0.0,0.0,0.0,0.0
24871,0.0,0.0,0.0,0.0
24872,0.0,0.0,0.0,0.0
24873,0.0,0.0,0.0,0.0
24874,0.0,0.0,0.0,0.0
24875,0.0,0.0,0.0,0.0
24876,0.0,0.0,0.0,0.0
24877,0.0,0.0,0.0,0.0
24878,0.0,0.0,0.0,0.0
24879,0.0,0.0,0.0,0.0
24880,0.0,0.0,0.0,0.0
24881,0.0,0.0,0.0,0.0
24882,0.0,0.0,0.0,0.0
24883,0.0,0.0,0.0,0.0
24884,0.0,0.0,0.0,0.0
24885,0.0,0.0,0.0,0.0
24886,0.0,0.0,0.0,0.0
24887,0.0,0.0,0.0,0.0
24888,0.0,0.0,0.0,0.0
24889,0.0,0.0,0.0,0.0
24890,0.0,0.0,0.0,0.0
24891,0.0,0.0,0.0,0.0
24892,0.0,0.0,0.0,0.0
24893,0.0,0.0,0.0,0.0
24894,0.0,0.0,0.0,0.0
24895,0.0,0.0,0.0,0.0
24896,0.0,0.0,0.0,0.0
24897,0.0,0.0,0.0,0.0
24898,0.0,0.0,0.0,0.0
24899,0.0,0.0,0.0,0.0
24900,0.0,0.0,0.0,0.0
24901,0.0,0.0,0.0,0.0
24902,0.0,0.0,0.0,0.0
24903,0.0,0.0,0.0,0.0
24904,0.0,0.0,0.0,0.0
24905,0.0,0.0,0.0,0.0
24906,0.0,0.0,0.0,0.0
24907,0.0,0.0,0.0,0.0
24908,0.0,0.0,0.0,0.0
24909,0.0,0.0,0.0,0.0
24910,0.0,0.0,0.0,0.0
24911,0.0,0.0,0.0,0.0
24912,0.0,0.0,0.0,0.0
24913,0.0,0.0,0.0,0.0
24914,0.0,0.0,0.0,0.0
24915,0.0,0.0,0.0,0.0
24916,0.0,0.0,0.0,0.0
24917,0.0,0.0,0.0,0.0
24918,0.0,0.0,0.0,0.0
24919,0.0,0.0,0.0,0.0
24920,0.0,0.0,0.0,0.0
24921,0.0,0.0,0.0,0.0
24922,0.0,0.0,0.0,0.0
24923,0.0,0.0,0.0,0.0
24924,0.0,0.0,0.0,0.0
24925,0.0,0.0,0.0,0.0
24926,0.0,0.0,0.0,0.0
24927,0.0,0.0,0.0,0.0
24928,0.0,0.0,0.0,0.0
24929,0.0,0.0,0.0,0.0
24930,0.0,0.0,0.0,0.0
24931,0.0,0.0,0.0,0.0
24932,0.0,0.0,0.0,0.0
24933,0.0,0.0,0.0,0.0
24934,0.0,0.0,0.0,0.0
24935,0.0,0.0,0.0,0.0
24936,0.0,0.0,0.0,0.0
24937,0.0,0.0,0.0,0.0
24938,0.0,0.0,0.0,0.0
24939,0.0,0.0,0.0,0.0
24940,0.0,0.0,0.0,0.0
24941,0.0,0.0,0.0,0.0
24942,0.0,0.0,0.0,0.0
24943,0.0,0.0,0.0,0.0
24944,0.0,0.0,0.0,0.0
24945,0.0,0.0,0.0,0.0
24946,0.0,0.0,0.0,0.0
24947,0.0,0.0,0.0,0.0
24948,0.0,0.0,0.0,0.0
24949,0.0,0.0,0.0,0.0
24950,0.0,0.0,0.0,0.0
24951,0.0,0.0,0.0,0.0
24952,0.0,0.0,0.0,0.0
24953,0.0,0.0,0.0,0.0
24954,0.0,0.0,0.0,0.0
24955,0.0,0.0,0.0,0.0
24956,0.0,0.0,0.0,0.0
24957,0.0,0.0,0.0,0.0
24958,0.0,0.0,0.0,0.0
24959,0.0,0.0,0.0,0.0
24960,0.0,0.0,0.0,0.0
24961,0.0,0.0,0.0,0.0
24962,0.0,0.0,0.0,0.0
24963,0.0,0.0,0.0,0.0
24964,0.0,0.0,0.0,0.0
24965,0.0,0.0,0.0,0.0
24966,0.0,0.0,0.0,0.0
24967,0.0,0.0,0.0,0.0
24968,0.0,0.0,0.0,0.0
24969,0.0,0.0,0.0,0.0
24970,0.0,0.0,0.0,0.0
24971,0.0,0.0,0.0,0.0
24972,0.0,0.0,0.0,0.0
24973,0.0,0.0,0.0,0.0
24974,0.0,0.0,0.0,0.0
24975,0.0,0.0,0.0,0.0
24976,0.0,0.0,0.0,0.0
24977,0.0,0.0,0.0,0.0
24978,0.0,0.0,0.0,0.0
24979,0.0,0.0,0.0,0.0
24980,0.0,0.0,0.0,0.0
24981,0.0,0.0,0.0,0.0
24982,0.0,0.0,0.0,0.0
24983,0.0,0.0,0.0,0.0
24984,0.0,0.0,0.0,0.0
24985,0.0,0.0,0.0,0.0
24986,0.0,0.0,0.0,0.0
24987,0.0,0.0,0.0,0.0
24988,0.0,0.0,0.0,0.0
24989,0.0,0.0,0.0,0.0
24990,0.0,0.0,0.0,0.0
24991,0.0,0.0,0.0,0.0
24992,0.0,0.0,0.0,0.0
24993,0.0,0.0,0.0,0.0
24994,0.0,0.0,0.0,0.0
24995,0.0,0.0,0.0,0.0
24996,0.0,0.0,0.0,0.0
24997,0.0,0.0,0.0,0.0
24998,0.0,0.0,0.0,0.0
24999,0.0,0.0,0.0,0.0
25000,0.0,0.0,0.0,0.0
25001,0.0,0.0,0.0,0.0
25002,0.0,0.0,0.0,0.0
25003,0.0,0.0,0.0,0.0
25004,0.0,0.0,0.0,0.0
25005,0.0,0.0,0.0,0.0
25006,0.0,0.0,0.0,0.0
25007,0.0,0.0,0.0,0.0
25008,0.0,0.0,0.0,0.0
25009,0.0,0.0,0.0,0.0
25010,0.0,0.0,0.0,0.0
25011,0.0,0.0,0.0,0.0
25012,0.0,0.0,0.0,0.0
25013,0.0,0.0,0.0,0.0
25014,0.0,0.0,0.0,0.0
25015,0.0,0.0,0.0,0.0
25016,0.0,0.0,0.0,0.0
25017,0.0,0.0,0.0,0.0
25018,0.0,0.0,0.0,0.0
25019,0.0,0.0,0.0,0.0
25020,0.0,0.0,0.0,0.0
25021,0.0,0.0,0.0,0.0
25022,0.0,0.0,0.0,0.0
25023,0.0,0.0,0.0,0.0
25024,0.0,0.0,0.0,0.0
25025,0.0,0.0,0.0,0.0
25026,0.0,0.0,0.0,0.0
25027,0.0,0.0,0.0,0.0
25028,0.0,0.0,0.0,0.0
25029,0.0,0.0,0.0,0.0
25030,0.0,0.0,0.0,0.0
25031,0.0,0.0,0.0,0.0
25032,0.0,0.0,0.0,0.0
25033,0.0,0.0,0.0,0.0
25034,0.0,0.0,0.0,0.0
25035,0.0,0.0,0.0,0.0
25036,0.0,0.0,0.0,0.0
25037,0.0,0.0,0.0,0.0
25038,0.0,0.0,0.0,0.0
25039,0.0,0.0,0.0,0.0
25040,0.0,0.0,0.0,0.0
25041,0.0,0.0,0.0,0.0
25042,0.0,0.0,0.0,0.0
25043,0.0,0.0,0.0,0.0
25044,0.0,0.0,0.0,0.0
25045,0.0,0.0,0.0,0.0
25046,0.0,0.0,0.0,0.0
25047,0.0,0.0,0.0,0.0
25048,0.0,0.0,0.0,0.0
25049,0.0,0.0,0.0,0.0
25050,0.0,0.0,0.0,0.0
25051,0.0,0.0,0.0,0.0
25052,0.0,0.0,0.0,0.0
25053,0.0,0.0,0.0,0.0
25054,0.0,0.0,0.0,0.0
25055,0.0,0.0,0.0,0.0
25056,0.0,0.0,0.0,0.0
25057,0.0,0.0,0.0,0.0
25058,0.0,0.0,0.0,0.0
25059,0.0,0.0,0.0,0.0
25060,0.0,0.0,0.0,0.0
25061,0.0,0.0,0.0,0.0
25062,0.0,0.0,0.0,0.0
25063,0.0,0.0,0.0,0.0
25064,0.0,0.0,0.0,0.0
25065,0.0,0.0,0.0,0.0
25066,0.0,0.0,0.0,0.0
25067,0.0,0.0,0.0,0.0
25068,0.0,0.0,0.0,0.0
25069,0.0,0.0,0.0,0.0
25070,0.0,0.0,0.0,0.0
25071,0.0,0.0,0.0,0.0
25072,0.0,0.0,0.0,0.0
25073,0.0,0.0,0.0,0.0
25074,0.0,0.0,0.0,0.0
25075,0.0,0.0,0.0,0.0
25076,0.0,0.0,0.0,0.0
25077,0.0,0.0,0.0,0.0
25078,0.0,0.0,0.0,0.0
25079,0.0,0.0,0.0,0.0
25080,0.0,0.0,0.0,0.0
25081,0.0,0.0,0.0,0.0
25082,0.0,0.0,0.0,0.0
25083,0.0,0.0,0.0,0.0
25084,0.0,0.0,0.0,0.0
25085,0.0,0.0,0.0,0.0
25086,0.0,0.0,0.0,0.0
25087,0.0,0.0,0.0,0.0
25088,0.0,0.0,0.0,0.0
25089,0.0,0.0,0.0,0.0
25090,0.0,0.0,0.0,0.0
25091,0.0,0.0,0.0,0.0
25092,0.0,0.0,0.0,0.0
25093,0.0,0.0,0.0,0.0
25094,0.0,0.0,0.0,0.0
25095,0.0,0.0,0.0,0.0
25096,0.0,0.0,0.0,0.0
25097,0.0,0.0,0.0,0.0
25098,0.0,0.0,0.0,0.0
25099,0.0,0.0,0.0,0.0
25100,0.0,0.0,0.0,0.0
25101,0.0,0.0,0.0,0.0
25102,0.0,0.0,0.0,0.0
25103,0.0,0.0,0.0,0.0
25104,0.0,0.0,0.0,0.0
25105,0.0,0.0,0.0,0.0
25106,0.0,0.0,0.0,0.0
25107,0.0,0.0,0.0,0.0
25108,0.0,0.0,0.0,0.0
25109,0.0,0.0,0.0,0.0
25110,0.0,0.0,0.0,0.0
25111,0.0,0.0,0.0,0.0
25112,0.0,0.0,0.0,0.0
25113,0.0,0.0,0.0,0.0
25114,0.0,0.0,0.0,0.0
25115,0.0,0.0,0.0,0.0
25116,0.0,0.0,0.0,0.0
25117,0.0,0.0,0.0,0.0
25118,0.0,0.0,0.0,0.0
25119,0.0,0.0,0.0,0.0
25120,0.0,0.0,0.0,0.0
25121,0.0,0.0,0.0,0.0
25122,0.0,0.0,0.0,0.0
25123,0.0,0.0,0.0,0.0
25124,0.0,0.0,0.0,0.0
25125,0.0,0.0,0.0,0.0
25126,0.0,0.0,0.0,0.0
25127,0.0,0.0,0.0,0.0
25128,0.0,0.0,0.0,0.0
25129,0.0,0.0,0.0,0.0
25130,0.0,0.0,0.0,0.0
25131,0.0,0.0,0.0,0.0
25132,0.0,0.0,0.0,0.0
25133,0.0,0.0,0.0,0.0
25134,0.0,0.0,0.0,0.0
25135,0.0,0.0,0.0,0.0
25136,0.0,0.0,0.0,0.0
25137,0.0,0.0,0.0,0.0
25138,0.0,0.0,0.0,0.0
25139,0.0,0.0,0.0,0.0
25140,0.0,0.0,0.0,0.0
25141,0.0,0.0,0.0,0.0
25142,0.0,0.0,0.0,0.0
25143,0.0,0.0,0.0,0.0
25144,0.0,0.0,0.0,0.0
25145,0.0,0.0,0.0,0.0
25146,0.0,0.0,0.0,0.0
25147,0.0,0.0,0.0,0.0
25148,0.0,0.0,0.0,0.0
25149,0.0,0.0,0.0,0.0
25150,0.0,0.0,0.0,0.0
25151,0.0,0.0,0.0,0.0
25152,0.0,0.0,0.0,0.0
25153,0.0,0.0,0.0,0.0
25154,0.0,0.0,0.0,0.0
25155,0.0,0.0,0.0,0.0
25156,0.0,0.0,0.0,0.0
25157,0.0,0.0,0.0,0.0
25158,0.0,0.0,0.0,0.0
25159,0.0,0.0,0.0,0.0
25160,0.0,0.0,0.0,0.0
25161,0.0,0.0,0.0,0.0
25162,0.0,0.0,0.0,0.0
25163,0.0,0.0,0.0,0.0
25164,0.0,0.0,0.0,0.0
25165,0.0,0.0,0.0,0.0
25166,0.0,0.0,0.0,0.0
25167,0.0,0.0,0.0,0.0
25168,0.0,0.0,0.0,0.0
25169,0.0,0.0,0.0,0.0
25170,0.0,0.0,0.0,0.0
25171,0.0,0.0,0.0,0.0
25172,0.0,0.0,0.0,0.0
25173,0.0,0.0,0.0,0.0
25174,0.0,0.0,0.0,0.0
25175,0.0,0.0,0.0,0.0
25176,0.0,0.0,0.0,0.0
25177,0.0,0.0,0.0,0.0
25178,0.0,0.0,0.0,0.0
25179,0.0,0.0,0.0,0.0
25180,0.0,0.0,0.0,0.0
25181,0.0,0.0,0.0,0.0
25182,0.0,0.0,0.0,0.0
25183,0.0,0.0,0.0,0.0
25184,0.0,0.0,0.0,0.0
25185,0.0,0.0,0.0,0.0
25186,0.0,0.0,0.0,0.0
25187,0.0,0.0,0.0,0.0
25188,0.0,0.0,0.0,0.0
25189,0.0,0.0,0.0,0.0
25190,0.0,0.0,0.0,0.0
25191,0.0,0.0,0.0,0.0
25192,0.0,0.0,0.0,0.0
25193,0.0,0.0,0.0,0.0
25194,0.0,0.0,0.0,0.0
25195,0.0,0.0,0.0,0.0
25196,0.0,0.0,0.0,0.0
25197,0.0,0.0,0.0,0.0
25198,0.0,0.0,0.0,0.0
25199,0.0,0.0,0.0,0.0
25200,0.0,0.0,0.0,0.0
25201,0.0,0.0,0.0,0.0
25202,0.0,0.0,0.0,0.0
25203,0.0,0.0,0.0,0.0
25204,0.0,0.0,0.0,0.0
25205,0.0,0.0,0.0,0.0
25206,0.0,0.0,0.0,0.0
25207,0.0,0.0,0.0,0.0
25208,0.0,0.0,0.0,0.0
25209,0.0,0.0,0.0,0.0
25210,0.0,0.0,0.0,0.0
25211,0.0,0.0,0.0,0.0
25212,0.0,0.0,0.0,0.0
25213,0.0,0.0,0.0,0.0
25214,0.0,0.0,0.0,0.0
25215,0.0,0.0,0.0,0.0
25216,0.0,0.0,0.0,0.0
25217,0.0,0.0,0.0,0.0
25218,0.0,0.0,0.0,0.0
25219,0.0,0.0,0.0,0.0
25220,0.0,0.0,0.0,0.0
25221,0.0,0.0,0.0,0.0
25222,0.0,0.0,0.0,0.0
25223,0.0,0.0,0.0,0.0
25224,0.0,0.0,0.0,0.0
25225,0.0,0.0,0.0,0.0
25226,0.0,0.0,0.0,0.0
25227,0.0,0.0,0.0,0.0
25228,0.0,0.0,0.0,0.0
25229,0.0,0.0,0.0,0.0
25230,0.0,0.0,0.0,0.0
25231,0.0,0.0,0.0,0.0
25232,0.0,0.0,0.0,0.0
25233,0.0,0.0,0.0,0.0
25234,0.0,0.0,0.0,0.0
25235,0.0,0.0,0.0,0.0
25236,0.0,0.0,0.0,0.0
25237,0.0,0.0,0.0,0.0
25238,0.0,0.0,0.0,0.0
25239,0.0,0.0,0.0,0.0
25240,0.0,0.0,0.0,0.0
25241,0.0,0.0,0.0,0.0
25242,0.0,0.0,0.0,0.0
25243,0.0,0.0,0.0,0.0
25244,0.0,0.0,0.0,0.0
25245,0.0,0.0,0.0,0.0
25246,0.0,0.0,0.0,0.0
25247,0.0,0.0,0.0,0.0
25248,0.0,0.0,0.0,0.0
25249,0.0,0.0,0.0,0.0
25250,0.0,0.0,0.0,0.0
25251,0.0,0.0,0.0,0.0
25252,0.0,0.0,0.0,0.0
25253,0.0,0.0,0.0,0.0
25254,0.0,0.0,0.0,0.0
25255,0.0,0.0,0.0,0.0
25256,0.0,0.0,0.0,0.0
25257,0.0,0.0,0.0,0.0
25258,0.0,0.0,0.0,0.0
25259,0.0,0.0,0.0,0.0
25260,0.0,0.0,0.0,0.0
25261,0.0,0.0,0.0,0.0
25262,0.0,0.0,0.0,0.0
25263,0.0,0.0,0.0,0.0
25264,0.0,0.0,0.0,0.0
25265,0.0,0.0,0.0,0.0
25266,0.0,0.0,0.0,0.0
25267,0.0,0.0,0.0,0.0
25268,0.0,0.0,0.0,0.0
25269,0.0,0.0,0.0,0.0
25270,0.0,0.0,0.0,0.0
25271,0.0,0.0,0.0,0.0
25272,0.0,0.0,0.0,0.0
25273,0.0,0.0,0.0,0.0
25274,0.0,0.0,0.0,0.0
25275,0.0,0.0,0.0,0.0
25276,0.0,0.0,0.0,0.0
25277,0.0,0.0,0.0,0.0
25278,0.0,0.0,0.0,0.0
25279,0.0,0.0,0.0,0.0
25280,0.0,0.0,0.0,0.0
25281,0.0,0.0,0.0,0.0
25282,0.0,0.0,0.0,0.0
25283,0.0,0.0,0.0,0.0
25284,0.0,0.0,0.0,0.0
25285,0.0,0.0,0.0,0.0
25286,0.0,0.0,0.0,0.0
25287,0.0,0.0,0.0,0.0
25288,0.0,0.0,0.0,0.0
25289,0.0,0.0,0.0,0.0
25290,0.0,0.0,0.0,0.0
25291,0.0,0.0,0.0,0.0
25292,0.0,0.0,0.0,0.0
25293,0.0,0.0,0.0,0.0
25294,0.0,0.0,0.0,0.0
25295,0.0,0.0,0.0,0.0
25296,0.0,0.0,0.0,0.0
25297,0.0,0.0,0.0,0.0
25298,0.0,0.0,0.0,0.0
25299,0.0,0.0,0.0,0.0
25300,0.0,0.0,0.0,0.0
25301,0.0,0.0,0.0,0.0
25302,0.0,0.0,0.0,0.0
25303,0.0,0.0,0.0,0.0
25304,0.0,0.0,0.0,0.0
25305,0.0,0.0,0.0,0.0
25306,0.0,0.0,0.0,0.0
25307,0.0,0.0,0.0,0.0
25308,0.0,0.0,0.0,0.0
25309,0.0,0.0,0.0,0.0
25310,0.0,0.0,0.0,0.0
25311,0.0,0.0,0.0,0.0
25312,0.0,0.0,0.0,0.0
25313,0.0,0.0,0.0,0.0
25314,0.0,0.0,0.0,0.0
25315,0.0,0.0,0.0,0.0
25316,0.0,0.0,0.0,0.0
25317,0.0,0.0,0.0,0.0
25318,0.0,0.0,0.0,0.0
25319,0.0,0.0,0.0,0.0
25320,0.0,0.0,0.0,0.0
25321,0.0,0.0,0.0,0.0
25322,0.0,0.0,0.0,0.0
25323,0.0,0.0,0.0,0.0
25324,0.0,0.0,0.0,0.0
25325,0.0,0.0,0.0,0.0
25326,0.0,0.0,0.0,0.0
25327,0.0,0.0,0.0,0.0
25328,0.0,0.0,0.0,0.0
25329,0.0,0.0,0.0,0.0
25330,0.0,0.0,0.0,0.0
25331,0.0,0.0,0.0,0.0
25332,0.0,0.0,0.0,0.0
25333,0.0,0.0,0.0,0.0
25334,0.0,0.0,0.0,0.0
25335,0.0,0.0,0.0,0.0
25336,0.0,0.0,0.0,0.0
25337,0.0,0.0,0.0,0.0
25338,0.0,0.0,0.0,0.0
25339,0.0,0.0,0.0,0.0
25340,0.0,0.0,0.0,0.0
25341,0.0,0.0,0.0,0.0
25342,0.0,0.0,0.0,0.0
25343,0.0,0.0,0.0,0.0
25344,0.0,0.0,0.0,0.0
25345,0.0,0.0,0.0,0.0
25346,0.0,0.0,0.0,0.0
25347,0.0,0.0,0.0,0.0
25348,0.0,0.0,0.0,0.0
25349,0.0,0.0,0.0,0.0
25350,0.0,0.0,0.0,0.0
25351,0.0,0.0,0.0,0.0
25352,0.0,0.0,0.0,0.0
25353,0.0,0.0,0.0,0.0
25354,0.0,0.0,0.0,0.0
25355,0.0,0.0,0.0,0.0
25356,0.0,0.0,0.0,0.0
25357,0.0,0.0,0.0,0.0
25358,0.0,0.0,0.0,0.0
25359,0.0,0.0,0.0,0.0
25360,0.0,0.0,0.0,0.0
25361,0.0,0.0,0.0,0.0
25362,0.0,0.0,0.0,0.0
25363,0.0,0.0,0.0,0.0
25364,0.0,0.0,0.0,0.0
25365,0.0,0.0,0.0,0.0
25366,0.0,0.0,0.0,0.0
25367,0.0,0.0,0.0,0.0
25368,0.0,0.0,0.0,0.0
25369,0.0,0.0,0.0,0.0
25370,0.0,0.0,0.0,0.0
25371,0.0,0.0,0.0,0.0
25372,0.0,0.0,0.0,0.0
25373,0.0,0.0,0.0,0.0
25374,0.0,0.0,0.0,0.0
25375,0.0,0.0,0.0,0.0
25376,0.0,0.0,0.0,0.0
25377,0.0,0.0,0.0,0.0
25378,0.0,0.0,0.0,0.0
25379,0.0,0.0,0.0,0.0
25380,0.0,0.0,0.0,0.0
25381,0.0,0.0,0.0,0.0
25382,0.0,0.0,0.0,0.0
25383,0.0,0.0,0.0,0.0
25384,0.0,0.0,0.0,0.0
25385,0.0,0.0,0.0,0.0
25386,0.0,0.0,0.0,0.0
25387,0.0,0.0,0.0,0.0
25388,0.0,0.0,0.0,0.0
25389,0.0,0.0,0.0,0.0
25390,0.0,0.0,0.0,0.0
25391,0.0,0.0,0.0,0.0
25392,0.0,0.0,0.0,0.0
25393,0.0,0.0,0.0,0.0
25394,0.0,0.0,0.0,0.0
25395,0.0,0.0,0.0,0.0
25396,0.0,0.0,0.0,0.0
25397,0.0,0.0,0.0,0.0
25398,0.0,0.0,0.0,0.0
25399,0.0,0.0,0.0,0.0
25400,0.0,0.0,0.0,0.0
25401,0.0,0.0,0.0,0.0
25402,0.0,0.0,0.0,0.0
25403,0.0,0.0,0.0,0.0
25404,0.0,0.0,0.0,0.0
25405,0.0,0.0,0.0,0.0
25406,0.0,0.0,0.0,0.0
25407,0.0,0.0,0.0,0.0
25408,0.0,0.0,0.0,0.0
25409,0.0,0.0,0.0,0.0
25410,0.0,0.0,0.0,0.0
25411,0.0,0.0,0.0,0.0
25412,0.0,0.0,0.0,0.0
25413,0.0,0.0,0.0,0.0
25414,0.0,0.0,0.0,0.0
25415,0.0,0.0,0.0,0.0
25416,0.0,0.0,0.0,0.0
25417,0.0,0.0,0.0,0.0
25418,0.0,0.0,0.0,0.0
25419,0.0,0.0,0.0,0.0
25420,0.0,0.0,0.0,0.0
25421,0.0,0.0,0.0,0.0
25422,0.0,0.0,0.0,0.0
25423,0.0,0.0,0.0,0.0
25424,0.0,0.0,0.0,0.0
25425,0.0,0.0,0.0,0.0
25426,0.0,0.0,0.0,0.0
25427,0.0,0.0,0.0,0.0
25428,0.0,0.0,0.0,0.0
25429,0.0,0.0,0.0,0.0
25430,0.0,0.0,0.0,0.0
25431,0.0,0.0,0.0,0.0
25432,0.0,0.0,0.0,0.0
25433,0.0,0.0,0.0,0.0
25434,0.0,0.0,0.0,0.0
25435,0.0,0.0,0.0,0.0
25436,0.0,0.0,0.0,0.0
25437,0.0,0.0,0.0,0.0
25438,0.0,0.0,0.0,0.0
25439,0.0,0.0,0.0,0.0
25440,0.0,0.0,0.0,0.0
25441,0.0,0.0,0.0,0.0
25442,0.0,0.0,0.0,0.0
25443,0.0,0.0,0.0,0.0
25444,0.0,0.0,0.0,0.0
25445,0.0,0.0,0.0,0.0
25446,0.0,0.0,0.0,0.0
25447,0.0,0.0,0.0,0.0
25448,0.0,0.0,0.0,0.0
25449,0.0,0.0,0.0,0.0
25450,0.0,0.0,0.0,0.0
25451,0.0,0.0,0.0,0.0
25452,0.0,0.0,0.0,0.0
25453,0.0,0.0,0.0,0.0
25454,0.0,0.0,0.0,0.0
25455,0.0,0.0,0.0,0.0
25456,0.0,0.0,0.0,0.0
25457,0.0,0.0,0.0,0.0
25458,0.0,0.0,0.0,0.0
25459,0.0,0.0,0.0,0.0
25460,0.0,0.0,0.0,0.0
25461,0.0,0.0,0.0,0.0
25462,0.0,0.0,0.0,0.0
25463,0.0,0.0,0.0,0.0
25464,0.0,0.0,0.0,0.0
25465,0.0,0.0,0.0,0.0
25466,0.0,0.0,0.0,0.0
25467,0.0,0.0,0.0,0.0
25468,0.0,0.0,0.0,0.0
25469,0.0,0.0,0.0,0.0
25470,0.0,0.0,0.0,0.0
25471,0.0,0.0,0.0,0.0
25472,0.0,0.0,0.0,0.0
25473,0.0,0.0,0.0,0.0
25474,0.0,0.0,0.0,0.0
25475,0.0,0.0,0.0,0.0
25476,0.0,0.0,0.0,0.0
25477,0.0,0.0,0.0,0.0
25478,0.0,0.0,0.0,0.0
25479,0.0,0.0,0.0,0.0
25480,0.0,0.0,0.0,0.0
25481,0.0,0.0,0.0,0.0
25482,0.0,0.0,0.0,0.0
25483,0.0,0.0,0.0,0.0
25484,0.0,0.0,0.0,0.0
25485,0.0,0.0,0.0,0.0
25486,0.0,0.0,0.0,0.0
25487,0.0,0.0,0.0,0.0
25488,0.0,0.0,0.0,0.0
25489,0.0,0.0,0.0,0.0
25490,0.0,0.0,0.0,0.0
25491,0.0,0.0,0.0,0.0
25492,0.0,0.0,0.0,0.0
25493,0.0,0.0,0.0,0.0
25494,0.0,0.0,0.0,0.0
25495,0.0,0.0,0.0,0.0
25496,0.0,0.0,0.0,0.0
25497,0.0,0.0,0.0,0.0
25498,0.0,0.0,0.0,0.0
25499,0.0,0.0,0.0,0.0
25500,0.0,0.0,0.0,0.0
25501,0.0,0.0,0.0,0.0
25502,0.0,0.0,0.0,0.0
25503,0.0,0.0,0.0,0.0
25504,0.0,0.0,0.0,0.0
25505,0.0,0.0,0.0,0.0
25506,0.0,0.0,0.0,0.0
25507,0.0,0.0,0.0,0.0
25508,0.0,0.0,0.0,0.0
25509,0.0,0.0,0.0,0.0
25510,0.0,0.0,0.0,0.0
25511,0.0,0.0,0.0,0.0
25512,0.0,0.0,0.0,0.0
25513,0.0,0.0,0.0,0.0
25514,0.0,0.0,0.0,0.0
25515,0.0,0.0,0.0,0.0
25516,0.0,0.0,0.0,0.0
25517,0.0,0.0,0.0,0.0
25518,0.0,0.0,0.0,0.0
25519,0.0,0.0,0.0,0.0
25520,0.0,0.0,0.0,0.0
25521,0.0,0.0,0.0,0.0
25522,0.0,0.0,0.0,0.0
25523,0.0,0.0,0.0,0.0
25524,0.0,0.0,0.0,0.0
25525,0.0,0.0,0.0,0.0
25526,0.0,0.0,0.0,0.0
25527,0.0,0.0,0.0,0.0
25528,0.0,0.0,0.0,0.0
25529,0.0,0.0,0.0,0.0
25530,0.0,0.0,0.0,0.0
25531,0.0,0.0,0.0,0.0
25532,0.0,0.0,0.0,0.0
25533,0.0,0.0,0.0,0.0
25534,0.0,0.0,0.0,0.0
25535,0.0,0.0,0.0,0.0
25536,0.0,0.0,0.0,0.0
25537,0.0,0.0,0.0,0.0
25538,0.0,0.0,0.0,0.0
25539,0.0,0.0,0.0,0.0
25540,0.0,0.0,0.0,0.0
25541,0.0,0.0,0.0,0.0
25542,0.0,0.0,0.0,0.0
25543,0.0,0.0,0.0,0.0
25544,0.0,0.0,0.0,0.0
25545,0.0,0.0,0.0,0.0
25546,0.0,0.0,0.0,0.0
25547,0.0,0.0,0.0,0.0
25548,0.0,0.0,0.0,0.0
25549,0.0,0.0,0.0,0.0
25550,0.0,0.0,0.0,0.0
25551,0.0,0.0,0.0,0.0
25552,0.0,0.0,0.0,0.0
25553,0.0,0.0,0.0,0.0
25554,0.0,0.0,0.0,0.0
25555,0.0,0.0,0.0,0.0
25556,0.0,0.0,0.0,0.0
25557,0.0,0.0,0.0,0.0
25558,0.0,0.0,0.0,0.0
25559,0.0,0.0,0.0,0.0
25560,0.0,0.0,0.0,0.0
25561,0.0,0.0,0.0,0.0
25562,0.0,0.0,0.0,0.0
25563,0.0,0.0,0.0,0.0
25564,0.0,0.0,0.0,0.0
25565,0.0,0.0,0.0,0.0
25566,0.0,0.0,0.0,0.0
25567,0.0,0.0,0.0,0.0
25568,0.0,0.0,0.0,0.0
25569,0.0,0.0,0.0,0.0
25570,0.0,0.0,0.0,0.0
25571,0.0,0.0,0.0,0.0
25572,0.0,0.0,0.0,0.0
25573,0.0,0.0,0.0,0.0
25574,0.0,0.0,0.0,0.0
25575,0.0,0.0,0.0,0.0
25576,0.0,0.0,0.0,0.0
25577,0.0,0.0,0.0,0.0
25578,0.0,0.0,0.0,0.0
25579,0.0,0.0,0.0,0.0
25580,0.0,0.0,0.0,0.0
25581,0.0,0.0,0.0,0.0
25582,0.0,0.0,0.0,0.0
25583,0.0,0.0,0.0,0.0
25584,0.0,0.0,0.0,0.0
25585,0.0,0.0,0.0,0.0
25586,0.0,0.0,0.0,0.0
25587,0.0,0.0,0.0,0.0
25588,0.0,0.0,0.0,0.0
25589,0.0,0.0,0.0,0.0
25590,0.0,0.0,0.0,0.0
25591,0.0,0.0,0.0,0.0
25592,0.0,0.0,0.0,0.0
25593,0.0,0.0,0.0,0.0
25594,0.0,0.0,0.0,0.0
25595,0.0,0.0,0.0,0.0
25596,0.0,0.0,0.0,0.0
25597,0.0,0.0,0.0,0.0
25598,0.0,0.0,0.0,0.0
25599,0.0,0.0,0.0,0.0
25600,0.0,0.0,0.0,0.0
25601,0.0,0.0,0.0,0.0
25602,0.0,0.0,0.0,0.0
25603,0.0,0.0,0.0,0.0
25604,0.0,0.0,0.0,0.0
25605,0.0,0.0,0.0,0.0
25606,0.0,0.0,0.0,0.0
25607,0.0,0.0,0.0,0.0
25608,0.0,0.0,0.0,0.0
25609,0.0,0.0,0.0,0.0
25610,0.0,0.0,0.0,0.0
25611,0.0,0.0,0.0,0.0
25612,0.0,0.0,0.0,0.0
25613,0.0,0.0,0.0,0.0
25614,0.0,0.0,0.0,0.0
25615,0.0,0.0,0.0,0.0
25616,0.0,0.0,0.0,0.0
25617,0.0,0.0,0.0,0.0
25618,0.0,0.0,0.0,0.0
25619,0.0,0.0,0.0,0.0
25620,0.0,0.0,0.0,0.0
25621,0.0,0.0,0.0,0.0
25622,0.0,0.0,0.0,0.0
25623,0.0,0.0,0.0,0.0
25624,0.0,0.0,0.0,0.0
25625,0.0,0.0,0.0,0.0
25626,0.0,0.0,0.0,0.0
25627,0.0,0.0,0.0,0.0
25628,0.0,0.0,0.0,0.0
25629,0.0,0.0,0.0,0.0
25630,0.0,0.0,0.0,0.0
25631,0.0,0.0,0.0,0.0
25632,0.0,0.0,0.0,0.0
25633,0.0,0.0,0.0,0.0
25634,0.0,0.0,0.0,0.0
25635,0.0,0.0,0.0,0.0
25636,0.0,0.0,0.0,0.0
25637,0.0,0.0,0.0,0.0
25638,0.0,0.0,0.0,0.0
25639,0.0,0.0,0.0,0.0
25640,0.0,0.0,0.0,0.0
25641,0.0,0.0,0.0,0.0
25642,0.0,0.0,0.0,0.0
25643,0.0,0.0,0.0,0.0
25644,0.0,0.0,0.0,0.0
25645,0.0,0.0,0.0,0.0
25646,0.0,0.0,0.0,0.0
25647,0.0,0.0,0.0,0.0
25648,0.0,0.0,0.0,0.0
25649,0.0,0.0,0.0,0.0
25650,0.0,0.0,0.0,0.0
25651,0.0,0.0,0.0,0.0
25652,0.0,0.0,0.0,0.0
25653,0.0,0.0,0.0,0.0
25654,0.0,0.0,0.0,0.0
25655,0.0,0.0,0.0,0.0
25656,0.0,0.0,0.0,0.0
25657,0.0,0.0,0.0,0.0
25658,0.0,0.0,0.0,0.0
25659,0.0,0.0,0.0,0.0
25660,0.0,0.0,0.0,0.0
25661,0.0,0.0,0.0,0.0
25662,0.0,0.0,0.0,0.0
25663,0.0,0.0,0.0,0.0
25664,0.0,0.0,0.0,0.0
25665,0.0,0.0,0.0,0.0
25666,0.0,0.0,0.0,0.0
25667,0.0,0.0,0.0,0.0
25668,0.0,0.0,0.0,0.0
25669,0.0,0.0,0.0,0.0
25670,0.0,0.0,0.0,0.0
25671,0.0,0.0,0.0,0.0
25672,0.0,0.0,0.0,0.0
25673,0.0,0.0,0.0,0.0
25674,0.0,0.0,0.0,0.0
25675,0.0,0.0,0.0,0.0
25676,0.0,0.0,0.0,0.0
25677,0.0,0.0,0.0,0.0
25678,0.0,0.0,0.0,0.0
25679,0.0,0.0,0.0,0.0
25680,0.0,0.0,0.0,0.0
25681,0.0,0.0,0.0,0.0
25682,0.0,0.0,0.0,0.0
25683,0.0,0.0,0.0,0.0
25684,0.0,0.0,0.0,0.0
25685,0.0,0.0,0.0,0.0
25686,0.0,0.0,0.0,0.0
25687,0.0,0.0,0.0,0.0
25688,0.0,0.0,0.0,0.0
25689,0.0,0.0,0.0,0.0
25690,0.0,0.0,0.0,0.0
25691,0.0,0.0,0.0,0.0
25692,0.0,0.0,0.0,0.0
25693,0.0,0.0,0.0,0.0
25694,0.0,0.0,0.0,0.0
25695,0.0,0.0,0.0,0.0
25696,0.0,0.0,0.0,0.0
25697,0.0,0.0,0.0,0.0
25698,0.0,0.0,0.0,0.0
25699,0.0,0.0,0.0,0.0
25700,0.0,0.0,0.0,0.0
25701,0.0,0.0,0.0,0.0
25702,0.0,0.0,0.0,0.0
25703,0.0,0.0,0.0,0.0
25704,0.0,0.0,0.0,0.0
25705,0.0,0.0,0.0,0.0
25706,0.0,0.0,0.0,0.0
25707,0.0,0.0,0.0,0.0
25708,0.0,0.0,0.0,0.0
25709,0.0,0.0,0.0,0.0
25710,0.0,0.0,0.0,0.0
25711,0.0,0.0,0.0,0.0
25712,0.0,0.0,0.0,0.0
25713,0.0,0.0,0.0,0.0
25714,0.0,0.0,0.0,0.0
25715,0.0,0.0,0.0,0.0
25716,0.0,0.0,0.0,0.0
25717,0.0,0.0,0.0,0.0
25718,0.0,0.0,0.0,0.0
25719,0.0,0.0,0.0,0.0
25720,0.0,0.0,0.0,0.0
25721,0.0,0.0,0.0,0.0
25722,0.0,0.0,0.0,0.0
25723,0.0,0.0,0.0,0.0
25724,0.0,0.0,0.0,0.0
25725,0.0,0.0,0.0,0.0
25726,0.0,0.0,0.0,0.0
25727,0.0,0.0,0.0,0.0
25728,0.0,0.0,0.0,0.0
25729,0.0,0.0,0.0,0.0
25730,0.0,0.0,0.0,0.0
25731,0.0,0.0,0.0,0.0
25732,0.0,0.0,0.0,0.0
25733,0.0,0.0,0.0,0.0
25734,0.0,0.0,0.0,0.0
25735,0.0,0.0,0.0,0.0
25736,0.0,0.0,0.0,0.0
25737,0.0,0.0,0.0,0.0
25738,0.0,0.0,0.0,0.0
25739,0.0,0.0,0.0,0.0
25740,0.0,0.0,0.0,0.0
25741,0.0,0.0,0.0,0.0
25742,0.0,0.0,0.0,0.0
25743,0.0,0.0,0.0,0.0
25744,0.0,0.0,0.0,0.0
25745,0.0,0.0,0.0,0.0
25746,0.0,0.0,0.0,0.0
25747,0.0,0.0,0.0,0.0
25748,0.0,0.0,0.0,0.0
25749,0.0,0.0,0.0,0.0
25750,0.0,0.0,0.0,0.0
25751,0.0,0.0,0.0,0.0
25752,0.0,0.0,0.0,0.0
25753,0.0,0.0,0.0,0.0
25754,0.0,0.0,0.0,0.0
25755,0.0,0.0,0.0,0.0
25756,0.0,0.0,0.0,0.0
25757,0.0,0.0,0.0,0.0
25758,0.0,0.0,0.0,0.0
25759,0.0,0.0,0.0,0.0
25760,0.0,0.0,0.0,0.0
25761,0.0,0.0,0.0,0.0
25762,0.0,0.0,0.0,0.0
25763,0.0,0.0,0.0,0.0
25764,0.0,0.0,0.0,0.0
25765,0.0,0.0,0.0,0.0
25766,0.0,0.0,0.0,0.0
25767,0.0,0.0,0.0,0.0
25768,0.0,0.0,0.0,0.0
25769,0.0,0.0,0.0,0.0
25770,0.0,0.0,0.0,0.0
25771,0.0,0.0,0.0,0.0
25772,0.0,0.0,0.0,0.0
25773,0.0,0.0,0.0,0.0
25774,0.0,0.0,0.0,0.0
25775,0.0,0.0,0.0,0.0
25776,0.0,0.0,0.0,0.0
25777,0.0,0.0,0.0,0.0
25778,0.0,0.0,0.0,0.0
25779,0.0,0.0,0.0,0.0
25780,0.0,0.0,0.0,0.0
25781,0.0,0.0,0.0,0.0
25782,0.0,0.0,0.0,0.0
25783,0.0,0.0,0.0,0.0
25784,0.0,0.0,0.0,0.0
25785,0.0,0.0,0.0,0.0
25786,0.0,0.0,0.0,0.0
25787,0.0,0.0,0.0,0.0
25788,0.0,0.0,0.0,0.0
25789,0.0,0.0,0.0,0.0
25790,0.0,0.0,0.0,0.0
25791,0.0,0.0,0.0,0.0
25792,0.0,0.0,0.0,0.0
25793,0.0,0.0,0.0,0.0
25794,0.0,0.0,0.0,0.0
25795,0.0,0.0,0.0,0.0
25796,0.0,0.0,0.0,0.0
25797,0.0,0.0,0.0,0.0
25798,0.0,0.0,0.0,0.0
25799,0.0,0.0,0.0,0.0
25800,0.0,0.0,0.0,0.0
25801,0.0,0.0,0.0,0.0
25802,0.0,0.0,0.0,0.0
25803,0.0,0.0,0.0,0.0
25804,0.0,0.0,0.0,0.0
25805,0.0,0.0,0.0,0.0
25806,0.0,0.0,0.0,0.0
25807,0.0,0.0,0.0,0.0
25808,0.0,0.0,0.0,0.0
25809,0.0,0.0,0.0,0.0
25810,0.0,0.0,0.0,0.0
25811,0.0,0.0,0.0,0.0
25812,0.0,0.0,0.0,0.0
25813,0.0,0.0,0.0,0.0
25814,0.0,0.0,0.0,0.0
25815,0.0,0.0,0.0,0.0
25816,0.0,0.0,0.0,0.0
25817,0.0,0.0,0.0,0.0
25818,0.0,0.0,0.0,0.0
25819,0.0,0.0,0.0,0.0
25820,0.0,0.0,0.0,0.0
25821,0.0,0.0,0.0,0.0
25822,0.0,0.0,0.0,0.0
25823,0.0,0.0,0.0,0.0
25824,0.0,0.0,0.0,0.0
25825,0.0,0.0,0.0,0.0
25826,0.0,0.0,0.0,0.0
25827,0.0,0.0,0.0,0.0
25828,0.0,0.0,0.0,0.0
25829,0.0,0.0,0.0,0.0
25830,0.0,0.0,0.0,0.0
25831,0.0,0.0,0.0,0.0
25832,0.0,0.0,0.0,0.0
25833,0.0,0.0,0.0,0.0
25834,0.0,0.0,0.0,0.0
25835,0.0,0.0,0.0,0.0
25836,0.0,0.0,0.0,0.0
25837,0.0,0.0,0.0,0.0
25838,0.0,0.0,0.0,0.0
25839,0.0,0.0,0.0,0.0
25840,0.0,0.0,0.0,0.0
25841,0.0,0.0,0.0,0.0
25842,0.0,0.0,0.0,0.0
25843,0.0,0.0,0.0,0.0
25844,0.0,0.0,0.0,0.0
25845,0.0,0.0,0.0,0.0
25846,0.0,0.0,0.0,0.0
25847,0.0,0.0,0.0,0.0
25848,0.0,0.0,0.0,0.0
25849,0.0,0.0,0.0,0.0
25850,0.0,0.0,0.0,0.0
25851,0.0,0.0,0.0,0.0
25852,0.0,0.0,0.0,0.0
25853,0.0,0.0,0.0,0.0
25854,0.0,0.0,0.0,0.0
25855,0.0,0.0,0.0,0.0
25856,0.0,0.0,0.0,0.0
25857,0.0,0.0,0.0,0.0
25858,0.0,0.0,0.0,0.0
25859,0.0,0.0,0.0,0.0
25860,0.0,0.0,0.0,0.0
25861,0.0,0.0,0.0,0.0
25862,0.0,0.0,0.0,0.0
25863,0.0,0.0,0.0,0.0
25864,0.0,0.0,0.0,0.0
25865,0.0,0.0,0.0,0.0
25866,0.0,0.0,0.0,0.0
25867,0.0,0.0,0.0,0.0
25868,0.0,0.0,0.0,0.0
25869,0.0,0.0,0.0,0.0
25870,0.0,0.0,0.0,0.0
25871,0.0,0.0,0.0,0.0
25872,0.0,0.0,0.0,0.0
25873,0.0,0.0,0.0,0.0
25874,0.0,0.0,0.0,0.0
25875,0.0,0.0,0.0,0.0
25876,0.0,0.0,0.0,0.0
25877,0.0,0.0,0.0,0.0
25878,0.0,0.0,0.0,0.0
25879,0.0,0.0,0.0,0.0
25880,0.0,0.0,0.0,0.0
25881,0.0,0.0,0.0,0.0
25882,0.0,0.0,0.0,0.0
25883,0.0,0.0,0.0,0.0
25884,0.0,0.0,0.0,0.0
25885,0.0,0.0,0.0,0.0
25886,0.0,0.0,0.0,0.0
25887,0.0,0.0,0.0,0.0
25888,0.0,0.0,0.0,0.0
25889,0.0,0.0,0.0,0.0
25890,0.0,0.0,0.0,0.0
25891,0.0,0.0,0.0,0.0
25892,0.0,0.0,0.0,0.0
25893,0.0,0.0,0.0,0.0
25894,0.0,0.0,0.0,0.0
25895,0.0,0.0,0.0,0.0
25896,0.0,0.0,0.0,0.0
25897,0.0,0.0,0.0,0.0
25898,0.0,0.0,0.0,0.0
25899,0.0,0.0,0.0,0.0
25900,0.0,0.0,0.0,0.0
25901,0.0,0.0,0.0,0.0
25902,0.0,0.0,0.0,0.0
25903,0.0,0.0,0.0,0.0
25904,0.0,0.0,0.0,0.0
25905,0.0,0.0,0.0,0.0
25906,0.0,0.0,0.0,0.0
25907,0.0,0.0,0.0,0.0
25908,0.0,0.0,0.0,0.0
25909,0.0,0.0,0.0,0.0
25910,0.0,0.0,0.0,0.0
25911,0.0,0.0,0.0,0.0
25912,0.0,0.0,0.0,0.0
25913,0.0,0.0,0.0,0.0
25914,0.0,0.0,0.0,0.0
25915,0.0,0.0,0.0,0.0
25916,0.0,0.0,0.0,0.0
25917,0.0,0.0,0.0,0.0
25918,0.0,0.0,0.0,0.0
25919,0.0,0.0,0.0,0.0
25920,0.0,0.0,0.0,0.0
25921,0.0,0.0,0.0,0.0
25922,0.0,0.0,0.0,0.0
25923,0.0,0.0,0.0,0.0
25924,0.0,0.0,0.0,0.0
25925,0.0,0.0,0.0,0.0
25926,0.0,0.0,0.0,0.0
25927,0.0,0.0,0.0,0.0
25928,0.0,0.0,0.0,0.0
25929,0.0,0.0,0.0,0.0
25930,0.0,0.0,0.0,0.0
25931,0.0,0.0,0.0,0.0
25932,0.0,0.0,0.0,0.0
25933,0.0,0.0,0.0,0.0
25934,0.0,0.0,0.0,0.0
25935,0.0,0.0,0.0,0.0
25936,0.0,0.0,0.0,0.0
25937,0.0,0.0,0.0,0.0
25938,0.0,0.0,0.0,0.0
25939,0.0,0.0,0.0,0.0
25940,0.0,0.0,0.0,0.0
25941,0.0,0.0,0.0,0.0
25942,0.0,0.0,0.0,0.0
25943,0.0,0.0,0.0,0.0
25944,0.0,0.0,0.0,0.0
25945,0.0,0.0,0.0,0.0
25946,0.0,0.0,0.0,0.0
25947,0.0,0.0,0.0,0.0
25948,0.0,0.0,0.0,0.0
25949,0.0,0.0,0.0,0.0
25950,0.0,0.0,0.0,0.0
25951,0.0,0.0,0.0,0.0
25952,0.0,0.0,0.0,0.0
25953,0.0,0.0,0.0,0.0
25954,0.0,0.0,0.0,0.0
25955,0.0,0.0,0.0,0.0
25956,0.0,0.0,0.0,0.0
25957,0.0,0.0,0.0,0.0
25958,0.0,0.0,0.0,0.0
25959,0.0,0.0,0.0,0.0
25960,0.0,0.0,0.0,0.0
25961,0.0,0.0,0.0,0.0
25962,0.0,0.0,0.0,0.0
25963,0.0,0.0,0.0,0.0
25964,0.0,0.0,0.0,0.0
25965,0.0,0.0,0.0,0.0
25966,0.0,0.0,0.0,0.0
25967,0.0,0.0,0.0,0.0
25968,0.0,0.0,0.0,0.0
25969,0.0,0.0,0.0,0.0
25970,0.0,0.0,0.0,0.0
25971,0.0,0.0,0.0,0.0
25972,0.0,0.0,0.0,0.0
25973,0.0,0.0,0.0,0.0
25974,0.0,0.0,0.0,0.0
25975,0.0,0.0,0.0,0.0
25976,0.0,0.0,0.0,0.0
25977,0.0,0.0,0.0,0.0
25978,0.0,0.0,0.0,0.0
25979,0.0,0.0,0.0,0.0
25980,0.0,0.0,0.0,0.0
25981,0.0,0.0,0.0,0.0
25982,0.0,0.0,0.0,0.0
25983,0.0,0.0,0.0,0.0
25984,0.0,0.0,0.0,0.0
25985,0.0,0.0,0.0,0.0
25986,0.0,0.0,0.0,0.0
25987,0.0,0.0,0.0,0.0
25988,0.0,0.0,0.0,0.0
25989,0.0,0.0,0.0,0.0
25990,0.0,0.0,0.0,0.0
25991,0.0,0.0,0.0,0.0
25992,0.0,0.0,0.0,0.0
25993,0.0,0.0,0.0,0.0
25994,0.0,0.0,0.0,0.0
25995,0.0,0.0,0.0,0.0
25996,0.0,0.0,0.0,0.0
25997,0.0,0.0,0.0,0.0
25998,0.0,0.0,0.0,0.0
25999,0.0,0.0,0.0,0.0
26000,0.0,0.0,0.0,0.0
26001,0.0,0.0,0.0,0.0
26002,0.0,0.0,0.0,0.0
26003,0.0,0.0,0.0,0.0
26004,0.0,0.0,0.0,0.0
26005,0.0,0.0,0.0,0.0
26006,0.0,0.0,0.0,0.0
26007,0.0,0.0,0.0,0.0
26008,0.0,0.0,0.0,0.0
26009,0.0,0.0,0.0,0.0
26010,0.0,0.0,0.0,0.0
26011,0.0,0.0,0.0,0.0
26012,0.0,0.0,0.0,0.0
26013,0.0,0.0,0.0,0.0
26014,0.0,0.0,0.0,0.0
26015,0.0,0.0,0.0,0.0
26016,0.0,0.0,0.0,0.0
26017,0.0,0.0,0.0,0.0
26018,0.0,0.0,0.0,0.0
26019,0.0,0.0,0.0,0.0
26020,0.0,0.0,0.0,0.0
26021,0.0,0.0,0.0,0.0
26022,0.0,0.0,0.0,0.0
26023,0.0,0.0,0.0,0.0
26024,0.0,0.0,0.0,0.0
26025,0.0,0.0,0.0,0.0
26026,0.0,0.0,0.0,0.0
26027,0.0,0.0,0.0,0.0
26028,0.0,0.0,0.0,0.0
26029,0.0,0.0,0.0,0.0
26030,0.0,0.0,0.0,0.0
26031,0.0,0.0,0.0,0.0
26032,0.0,0.0,0.0,0.0
26033,0.0,0.0,0.0,0.0
26034,0.0,0.0,0.0,0.0
26035,0.0,0.0,0.0,0.0
26036,0.0,0.0,0.0,0.0
26037,0.0,0.0,0.0,0.0
26038,0.0,0.0,0.0,0.0
26039,0.0,0.0,0.0,0.0
26040,0.0,0.0,0.0,0.0
26041,0.0,0.0,0.0,0.0
26042,0.0,0.0,0.0,0.0
26043,0.0,0.0,0.0,0.0
26044,0.0,0.0,0.0,0.0
26045,0.0,0.0,0.0,0.0
26046,0.0,0.0,0.0,0.0
26047,0.0,0.0,0.0,0.0
26048,0.0,0.0,0.0,0.0
26049,0.0,0.0,0.0,0.0
26050,0.0,0.0,0.0,0.0
26051,0.0,0.0,0.0,0.0
26052,0.0,0.0,0.0,0.0
26053,0.0,0.0,0.0,0.0
26054,0.0,0.0,0.0,0.0
26055,0.0,0.0,0.0,0.0
26056,0.0,0.0,0.0,0.0
26057,0.0,0.0,0.0,0.0
26058,0.0,0.0,0.0,0.0
26059,0.0,0.0,0.0,0.0
26060,0.0,0.0,0.0,0.0
26061,0.0,0.0,0.0,0.0
26062,0.0,0.0,0.0,0.0
26063,0.0,0.0,0.0,0.0
26064,0.0,0.0,0.0,0.0
26065,0.0,0.0,0.0,0.0
26066,0.0,0.0,0.0,0.0
26067,0.0,0.0,0.0,0.0
26068,0.0,0.0,0.0,0.0
26069,0.0,0.0,0.0,0.0
26070,0.0,0.0,0.0,0.0
26071,0.0,0.0,0.0,0.0
26072,0.0,0.0,0.0,0.0
26073,0.0,0.0,0.0,0.0
26074,0.0,0.0,0.0,0.0
26075,0.0,0.0,0.0,0.0
26076,0.0,0.0,0.0,0.0
26077,0.0,0.0,0.0,0.0
26078,0.0,0.0,0.0,0.0
26079,0.0,0.0,0.0,0.0
26080,0.0,0.0,0.0,0.0
26081,0.0,0.0,0.0,0.0
26082,0.0,0.0,0.0,0.0
26083,0.0,0.0,0.0,0.0
26084,0.0,0.0,0.0,0.0
26085,0.0,0.0,0.0,0.0
26086,0.0,0.0,0.0,0.0
26087,0.0,0.0,0.0,0.0
26088,0.0,0.0,0.0,0.0
26089,0.0,0.0,0.0,0.0
26090,0.0,0.0,0.0,0.0
26091,0.0,0.0,0.0,0.0
26092,0.0,0.0,0.0,0.0
26093,0.0,0.0,0.0,0.0
26094,0.0,0.0,0.0,0.0
26095,0.0,0.0,0.0,0.0
26096,0.0,0.0,0.0,0.0
26097,0.0,0.0,0.0,0.0
26098,0.0,0.0,0.0,0.0
26099,0.0,0.0,0.0,0.0
26100,0.0,0.0,0.0,0.0
26101,0.0,0.0,0.0,0.0
26102,0.0,0.0,0.0,0.0
26103,0.0,0.0,0.0,0.0
26104,0.0,0.0,0.0,0.0
26105,0.0,0.0,0.0,0.0
26106,0.0,0.0,0.0,0.0
26107,0.0,0.0,0.0,0.0
26108,0.0,0.0,0.0,0.0
26109,0.0,0.0,0.0,0.0
26110,0.0,0.0,0.0,0.0
26111,0.0,0.0,0.0,0.0
26112,0.0,0.0,0.0,0.0
26113,0.0,0.0,0.0,0.0
26114,0.0,0.0,0.0,0.0
26115,0.0,0.0,0.0,0.0
26116,0.0,0.0,0.0,0.0
26117,0.0,0.0,0.0,0.0
26118,0.0,0.0,0.0,0.0
26119,0.0,0.0,0.0,0.0
26120,0.0,0.0,0.0,0.0
26121,0.0,0.0,0.0,0.0
26122,0.0,0.0,0.0,0.0
26123,0.0,0.0,0.0,0.0
26124,0.0,0.0,0.0,0.0
26125,0.0,0.0,0.0,0.0
26126,0.0,0.0,0.0,0.0
26127,0.0,0.0,0.0,0.0
26128,0.0,0.0,0.0,0.0
26129,0.0,0.0,0.0,0.0
26130,0.0,0.0,0.0,0.0
26131,0.0,0.0,0.0,0.0
26132,0.0,0.0,0.0,0.0
26133,0.0,0.0,0.0,0.0
26134,0.0,0.0,0.0,0.0
26135,0.0,0.0,0.0,0.0
26136,0.0,0.0,0.0,0.0
26137,0.0,0.0,0.0,0.0
26138,0.0,0.0,0.0,0.0
26139,0.0,0.0,0.0,0.0
26140,0.0,0.0,0.0,0.0
26141,0.0,0.0,0.0,0.0
26142,0.0,0.0,0.0,0.0
26143,0.0,0.0,0.0,0.0
26144,0.0,0.0,0.0,0.0
26145,0.0,0.0,0.0,0.0
26146,0.0,0.0,0.0,0.0
26147,0.0,0.0,0.0,0.0
26148,0.0,0.0,0.0,0.0
26149,0.0,0.0,0.0,0.0
26150,0.0,0.0,0.0,0.0
26151,0.0,0.0,0.0,0.0
26152,0.0,0.0,0.0,0.0
26153,0.0,0.0,0.0,0.0
26154,0.0,0.0,0.0,0.0
26155,0.0,0.0,0.0,0.0
26156,0.0,0.0,0.0,0.0
26157,0.0,0.0,0.0,0.0
26158,0.0,0.0,0.0,0.0
26159,0.0,0.0,0.0,0.0
26160,0.0,0.0,0.0,0.0
26161,0.0,0.0,0.0,0.0
26162,0.0,0.0,0.0,0.0
26163,0.0,0.0,0.0,0.0
26164,0.0,0.0,0.0,0.0
26165,0.0,0.0,0.0,0.0
26166,0.0,0.0,0.0,0.0
26167,0.0,0.0,0.0,0.0
26168,0.0,0.0,0.0,0.0
26169,0.0,0.0,0.0,0.0
26170,0.0,0.0,0.0,0.0
26171,0.0,0.0,0.0,0.0
26172,0.0,0.0,0.0,0.0
26173,0.0,0.0,0.0,0.0
26174,0.0,0.0,0.0,0.0
26175,0.0,0.0,0.0,0.0
26176,0.0,0.0,0.0,0.0
26177,0.0,0.0,0.0,0.0
26178,0.0,0.0,0.0,0.0
26179,0.0,0.0,0.0,0.0
26180,0.0,0.0,0.0,0.0
26181,0.0,0.0,0.0,0.0
26182,0.0,0.0,0.0,0.0
26183,0.0,0.0,0.0,0.0
26184,0.0,0.0,0.0,0.0
26185,0.0,0.0,0.0,0.0
26186,0.0,0.0,0.0,0.0
26187,0.0,0.0,0.0,0.0
26188,0.0,0.0,0.0,0.0
26189,0.0,0.0,0.0,0.0
26190,0.0,0.0,0.0,0.0
26191,0.0,0.0,0.0,0.0
26192,0.0,0.0,0.0,0.0
26193,0.0,0.0,0.0,0.0
26194,0.0,0.0,0.0,0.0
26195,0.0,0.0,0.0,0.0
26196,0.0,0.0,0.0,0.0
26197,0.0,0.0,0.0,0.0
26198,0.0,0.0,0.0,0.0
26199,0.0,0.0,0.0,0.0
26200,0.0,0.0,0.0,0.0
26201,0.0,0.0,0.0,0.0
26202,0.0,0.0,0.0,0.0
26203,0.0,0.0,0.0,0.0
26204,0.0,0.0,0.0,0.0
26205,0.0,0.0,0.0,0.0
26206,0.0,0.0,0.0,0.0
26207,0.0,0.0,0.0,0.0
26208,0.0,0.0,0.0,0.0
26209,0.0,0.0,0.0,0.0
26210,0.0,0.0,0.0,0.0
26211,0.0,0.0,0.0,0.0
26212,0.0,0.0,0.0,0.0
26213,0.0,0.0,0.0,0.0
26214,0.0,0.0,0.0,0.0
26215,0.0,0.0,0.0,0.0
26216,0.0,0.0,0.0,0.0
26217,0.0,0.0,0.0,0.0
26218,0.0,0.0,0.0,0.0
26219,0.0,0.0,0.0,0.0
26220,0.0,0.0,0.0,0.0
26221,0.0,0.0,0.0,0.0
26222,0.0,0.0,0.0,0.0
26223,0.0,0.0,0.0,0.0
26224,0.0,0.0,0.0,0.0
26225,0.0,0.0,0.0,0.0
26226,0.0,0.0,0.0,0.0
26227,0.0,0.0,0.0,0.0
26228,0.0,0.0,0.0,0.0
26229,0.0,0.0,0.0,0.0
26230,0.0,0.0,0.0,0.0
26231,0.0,0.0,0.0,0.0
26232,0.0,0.0,0.0,0.0
26233,0.0,0.0,0.0,0.0
26234,0.0,0.0,0.0,0.0
26235,0.0,0.0,0.0,0.0
26236,0.0,0.0,0.0,0.0
26237,0.0,0.0,0.0,0.0
26238,0.0,0.0,0.0,0.0
26239,0.0,0.0,0.0,0.0
26240,0.0,0.0,0.0,0.0
26241,0.0,0.0,0.0,0.0
26242,0.0,0.0,0.0,0.0
26243,0.0,0.0,0.0,0.0
26244,0.0,0.0,0.0,0.0
26245,0.0,0.0,0.0,0.0
26246,0.0,0.0,0.0,0.0
26247,0.0,0.0,0.0,0.0
26248,0.0,0.0,0.0,0.0
26249,0.0,0.0,0.0,0.0
26250,0.0,0.0,0.0,0.0
26251,0.0,0.0,0.0,0.0
26252,0.0,0.0,0.0,0.0
26253,0.0,0.0,0.0,0.0
26254,0.0,0.0,0.0,0.0
26255,0.0,0.0,0.0,0.0
26256,0.0,0.0,0.0,0.0
26257,0.0,0.0,0.0,0.0
26258,0.0,0.0,0.0,0.0
26259,0.0,0.0,0.0,0.0
26260,0.0,0.0,0.0,0.0
26261,0.0,0.0,0.0,0.0
26262,0.0,0.0,0.0,0.0
26263,0.0,0.0,0.0,0.0
26264,0.0,0.0,0.0,0.0
26265,0.0,0.0,0.0,0.0
26266,0.0,0.0,0.0,0.0
26267,0.0,0.0,0.0,0.0
26268,0.0,0.0,0.0,0.0
26269,0.0,0.0,0.0,0.0
26270,0.0,0.0,0.0,0.0
26271,0.0,0.0,0.0,0.0
26272,0.0,0.0,0.0,0.0
26273,0.0,0.0,0.0,0.0
26274,0.0,0.0,0.0,0.0
26275,0.0,0.0,0.0,0.0
26276,0.0,0.0,0.0,0.0
26277,0.0,0.0,0.0,0.0
26278,0.0,0.0,0.0,0.0
26279,0.0,0.0,0.0,0.0
26280,0.0,0.0,0.0,0.0
26281,0.0,0.0,0.0,0.0
26282,0.0,0.0,0.0,0.0
26283,0.0,0.0,0.0,0.0
26284,0.0,0.0,0.0,0.0
26285,0.0,0.0,0.0,0.0
26286,0.0,0.0,0.0,0.0
26287,0.0,0.0,0.0,0.0
26288,0.0,0.0,0.0,0.0
26289,0.0,0.0,0.0,0.0
26290,0.0,0.0,0.0,0.0
26291,0.0,0.0,0.0,0.0
26292,0.0,0.0,0.0,0.0
26293,0.0,0.0,0.0,0.0
26294,0.0,0.0,0.0,0.0
26295,0.0,0.0,0.0,0.0
26296,0.0,0.0,0.0,0.0
26297,0.0,0.0,0.0,0.0
26298,0.0,0.0,0.0,0.0
26299,0.0,0.0,0.0,0.0
26300,0.0,0.0,0.0,0.0
26301,0.0,0.0,0.0,0.0
26302,0.0,0.0,0.0,0.0
26303,0.0,0.0,0.0,0.0
26304,0.0,0.0,0.0,0.0
26305,0.0,0.0,0.0,0.0
26306,0.0,0.0,0.0,0.0
26307,0.0,0.0,0.0,0.0
26308,0.0,0.0,0.0,0.0
26309,0.0,0.0,0.0,0.0
26310,0.0,0.0,0.0,0.0
26311,0.0,0.0,0.0,0.0
26312,0.0,0.0,0.0,0.0
26313,0.0,0.0,0.0,0.0
26314,0.0,0.0,0.0,0.0
26315,0.0,0.0,0.0,0.0
26316,0.0,0.0,0.0,0.0
26317,0.0,0.0,0.0,0.0
26318,0.0,0.0,0.0,0.0
26319,0.0,0.0,0.0,0.0
26320,0.0,0.0,0.0,0.0
26321,0.0,0.0,0.0,0.0
26322,0.0,0.0,0.0,0.0
26323,0.0,0.0,0.0,0.0
26324,0.0,0.0,0.0,0.0
26325,0.0,0.0,0.0,0.0
26326,0.0,0.0,0.0,0.0
26327,0.0,0.0,0.0,0.0
26328,0.0,0.0,0.0,0.0
26329,0.0,0.0,0.0,0.0
26330,0.0,0.0,0.0,0.0
26331,0.0,0.0,0.0,0.0
26332,0.0,0.0,0.0,0.0
26333,0.0,0.0,0.0,0.0
26334,0.0,0.0,0.0,0.0
26335,0.0,0.0,0.0,0.0
26336,0.0,0.0,0.0,0.0
26337,0.0,0.0,0.0,0.0
26338,0.0,0.0,0.0,0.0
26339,0.0,0.0,0.0,0.0
26340,0.0,0.0,0.0,0.0
26341,0.0,0.0,0.0,0.0
26342,0.0,0.0,0.0,0.0
26343,0.0,0.0,0.0,0.0
26344,0.0,0.0,0.0,0.0
26345,0.0,0.0,0.0,0.0
26346,0.0,0.0,0.0,0.0
26347,0.0,0.0,0.0,0.0
26348,0.0,0.0,0.0,0.0
26349,0.0,0.0,0.0,0.0
26350,0.0,0.0,0.0,0.0
26351,0.0,0.0,0.0,0.0
26352,0.0,0.0,0.0,0.0
26353,0.0,0.0,0.0,0.0
26354,0.0,0.0,0.0,0.0
26355,0.0,0.0,0.0,0.0
26356,0.0,0.0,0.0,0.0
26357,0.0,0.0,0.0,0.0
26358,0.0,0.0,0.0,0.0
26359,0.0,0.0,0.0,0.0
26360,0.0,0.0,0.0,0.0
26361,0.0,0.0,0.0,0.0
26362,0.0,0.0,0.0,0.0
26363,0.0,0.0,0.0,0.0
26364,0.0,0.0,0.0,0.0
26365,0.0,0.0,0.0,0.0
26366,0.0,0.0,0.0,0.0
26367,0.0,0.0,0.0,0.0
26368,0.0,0.0,0.0,0.0
26369,0.0,0.0,0.0,0.0
26370,0.0,0.0,0.0,0.0
26371,0.0,0.0,0.0,0.0
26372,0.0,0.0,0.0,0.0
26373,0.0,0.0,0.0,0.0
26374,0.0,0.0,0.0,0.0
26375,0.0,0.0,0.0,0.0
26376,0.0,0.0,0.0,0.0
26377,0.0,0.0,0.0,0.0
26378,0.0,0.0,0.0,0.0
26379,0.0,0.0,0.0,0.0
26380,0.0,0.0,0.0,0.0
26381,0.0,0.0,0.0,0.0
26382,0.0,0.0,0.0,0.0
26383,0.0,0.0,0.0,0.0
26384,0.0,0.0,0.0,0.0
26385,0.0,0.0,0.0,0.0
26386,0.0,0.0,0.0,0.0
26387,0.0,0.0,0.0,0.0
26388,0.0,0.0,0.0,0.0
26389,0.0,0.0,0.0,0.0
26390,0.0,0.0,0.0,0.0
26391,0.0,0.0,0.0,0.0
26392,0.0,0.0,0.0,0.0
26393,0.0,0.0,0.0,0.0
26394,0.0,0.0,0.0,0.0
26395,0.0,0.0,0.0,0.0
26396,0.0,0.0,0.0,0.0
26397,0.0,0.0,0.0,0.0
26398,0.0,0.0,0.0,0.0
26399,0.0,0.0,0.0,0.0
26400,0.0,0.0,0.0,0.0
26401,0.0,0.0,0.0,0.0
26402,0.0,0.0,0.0,0.0
26403,0.0,0.0,0.0,0.0
26404,0.0,0.0,0.0,0.0
26405,0.0,0.0,0.0,0.0
26406,0.0,0.0,0.0,0.0
26407,0.0,0.0,0.0,0.0
26408,0.0,0.0,0.0,0.0
26409,0.0,0.0,0.0,0.0
26410,0.0,0.0,0.0,0.0
26411,0.0,0.0,0.0,0.0
26412,0.0,0.0,0.0,0.0
26413,0.0,0.0,0.0,0.0
26414,0.0,0.0,0.0,0.0
26415,0.0,0.0,0.0,0.0
26416,0.0,0.0,0.0,0.0
26417,0.0,0.0,0.0,0.0
26418,0.0,0.0,0.0,0.0
26419,0.0,0.0,0.0,0.0
26420,0.0,0.0,0.0,0.0
26421,0.0,0.0,0.0,0.0
26422,0.0,0.0,0.0,0.0
26423,0.0,0.0,0.0,0.0
26424,0.0,0.0,0.0,0.0
26425,0.0,0.0,0.0,0.0
26426,0.0,0.0,0.0,0.0
26427,0.0,0.0,0.0,0.0
26428,0.0,0.0,0.0,0.0
26429,0.0,0.0,0.0,0.0
26430,0.0,0.0,0.0,0.0
26431,0.0,0.0,0.0,0.0
26432,0.0,0.0,0.0,0.0
26433,0.0,0.0,0.0,0.0
26434,0.0,0.0,0.0,0.0
26435,0.0,0.0,0.0,0.0
26436,0.0,0.0,0.0,0.0
26437,0.0,0.0,0.0,0.0
26438,0.0,0.0,0.0,0.0
26439,0.0,0.0,0.0,0.0
26440,0.0,0.0,0.0,0.0
26441,0.0,0.0,0.0,0.0
26442,0.0,0.0,0.0,0.0
26443,0.0,0.0,0.0,0.0
26444,0.0,0.0,0.0,0.0
26445,0.0,0.0,0.0,0.0
26446,0.0,0.0,0.0,0.0
26447,0.0,0.0,0.0,0.0
26448,0.0,0.0,0.0,0.0
26449,0.0,0.0,0.0,0.0
26450,0.0,0.0,0.0,0.0
26451,0.0,0.0,0.0,0.0
26452,0.0,0.0,0.0,0.0
26453,0.0,0.0,0.0,0.0
26454,0.0,0.0,0.0,0.0
26455,0.0,0.0,0.0,0.0
26456,0.0,0.0,0.0,0.0
26457,0.0,0.0,0.0,0.0
26458,0.0,0.0,0.0,0.0
26459,0.0,0.0,0.0,0.0
26460,0.0,0.0,0.0,0.0
26461,0.0,0.0,0.0,0.0
26462,0.0,0.0,0.0,0.0
26463,0.0,0.0,0.0,0.0
26464,0.0,0.0,0.0,0.0
26465,0.0,0.0,0.0,0.0
26466,0.0,0.0,0.0,0.0
26467,0.0,0.0,0.0,0.0
26468,0.0,0.0,0.0,0.0
26469,0.0,0.0,0.0,0.0
26470,0.0,0.0,0.0,0.0
26471,0.0,0.0,0.0,0.0
26472,0.0,0.0,0.0,0.0
26473,0.0,0.0,0.0,0.0
26474,0.0,0.0,0.0,0.0
26475,0.0,0.0,0.0,0.0
26476,0.0,0.0,0.0,0.0
26477,0.0,0.0,0.0,0.0
26478,0.0,0.0,0.0,0.0
26479,0.0,0.0,0.0,0.0
26480,0.0,0.0,0.0,0.0
26481,0.0,0.0,0.0,0.0
26482,0.0,0.0,0.0,0.0
26483,0.0,0.0,0.0,0.0
26484,0.0,0.0,0.0,0.0
26485,0.0,0.0,0.0,0.0
26486,0.0,0.0,0.0,0.0
26487,0.0,0.0,0.0,0.0
26488,0.0,0.0,0.0,0.0
26489,0.0,0.0,0.0,0.0
26490,0.0,0.0,0.0,0.0
26491,0.0,0.0,0.0,0.0
26492,0.0,0.0,0.0,0.0
26493,0.0,0.0,0.0,0.0
26494,0.0,0.0,0.0,0.0
26495,0.0,0.0,0.0,0.0
26496,0.0,0.0,0.0,0.0
26497,0.0,0.0,0.0,0.0
26498,0.0,0.0,0.0,0.0
26499,0.0,0.0,0.0,0.0
26500,0.0,0.0,0.0,0.0
26501,0.0,0.0,0.0,0.0
26502,0.0,0.0,0.0,0.0
26503,0.0,0.0,0.0,0.0
26504,0.0,0.0,0.0,0.0
26505,0.0,0.0,0.0,0.0
26506,0.0,0.0,0.0,0.0
26507,0.0,0.0,0.0,0.0
26508,0.0,0.0,0.0,0.0
26509,0.0,0.0,0.0,0.0
26510,0.0,0.0,0.0,0.0
26511,0.0,0.0,0.0,0.0
26512,0.0,0.0,0.0,0.0
26513,0.0,0.0,0.0,0.0
26514,0.0,0.0,0.0,0.0
26515,0.0,0.0,0.0,0.0
26516,0.0,0.0,0.0,0.0
26517,0.0,0.0,0.0,0.0
26518,0.0,0.0,0.0,0.0
26519,0.0,0.0,0.0,0.0
26520,0.0,0.0,0.0,0.0
26521,0.0,0.0,0.0,0.0
26522,0.0,0.0,0.0,0.0
26523,0.0,0.0,0.0,0.0
26524,0.0,0.0,0.0,0.0
26525,0.0,0.0,0.0,0.0
26526,0.0,0.0,0.0,0.0
26527,0.0,0.0,0.0,0.0
26528,0.0,0.0,0.0,0.0
26529,0.0,0.0,0.0,0.0
26530,0.0,0.0,0.0,0.0
26531,0.0,0.0,0.0,0.0
26532,0.0,0.0,0.0,0.0
26533,0.0,0.0,0.0,0.0
26534,0.0,0.0,0.0,0.0
26535,0.0,0.0,0.0,0.0
26536,0.0,0.0,0.0,0.0
26537,0.0,0.0,0.0,0.0
26538,0.0,0.0,0.0,0.0
26539,0.0,0.0,0.0,0.0
26540,0.0,0.0,0.0,0.0
26541,0.0,0.0,0.0,0.0
26542,0.0,0.0,0.0,0.0
26543,0.0,0.0,0.0,0.0
26544,0.0,0.0,0.0,0.0
26545,0.0,0.0,0.0,0.0
26546,0.0,0.0,0.0,0.0
26547,0.0,0.0,0.0,0.0
26548,0.0,0.0,0.0,0.0
26549,0.0,0.0,0.0,0.0
26550,0.0,0.0,0.0,0.0
26551,0.0,0.0,0.0,0.0
26552,0.0,0.0,0.0,0.0
26553,0.0,0.0,0.0,0.0
26554,0.0,0.0,0.0,0.0
26555,0.0,0.0,0.0,0.0
26556,0.0,0.0,0.0,0.0
26557,0.0,0.0,0.0,0.0
26558,0.0,0.0,0.0,0.0
26559,0.0,0.0,0.0,0.0
26560,0.0,0.0,0.0,0.0
26561,0.0,0.0,0.0,0.0
26562,0.0,0.0,0.0,0.0
26563,0.0,0.0,0.0,0.0
26564,0.0,0.0,0.0,0.0
26565,0.0,0.0,0.0,0.0
26566,0.0,0.0,0.0,0.0
26567,0.0,0.0,0.0,0.0
26568,0.0,0.0,0.0,0.0
26569,0.0,0.0,0.0,0.0
26570,0.0,0.0,0.0,0.0
26571,0.0,0.0,0.0,0.0
26572,0.0,0.0,0.0,0.0
26573,0.0,0.0,0.0,0.0
26574,0.0,0.0,0.0,0.0
26575,0.0,0.0,0.0,0.0
26576,0.0,0.0,0.0,0.0
26577,0.0,0.0,0.0,0.0
26578,0.0,0.0,0.0,0.0
26579,0.0,0.0,0.0,0.0
26580,0.0,0.0,0.0,0.0
26581,0.0,0.0,0.0,0.0
26582,0.0,0.0,0.0,0.0
26583,0.0,0.0,0.0,0.0
26584,0.0,0.0,0.0,0.0
26585,0.0,0.0,0.0,0.0
26586,0.0,0.0,0.0,0.0
26587,0.0,0.0,0.0,0.0
26588,0.0,0.0,0.0,0.0
26589,0.0,0.0,0.0,0.0
26590,0.0,0.0,0.0,0.0
26591,0.0,0.0,0.0,0.0
26592,0.0,0.0,0.0,0.0
26593,0.0,0.0,0.0,0.0
26594,0.0,0.0,0.0,0.0
26595,0.0,0.0,0.0,0.0
26596,0.0,0.0,0.0,0.0
26597,0.0,0.0,0.0,0.0
26598,0.0,0.0,0.0,0.0
26599,0.0,0.0,0.0,0.0
26600,0.0,0.0,0.0,0.0
26601,0.0,0.0,0.0,0.0
26602,0.0,0.0,0.0,0.0
26603,0.0,0.0,0.0,0.0
26604,0.0,0.0,0.0,0.0
26605,0.0,0.0,0.0,0.0
26606,0.0,0.0,0.0,0.0
26607,0.0,0.0,0.0,0.0
26608,0.0,0.0,0.0,0.0
26609,0.0,0.0,0.0,0.0
26610,0.0,0.0,0.0,0.0
26611,0.0,0.0,0.0,0.0
26612,0.0,0.0,0.0,0.0
26613,0.0,0.0,0.0,0.0
26614,0.0,0.0,0.0,0.0
26615,0.0,0.0,0.0,0.0
26616,0.0,0.0,0.0,0.0
26617,0.0,0.0,0.0,0.0
26618,0.0,0.0,0.0,0.0
26619,0.0,0.0,0.0,0.0
26620,0.0,0.0,0.0,0.0
26621,0.0,0.0,0.0,0.0
26622,0.0,0.0,0.0,0.0
26623,0.0,0.0,0.0,0.0
26624,0.0,0.0,0.0,0.0
26625,0.0,0.0,0.0,0.0
26626,0.0,0.0,0.0,0.0
26627,0.0,0.0,0.0,0.0
26628,0.0,0.0,0.0,0.0
26629,0.0,0.0,0.0,0.0
26630,0.0,0.0,0.0,0.0
26631,0.0,0.0,0.0,0.0
26632,0.0,0.0,0.0,0.0
26633,0.0,0.0,0.0,0.0
26634,0.0,0.0,0.0,0.0
26635,0.0,0.0,0.0,0.0
26636,0.0,0.0,0.0,0.0
26637,0.0,0.0,0.0,0.0
26638,0.0,0.0,0.0,0.0
26639,0.0,0.0,0.0,0.0
26640,0.0,0.0,0.0,0.0
26641,0.0,0.0,0.0,0.0
26642,0.0,0.0,0.0,0.0
26643,0.0,0.0,0.0,0.0
26644,0.0,0.0,0.0,0.0
26645,0.0,0.0,0.0,0.0
26646,0.0,0.0,0.0,0.0
26647,0.0,0.0,0.0,0.0
26648,0.0,0.0,0.0,0.0
26649,0.0,0.0,0.0,0.0
26650,0.0,0.0,0.0,0.0
26651,0.0,0.0,0.0,0.0
26652,0.0,0.0,0.0,0.0
26653,0.0,0.0,0.0,0.0
26654,0.0,0.0,0.0,0.0
26655,0.0,0.0,0.0,0.0
26656,0.0,0.0,0.0,0.0
26657,0.0,0.0,0.0,0.0
26658,0.0,0.0,0.0,0.0
26659,0.0,0.0,0.0,0.0
26660,0.0,0.0,0.0,0.0
26661,0.0,0.0,0.0,0.0
26662,0.0,0.0,0.0,0.0
26663,0.0,0.0,0.0,0.0
26664,0.0,0.0,0.0,0.0
26665,0.0,0.0,0.0,0.0
26666,0.0,0.0,0.0,0.0
26667,0.0,0.0,0.0,0.0
26668,0.0,0.0,0.0,0.0
26669,0.0,0.0,0.0,0.0
26670,0.0,0.0,0.0,0.0
26671,0.0,0.0,0.0,0.0
26672,0.0,0.0,0.0,0.0
26673,0.0,0.0,0.0,0.0
26674,0.0,0.0,0.0,0.0
26675,0.0,0.0,0.0,0.0
26676,0.0,0.0,0.0,0.0
26677,0.0,0.0,0.0,0.0
26678,0.0,0.0,0.0,0.0
26679,0.0,0.0,0.0,0.0
26680,0.0,0.0,0.0,0.0
26681,0.0,0.0,0.0,0.0
26682,0.0,0.0,0.0,0.0
26683,0.0,0.0,0.0,0.0
26684,0.0,0.0,0.0,0.0
26685,0.0,0.0,0.0,0.0
26686,0.0,0.0,0.0,0.0
26687,0.0,0.0,0.0,0.0
26688,0.0,0.0,0.0,0.0
26689,0.0,0.0,0.0,0.0
26690,0.0,0.0,0.0,0.0
26691,0.0,0.0,0.0,0.0
26692,0.0,0.0,0.0,0.0
26693,0.0,0.0,0.0,0.0
26694,0.0,0.0,0.0,0.0
26695,0.0,0.0,0.0,0.0
26696,0.0,0.0,0.0,0.0
26697,0.0,0.0,0.0,0.0
26698,0.0,0.0,0.0,0.0
26699,0.0,0.0,0.0,0.0
26700,0.0,0.0,0.0,0.0
26701,0.0,0.0,0.0,0.0
26702,0.0,0.0,0.0,0.0
26703,0.0,0.0,0.0,0.0
26704,0.0,0.0,0.0,0.0
26705,0.0,0.0,0.0,0.0
26706,0.0,0.0,0.0,0.0
26707,0.0,0.0,0.0,0.0
26708,0.0,0.0,0.0,0.0
26709,0.0,0.0,0.0,0.0
26710,0.0,0.0,0.0,0.0
26711,0.0,0.0,0.0,0.0
26712,0.0,0.0,0.0,0.0
26713,0.0,0.0,0.0,0.0
26714,0.0,0.0,0.0,0.0
26715,0.0,0.0,0.0,0.0
26716,0.0,0.0,0.0,0.0
26717,0.0,0.0,0.0,0.0
26718,0.0,0.0,0.0,0.0
26719,0.0,0.0,0.0,0.0
26720,0.0,0.0,0.0,0.0
26721,0.0,0.0,0.0,0.0
26722,0.0,0.0,0.0,0.0
26723,0.0,0.0,0.0,0.0
26724,0.0,0.0,0.0,0.0
26725,0.0,0.0,0.0,0.0
26726,0.0,0.0,0.0,0.0
26727,0.0,0.0,0.0,0.0
26728,0.0,0.0,0.0,0.0
26729,0.0,0.0,0.0,0.0
26730,0.0,0.0,0.0,0.0
26731,0.0,0.0,0.0,0.0
26732,0.0,0.0,0.0,0.0
26733,0.0,0.0,0.0,0.0
26734,0.0,0.0,0.0,0.0
26735,0.0,0.0,0.0,0.0
26736,0.0,0.0,0.0,0.0
26737,0.0,0.0,0.0,0.0
26738,0.0,0.0,0.0,0.0
26739,0.0,0.0,0.0,0.0
26740,0.0,0.0,0.0,0.0
26741,0.0,0.0,0.0,0.0
26742,0.0,0.0,0.0,0.0
26743,0.0,0.0,0.0,0.0
26744,0.0,0.0,0.0,0.0
26745,0.0,0.0,0.0,0.0
26746,0.0,0.0,0.0,0.0
26747,0.0,0.0,0.0,0.0
26748,0.0,0.0,0.0,0.0
26749,0.0,0.0,0.0,0.0
26750,0.0,0.0,0.0,0.0
26751,0.0,0.0,0.0,0.0
26752,0.0,0.0,0.0,0.0
26753,0.0,0.0,0.0,0.0
26754,0.0,0.0,0.0,0.0
26755,0.0,0.0,0.0,0.0
26756,0.0,0.0,0.0,0.0
26757,0.0,0.0,0.0,0.0
26758,0.0,0.0,0.0,0.0
26759,0.0,0.0,0.0,0.0
26760,0.0,0.0,0.0,0.0
26761,0.0,0.0,0.0,0.0
26762,0.0,0.0,0.0,0.0
26763,0.0,0.0,0.0,0.0
26764,0.0,0.0,0.0,0.0
26765,0.0,0.0,0.0,0.0
26766,0.0,0.0,0.0,0.0
26767,0.0,0.0,0.0,0.0
26768,0.0,0.0,0.0,0.0
26769,0.0,0.0,0.0,0.0
26770,0.0,0.0,0.0,0.0
26771,0.0,0.0,0.0,0.0
26772,0.0,0.0,0.0,0.0
26773,0.0,0.0,0.0,0.0
26774,0.0,0.0,0.0,0.0
26775,0.0,0.0,0.0,0.0
26776,0.0,0.0,0.0,0.0
26777,0.0,0.0,0.0,0.0
26778,0.0,0.0,0.0,0.0
26779,0.0,0.0,0.0,0.0
26780,0.0,0.0,0.0,0.0
26781,0.0,0.0,0.0,0.0
26782,0.0,0.0,0.0,0.0
26783,0.0,0.0,0.0,0.0
26784,0.0,0.0,0.0,0.0
26785,0.0,0.0,0.0,0.0
26786,0.0,0.0,0.0,0.0
26787,0.0,0.0,0.0,0.0
26788,0.0,0.0,0.0,0.0
26789,0.0,0.0,0.0,0.0
26790,0.0,0.0,0.0,0.0
26791,0.0,0.0,0.0,0.0
26792,0.0,0.0,0.0,0.0
26793,0.0,0.0,0.0,0.0
26794,0.0,0.0,0.0,0.0
26795,0.0,0.0,0.0,0.0
26796,0.0,0.0,0.0,0.0
26797,0.0,0.0,0.0,0.0
26798,0.0,0.0,0.0,0.0
26799,0.0,0.0,0.0,0.0
26800,0.0,0.0,0.0,0.0
26801,0.0,0.0,0.0,0.0
26802,0.0,0.0,0.0,0.0
26803,0.0,0.0,0.0,0.0
26804,0.0,0.0,0.0,0.0
26805,0.0,0.0,0.0,0.0
26806,0.0,0.0,0.0,0.0
26807,0.0,0.0,0.0,0.0
26808,0.0,0.0,0.0,0.0
26809,0.0,0.0,0.0,0.0
26810,0.0,0.0,0.0,0.0
26811,0.0,0.0,0.0,0.0
26812,0.0,0.0,0.0,0.0
26813,0.0,0.0,0.0,0.0
26814,0.0,0.0,0.0,0.0
26815,0.0,0.0,0.0,0.0
26816,0.0,0.0,0.0,0.0
26817,0.0,0.0,0.0,0.0
26818,0.0,0.0,0.0,0.0
26819,0.0,0.0,0.0,0.0
26820,0.0,0.0,0.0,0.0
26821,0.0,0.0,0.0,0.0
26822,0.0,0.0,0.0,0.0
26823,0.0,0.0,0.0,0.0
26824,0.0,0.0,0.0,0.0
26825,0.0,0.0,0.0,0.0
26826,0.0,0.0,0.0,0.0
26827,0.0,0.0,0.0,0.0
26828,0.0,0.0,0.0,0.0
26829,0.0,0.0,0.0,0.0
26830,0.0,0.0,0.0,0.0
26831,0.0,0.0,0.0,0.0
26832,0.0,0.0,0.0,0.0
26833,0.0,0.0,0.0,0.0
26834,0.0,0.0,0.0,0.0
26835,0.0,0.0,0.0,0.0
26836,0.0,0.0,0.0,0.0
26837,0.0,0.0,0.0,0.0
26838,0.0,0.0,0.0,0.0
26839,0.0,0.0,0.0,0.0
26840,0.0,0.0,0.0,0.0
26841,0.0,0.0,0.0,0.0
26842,0.0,0.0,0.0,0.0
26843,0.0,0.0,0.0,0.0
26844,0.0,0.0,0.0,0.0
26845,0.0,0.0,0.0,0.0
26846,0.0,0.0,0.0,0.0
26847,0.0,0.0,0.0,0.0
26848,0.0,0.0,0.0,0.0
26849,0.0,0.0,0.0,0.0
26850,0.0,0.0,0.0,0.0
26851,0.0,0.0,0.0,0.0
26852,0.0,0.0,0.0,0.0
26853,0.0,0.0,0.0,0.0
26854,0.0,0.0,0.0,0.0
26855,0.0,0.0,0.0,0.0
26856,0.0,0.0,0.0,0.0
26857,0.0,0.0,0.0,0.0
26858,0.0,0.0,0.0,0.0
26859,0.0,0.0,0.0,0.0
26860,0.0,0.0,0.0,0.0
26861,0.0,0.0,0.0,0.0
26862,0.0,0.0,0.0,0.0
26863,0.0,0.0,0.0,0.0
26864,0.0,0.0,0.0,0.0
26865,0.0,0.0,0.0,0.0
26866,0.0,0.0,0.0,0.0
26867,0.0,0.0,0.0,0.0
26868,0.0,0.0,0.0,0.0
26869,0.0,0.0,0.0,0.0
26870,0.0,0.0,0.0,0.0
26871,0.0,0.0,0.0,0.0
26872,0.0,0.0,0.0,0.0
26873,0.0,0.0,0.0,0.0
26874,0.0,0.0,0.0,0.0
26875,0.0,0.0,0.0,0.0
26876,0.0,0.0,0.0,0.0
26877,0.0,0.0,0.0,0.0
26878,0.0,0.0,0.0,0.0
26879,0.0,0.0,0.0,0.0
26880,0.0,0.0,0.0,0.0
26881,0.0,0.0,0.0,0.0
26882,0.0,0.0,0.0,0.0
26883,0.0,0.0,0.0,0.0
26884,0.0,0.0,0.0,0.0
26885,0.0,0.0,0.0,0.0
26886,0.0,0.0,0.0,0.0
26887,0.0,0.0,0.0,0.0
26888,0.0,0.0,0.0,0.0
26889,0.0,0.0,0.0,0.0
26890,0.0,0.0,0.0,0.0
26891,0.0,0.0,0.0,0.0
26892,0.0,0.0,0.0,0.0
26893,0.0,0.0,0.0,0.0
26894,0.0,0.0,0.0,0.0
26895,0.0,0.0,0.0,0.0
26896,0.0,0.0,0.0,0.0
26897,0.0,0.0,0.0,0.0
26898,0.0,0.0,0.0,0.0
26899,0.0,0.0,0.0,0.0
26900,0.0,0.0,0.0,0.0
26901,0.0,0.0,0.0,0.0
26902,0.0,0.0,0.0,0.0
26903,0.0,0.0,0.0,0.0
26904,0.0,0.0,0.0,0.0
26905,0.0,0.0,0.0,0.0
26906,0.0,0.0,0.0,0.0
26907,0.0,0.0,0.0,0.0
26908,0.0,0.0,0.0,0.0
26909,0.0,0.0,0.0,0.0
26910,0.0,0.0,0.0,0.0
26911,0.0,0.0,0.0,0.0
26912,0.0,0.0,0.0,0.0
26913,0.0,0.0,0.0,0.0
26914,0.0,0.0,0.0,0.0
26915,0.0,0.0,0.0,0.0
26916,0.0,0.0,0.0,0.0
26917,0.0,0.0,0.0,0.0
26918,0.0,0.0,0.0,0.0
26919,0.0,0.0,0.0,0.0
26920,0.0,0.0,0.0,0.0
26921,0.0,0.0,0.0,0.0
26922,0.0,0.0,0.0,0.0
26923,0.0,0.0,0.0,0.0
26924,0.0,0.0,0.0,0.0
26925,0.0,0.0,0.0,0.0
26926,0.0,0.0,0.0,0.0
26927,0.0,0.0,0.0,0.0
26928,0.0,0.0,0.0,0.0
26929,0.0,0.0,0.0,0.0
26930,0.0,0.0,0.0,0.0
26931,0.0,0.0,0.0,0.0
26932,0.0,0.0,0.0,0.0
26933,0.0,0.0,0.0,0.0
26934,0.0,0.0,0.0,0.0
26935,0.0,0.0,0.0,0.0
26936,0.0,0.0,0.0,0.0
26937,0.0,0.0,0.0,0.0
26938,0.0,0.0,0.0,0.0
26939,0.0,0.0,0.0,0.0
26940,0.0,0.0,0.0,0.0
26941,0.0,0.0,0.0,0.0
26942,0.0,0.0,0.0,0.0
26943,0.0,0.0,0.0,0.0
26944,0.0,0.0,0.0,0.0
26945,0.0,0.0,0.0,0.0
26946,0.0,0.0,0.0,0.0
26947,0.0,0.0,0.0,0.0
26948,0.0,0.0,0.0,0.0
26949,0.0,0.0,0.0,0.0
26950,0.0,0.0,0.0,0.0
26951,0.0,0.0,0.0,0.0
26952,0.0,0.0,0.0,0.0
26953,0.0,0.0,0.0,0.0
26954,0.0,0.0,0.0,0.0
26955,0.0,0.0,0.0,0.0
26956,0.0,0.0,0.0,0.0
26957,0.0,0.0,0.0,0.0
26958,0.0,0.0,0.0,0.0
26959,0.0,0.0,0.0,0.0
26960,0.0,0.0,0.0,0.0
26961,0.0,0.0,0.0,0.0
26962,0.0,0.0,0.0,0.0
26963,0.0,0.0,0.0,0.0
26964,0.0,0.0,0.0,0.0
26965,0.0,0.0,0.0,0.0
26966,0.0,0.0,0.0,0.0
26967,0.0,0.0,0.0,0.0
26968,0.0,0.0,0.0,0.0
26969,0.0,0.0,0.0,0.0
26970,0.0,0.0,0.0,0.0
26971,0.0,0.0,0.0,0.0
26972,0.0,0.0,0.0,0.0
26973,0.0,0.0,0.0,0.0
26974,0.0,0.0,0.0,0.0
26975,0.0,0.0,0.0,0.0
26976,0.0,0.0,0.0,0.0
26977,0.0,0.0,0.0,0.0
26978,0.0,0.0,0.0,0.0
26979,0.0,0.0,0.0,0.0
26980,0.0,0.0,0.0,0.0
26981,0.0,0.0,0.0,0.0
26982,0.0,0.0,0.0,0.0
26983,0.0,0.0,0.0,0.0
26984,0.0,0.0,0.0,0.0
26985,0.0,0.0,0.0,0.0
26986,0.0,0.0,0.0,0.0
26987,0.0,0.0,0.0,0.0
26988,0.0,0.0,0.0,0.0
26989,0.0,0.0,0.0,0.0
26990,0.0,0.0,0.0,0.0
26991,0.0,0.0,0.0,0.0
26992,0.0,0.0,0.0,0.0
26993,0.0,0.0,0.0,0.0
26994,0.0,0.0,0.0,0.0
26995,0.0,0.0,0.0,0.0
26996,0.0,0.0,0.0,0.0
26997,0.0,0.0,0.0,0.0
26998,0.0,0.0,0.0,0.0
26999,0.0,0.0,0.0,0.0
27000,0.0,0.0,0.0,0.0
27001,0.0,0.0,0.0,0.0
27002,0.0,0.0,0.0,0.0
27003,0.0,0.0,0.0,0.0
27004,0.0,0.0,0.0,0.0
27005,0.0,0.0,0.0,0.0
27006,0.0,0.0,0.0,0.0
27007,0.0,0.0,0.0,0.0
27008,0.0,0.0,0.0,0.0
27009,0.0,0.0,0.0,0.0
27010,0.0,0.0,0.0,0.0
27011,0.0,0.0,0.0,0.0
27012,0.0,0.0,0.0,0.0
27013,0.0,0.0,0.0,0.0
27014,0.0,0.0,0.0,0.0
27015,0.0,0.0,0.0,0.0
27016,0.0,0.0,0.0,0.0
27017,0.0,0.0,0.0,0.0
27018,0.0,0.0,0.0,0.0
27019,0.0,0.0,0.0,0.0
27020,0.0,0.0,0.0,0.0
27021,0.0,0.0,0.0,0.0
27022,0.0,0.0,0.0,0.0
27023,0.0,0.0,0.0,0.0
27024,0.0,0.0,0.0,0.0
27025,0.0,0.0,0.0,0.0
27026,0.0,0.0,0.0,0.0
27027,0.0,0.0,0.0,0.0
27028,0.0,0.0,0.0,0.0
27029,0.0,0.0,0.0,0.0
27030,0.0,0.0,0.0,0.0
27031,0.0,0.0,0.0,0.0
27032,0.0,0.0,0.0,0.0
27033,0.0,0.0,0.0,0.0
27034,0.0,0.0,0.0,0.0
27035,0.0,0.0,0.0,0.0
27036,0.0,0.0,0.0,0.0
27037,0.0,0.0,0.0,0.0
27038,0.0,0.0,0.0,0.0
27039,0.0,0.0,0.0,0.0
27040,0.0,0.0,0.0,0.0
27041,0.0,0.0,0.0,0.0
27042,0.0,0.0,0.0,0.0
27043,0.0,0.0,0.0,0.0
27044,0.0,0.0,0.0,0.0
27045,0.0,0.0,0.0,0.0
27046,0.0,0.0,0.0,0.0
27047,0.0,0.0,0.0,0.0
27048,0.0,0.0,0.0,0.0
27049,0.0,0.0,0.0,0.0
27050,0.0,0.0,0.0,0.0
27051,0.0,0.0,0.0,0.0
27052,0.0,0.0,0.0,0.0
27053,0.0,0.0,0.0,0.0
27054,0.0,0.0,0.0,0.0
27055,0.0,0.0,0.0,0.0
27056,0.0,0.0,0.0,0.0
27057,0.0,0.0,0.0,0.0
27058,0.0,0.0,0.0,0.0
27059,0.0,0.0,0.0,0.0
27060,0.0,0.0,0.0,0.0
27061,0.0,0.0,0.0,0.0
27062,0.0,0.0,0.0,0.0
27063,0.0,0.0,0.0,0.0
27064,0.0,0.0,0.0,0.0
27065,0.0,0.0,0.0,0.0
27066,0.0,0.0,0.0,0.0
27067,0.0,0.0,0.0,0.0
27068,0.0,0.0,0.0,0.0
27069,0.0,0.0,0.0,0.0
27070,0.0,0.0,0.0,0.0
27071,0.0,0.0,0.0,0.0
27072,0.0,0.0,0.0,0.0
27073,0.0,0.0,0.0,0.0
27074,0.0,0.0,0.0,0.0
27075,0.0,0.0,0.0,0.0
27076,0.0,0.0,0.0,0.0
27077,0.0,0.0,0.0,0.0
27078,0.0,0.0,0.0,0.0
27079,0.0,0.0,0.0,0.0
27080,0.0,0.0,0.0,0.0
27081,0.0,0.0,0.0,0.0
27082,0.0,0.0,0.0,0.0
27083,0.0,0.0,0.0,0.0
27084,0.0,0.0,0.0,0.0
27085,0.0,0.0,0.0,0.0
27086,0.0,0.0,0.0,0.0
27087,0.0,0.0,0.0,0.0
27088,0.0,0.0,0.0,0.0
27089,0.0,0.0,0.0,0.0
27090,0.0,0.0,0.0,0.0
27091,0.0,0.0,0.0,0.0
27092,0.0,0.0,0.0,0.0
27093,0.0,0.0,0.0,0.0
27094,0.0,0.0,0.0,0.0
27095,0.0,0.0,0.0,0.0
27096,0.0,0.0,0.0,0.0
27097,0.0,0.0,0.0,0.0
27098,0.0,0.0,0.0,0.0
27099,0.0,0.0,0.0,0.0
27100,0.0,0.0,0.0,0.0
27101,0.0,0.0,0.0,0.0
27102,0.0,0.0,0.0,0.0
27103,0.0,0.0,0.0,0.0
27104,0.0,0.0,0.0,0.0
27105,0.0,0.0,0.0,0.0
27106,0.0,0.0,0.0,0.0
27107,0.0,0.0,0.0,0.0
27108,0.0,0.0,0.0,0.0
27109,0.0,0.0,0.0,0.0
27110,0.0,0.0,0.0,0.0
27111,0.0,0.0,0.0,0.0
27112,0.0,0.0,0.0,0.0
27113,0.0,0.0,0.0,0.0
27114,0.0,0.0,0.0,0.0
27115,0.0,0.0,0.0,0.0
27116,0.0,0.0,0.0,0.0
27117,0.0,0.0,0.0,0.0
27118,0.0,0.0,0.0,0.0
27119,0.0,0.0,0.0,0.0
27120,0.0,0.0,0.0,0.0
27121,0.0,0.0,0.0,0.0
27122,0.0,0.0,0.0,0.0
27123,0.0,0.0,0.0,0.0
27124,0.0,0.0,0.0,0.0
27125,0.0,0.0,0.0,0.0
27126,0.0,0.0,0.0,0.0
27127,0.0,0.0,0.0,0.0
27128,0.0,0.0,0.0,0.0
27129,0.0,0.0,0.0,0.0
27130,0.0,0.0,0.0,0.0
27131,0.0,0.0,0.0,0.0
27132,0.0,0.0,0.0,0.0
27133,0.0,0.0,0.0,0.0
27134,0.0,0.0,0.0,0.0
27135,0.0,0.0,0.0,0.0
27136,0.0,0.0,0.0,0.0
27137,0.0,0.0,0.0,0.0
27138,0.0,0.0,0.0,0.0
27139,0.0,0.0,0.0,0.0
27140,0.0,0.0,0.0,0.0
27141,0.0,0.0,0.0,0.0
27142,0.0,0.0,0.0,0.0
27143,0.0,0.0,0.0,0.0
27144,0.0,0.0,0.0,0.0
27145,0.0,0.0,0.0,0.0
27146,0.0,0.0,0.0,0.0
27147,0.0,0.0,0.0,0.0
27148,0.0,0.0,0.0,0.0
27149,0.0,0.0,0.0,0.0
27150,0.0,0.0,0.0,0.0
27151,0.0,0.0,0.0,0.0
27152,0.0,0.0,0.0,0.0
27153,0.0,0.0,0.0,0.0
27154,0.0,0.0,0.0,0.0
27155,0.0,0.0,0.0,0.0
27156,0.0,0.0,0.0,0.0
27157,0.0,0.0,0.0,0.0
27158,0.0,0.0,0.0,0.0
27159,0.0,0.0,0.0,0.0
27160,0.0,0.0,0.0,0.0
27161,0.0,0.0,0.0,0.0
27162,0.0,0.0,0.0,0.0
27163,0.0,0.0,0.0,0.0
27164,0.0,0.0,0.0,0.0
27165,0.0,0.0,0.0,0.0
27166,0.0,0.0,0.0,0.0
27167,0.0,0.0,0.0,0.0
27168,0.0,0.0,0.0,0.0
27169,0.0,0.0,0.0,0.0
27170,0.0,0.0,0.0,0.0
27171,0.0,0.0,0.0,0.0
27172,0.0,0.0,0.0,0.0
27173,0.0,0.0,0.0,0.0
27174,0.0,0.0,0.0,0.0
27175,0.0,0.0,0.0,0.0
27176,0.0,0.0,0.0,0.0
27177,0.0,0.0,0.0,0.0
27178,0.0,0.0,0.0,0.0
27179,0.0,0.0,0.0,0.0
27180,0.0,0.0,0.0,0.0
27181,0.0,0.0,0.0,0.0
27182,0.0,0.0,0.0,0.0
27183,0.0,0.0,0.0,0.0
27184,0.0,0.0,0.0,0.0
27185,0.0,0.0,0.0,0.0
27186,0.0,0.0,0.0,0.0
27187,0.0,0.0,0.0,0.0
27188,0.0,0.0,0.0,0.0
27189,0.0,0.0,0.0,0.0
27190,0.0,0.0,0.0,0.0
27191,0.0,0.0,0.0,0.0
27192,0.0,0.0,0.0,0.0
27193,0.0,0.0,0.0,0.0
27194,0.0,0.0,0.0,0.0
27195,0.0,0.0,0.0,0.0
27196,0.0,0.0,0.0,0.0
27197,0.0,0.0,0.0,0.0
27198,0.0,0.0,0.0,0.0
27199,0.0,0.0,0.0,0.0
27200,0.0,0.0,0.0,0.0
27201,0.0,0.0,0.0,0.0
27202,0.0,0.0,0.0,0.0
27203,0.0,0.0,0.0,0.0
27204,0.0,0.0,0.0,0.0
27205,0.0,0.0,0.0,0.0
27206,0.0,0.0,0.0,0.0
27207,0.0,0.0,0.0,0.0
27208,0.0,0.0,0.0,0.0
27209,0.0,0.0,0.0,0.0
27210,0.0,0.0,0.0,0.0
27211,0.0,0.0,0.0,0.0
27212,0.0,0.0,0.0,0.0
27213,0.0,0.0,0.0,0.0
27214,0.0,0.0,0.0,0.0
27215,0.0,0.0,0.0,0.0
27216,0.0,0.0,0.0,0.0
27217,0.0,0.0,0.0,0.0
27218,0.0,0.0,0.0,0.0
27219,0.0,0.0,0.0,0.0
27220,0.0,0.0,0.0,0.0
27221,0.0,0.0,0.0,0.0
27222,0.0,0.0,0.0,0.0
27223,0.0,0.0,0.0,0.0
27224,0.0,0.0,0.0,0.0
27225,0.0,0.0,0.0,0.0
27226,0.0,0.0,0.0,0.0
27227,0.0,0.0,0.0,0.0
27228,0.0,0.0,0.0,0.0
27229,0.0,0.0,0.0,0.0
27230,0.0,0.0,0.0,0.0
27231,0.0,0.0,0.0,0.0
27232,0.0,0.0,0.0,0.0
27233,0.0,0.0,0.0,0.0
27234,0.0,0.0,0.0,0.0
27235,0.0,0.0,0.0,0.0
27236,0.0,0.0,0.0,0.0
27237,0.0,0.0,0.0,0.0
27238,0.0,0.0,0.0,0.0
27239,0.0,0.0,0.0,0.0
27240,0.0,0.0,0.0,0.0
27241,0.0,0.0,0.0,0.0
27242,0.0,0.0,0.0,0.0
27243,0.0,0.0,0.0,0.0
27244,0.0,0.0,0.0,0.0
27245,0.0,0.0,0.0,0.0
27246,0.0,0.0,0.0,0.0
27247,0.0,0.0,0.0,0.0
27248,0.0,0.0,0.0,0.0
27249,0.0,0.0,0.0,0.0
27250,0.0,0.0,0.0,0.0
27251,0.0,0.0,0.0,0.0
27252,0.0,0.0,0.0,0.0
27253,0.0,0.0,0.0,0.0
27254,0.0,0.0,0.0,0.0
27255,0.0,0.0,0.0,0.0
27256,0.0,0.0,0.0,0.0
27257,0.0,0.0,0.0,0.0
27258,0.0,0.0,0.0,0.0
27259,0.0,0.0,0.0,0.0
27260,0.0,0.0,0.0,0.0
27261,0.0,0.0,0.0,0.0
27262,0.0,0.0,0.0,0.0
27263,0.0,0.0,0.0,0.0
27264,0.0,0.0,0.0,0.0
27265,0.0,0.0,0.0,0.0
27266,0.0,0.0,0.0,0.0
27267,0.0,0.0,0.0,0.0
27268,0.0,0.0,0.0,0.0
27269,0.0,0.0,0.0,0.0
27270,0.0,0.0,0.0,0.0
27271,0.0,0.0,0.0,0.0
27272,0.0,0.0,0.0,0.0
27273,0.0,0.0,0.0,0.0
27274,0.0,0.0,0.0,0.0
27275,0.0,0.0,0.0,0.0
27276,0.0,0.0,0.0,0.0
27277,0.0,0.0,0.0,0.0
27278,0.0,0.0,0.0,0.0
27279,0.0,0.0,0.0,0.0
27280,0.0,0.0,0.0,0.0
27281,0.0,0.0,0.0,0.0
27282,0.0,0.0,0.0,0.0
27283,0.0,0.0,0.0,0.0
27284,0.0,0.0,0.0,0.0
27285,0.0,0.0,0.0,0.0
27286,0.0,0.0,0.0,0.0
27287,0.0,0.0,0.0,0.0
27288,0.0,0.0,0.0,0.0
27289,0.0,0.0,0.0,0.0
27290,0.0,0.0,0.0,0.0
27291,0.0,0.0,0.0,0.0
27292,0.0,0.0,0.0,0.0
27293,0.0,0.0,0.0,0.0
27294,0.0,0.0,0.0,0.0
27295,0.0,0.0,0.0,0.0
27296,0.0,0.0,0.0,0.0
27297,0.0,0.0,0.0,0.0
27298,0.0,0.0,0.0,0.0
27299,0.0,0.0,0.0,0.0
27300,0.0,0.0,0.0,0.0
27301,0.0,0.0,0.0,0.0
27302,0.0,0.0,0.0,0.0
27303,0.0,0.0,0.0,0.0
27304,0.0,0.0,0.0,0.0
27305,0.0,0.0,0.0,0.0
27306,0.0,0.0,0.0,0.0
27307,0.0,0.0,0.0,0.0
27308,0.0,0.0,0.0,0.0
27309,0.0,0.0,0.0,0.0
27310,0.0,0.0,0.0,0.0
27311,0.0,0.0,0.0,0.0
27312,0.0,0.0,0.0,0.0
27313,0.0,0.0,0.0,0.0
27314,0.0,0.0,0.0,0.0
27315,0.0,0.0,0.0,0.0
27316,0.0,0.0,0.0,0.0
27317,0.0,0.0,0.0,0.0
27318,0.0,0.0,0.0,0.0
27319,0.0,0.0,0.0,0.0
27320,0.0,0.0,0.0,0.0
27321,0.0,0.0,0.0,0.0
27322,0.0,0.0,0.0,0.0
27323,0.0,0.0,0.0,0.0
27324,0.0,0.0,0.0,0.0
27325,0.0,0.0,0.0,0.0
27326,0.0,0.0,0.0,0.0
27327,0.0,0.0,0.0,0.0
27328,0.0,0.0,0.0,0.0
27329,0.0,0.0,0.0,0.0
27330,0.0,0.0,0.0,0.0
27331,0.0,0.0,0.0,0.0
27332,0.0,0.0,0.0,0.0
27333,0.0,0.0,0.0,0.0
27334,0.0,0.0,0.0,0.0
27335,0.0,0.0,0.0,0.0
27336,0.0,0.0,0.0,0.0
27337,0.0,0.0,0.0,0.0
27338,0.0,0.0,0.0,0.0
27339,0.0,0.0,0.0,0.0
27340,0.0,0.0,0.0,0.0
27341,0.0,0.0,0.0,0.0
27342,0.0,0.0,0.0,0.0
27343,0.0,0.0,0.0,0.0
27344,0.0,0.0,0.0,0.0
27345,0.0,0.0,0.0,0.0
27346,0.0,0.0,0.0,0.0
27347,0.0,0.0,0.0,0.0
27348,0.0,0.0,0.0,0.0
27349,0.0,0.0,0.0,0.0
27350,0.0,0.0,0.0,0.0
27351,0.0,0.0,0.0,0.0
27352,0.0,0.0,0.0,0.0
27353,0.0,0.0,0.0,0.0
27354,0.0,0.0,0.0,0.0
27355,0.0,0.0,0.0,0.0
27356,0.0,0.0,0.0,0.0
27357,0.0,0.0,0.0,0.0
27358,0.0,0.0,0.0,0.0
27359,0.0,0.0,0.0,0.0
27360,0.0,0.0,0.0,0.0
27361,0.0,0.0,0.0,0.0
27362,0.0,0.0,0.0,0.0
27363,0.0,0.0,0.0,0.0
27364,0.0,0.0,0.0,0.0
27365,0.0,0.0,0.0,0.0
27366,0.0,0.0,0.0,0.0
27367,0.0,0.0,0.0,0.0
27368,0.0,0.0,0.0,0.0
27369,0.0,0.0,0.0,0.0
27370,0.0,0.0,0.0,0.0
27371,0.0,0.0,0.0,0.0
27372,0.0,0.0,0.0,0.0
27373,0.0,0.0,0.0,0.0
27374,0.0,0.0,0.0,0.0
27375,0.0,0.0,0.0,0.0
27376,0.0,0.0,0.0,0.0
27377,0.0,0.0,0.0,0.0
27378,0.0,0.0,0.0,0.0
27379,0.0,0.0,0.0,0.0
27380,0.0,0.0,0.0,0.0
27381,0.0,0.0,0.0,0.0
27382,0.0,0.0,0.0,0.0
27383,0.0,0.0,0.0,0.0
27384,0.0,0.0,0.0,0.0
27385,0.0,0.0,0.0,0.0
27386,0.0,0.0,0.0,0.0
27387,0.0,0.0,0.0,0.0
27388,0.0,0.0,0.0,0.0
27389,0.0,0.0,0.0,0.0
27390,0.0,0.0,0.0,0.0
27391,0.0,0.0,0.0,0.0
27392,0.0,0.0,0.0,0.0
27393,0.0,0.0,0.0,0.0
27394,0.0,0.0,0.0,0.0
27395,0.0,0.0,0.0,0.0
27396,0.0,0.0,0.0,0.0
27397,0.0,0.0,0.0,0.0
27398,0.0,0.0,0.0,0.0
27399,0.0,0.0,0.0,0.0
27400,0.0,0.0,0.0,0.0
27401,0.0,0.0,0.0,0.0
27402,0.0,0.0,0.0,0.0
27403,0.0,0.0,0.0,0.0
27404,0.0,0.0,0.0,0.0
27405,0.0,0.0,0.0,0.0
27406,0.0,0.0,0.0,0.0
27407,0.0,0.0,0.0,0.0
27408,0.0,0.0,0.0,0.0
27409,0.0,0.0,0.0,0.0
27410,0.0,0.0,0.0,0.0
27411,0.0,0.0,0.0,0.0
27412,0.0,0.0,0.0,0.0
27413,0.0,0.0,0.0,0.0
27414,0.0,0.0,0.0,0.0
27415,0.0,0.0,0.0,0.0
27416,0.0,0.0,0.0,0.0
27417,0.0,0.0,0.0,0.0
27418,0.0,0.0,0.0,0.0
27419,0.0,0.0,0.0,0.0
27420,0.0,0.0,0.0,0.0
27421,0.0,0.0,0.0,0.0
27422,0.0,0.0,0.0,0.0
27423,0.0,0.0,0.0,0.0
27424,0.0,0.0,0.0,0.0
27425,0.0,0.0,0.0,0.0
27426,0.0,0.0,0.0,0.0
27427,0.0,0.0,0.0,0.0
27428,0.0,0.0,0.0,0.0
27429,0.0,0.0,0.0,0.0
27430,0.0,0.0,0.0,0.0
27431,0.0,0.0,0.0,0.0
27432,0.0,0.0,0.0,0.0
27433,0.0,0.0,0.0,0.0
27434,0.0,0.0,0.0,0.0
27435,0.0,0.0,0.0,0.0
27436,0.0,0.0,0.0,0.0
27437,0.0,0.0,0.0,0.0
27438,0.0,0.0,0.0,0.0
27439,0.0,0.0,0.0,0.0
27440,0.0,0.0,0.0,0.0
27441,0.0,0.0,0.0,0.0
27442,0.0,0.0,0.0,0.0
27443,0.0,0.0,0.0,0.0
27444,0.0,0.0,0.0,0.0
27445,0.0,0.0,0.0,0.0
27446,0.0,0.0,0.0,0.0
27447,0.0,0.0,0.0,0.0
27448,0.0,0.0,0.0,0.0
27449,0.0,0.0,0.0,0.0
27450,0.0,0.0,0.0,0.0
27451,0.0,0.0,0.0,0.0
27452,0.0,0.0,0.0,0.0
27453,0.0,0.0,0.0,0.0
27454,0.0,0.0,0.0,0.0
27455,0.0,0.0,0.0,0.0
27456,0.0,0.0,0.0,0.0
27457,0.0,0.0,0.0,0.0
27458,0.0,0.0,0.0,0.0
27459,0.0,0.0,0.0,0.0
27460,0.0,0.0,0.0,0.0
27461,0.0,0.0,0.0,0.0
27462,0.0,0.0,0.0,0.0
27463,0.0,0.0,0.0,0.0
27464,0.0,0.0,0.0,0.0
27465,0.0,0.0,0.0,0.0
27466,0.0,0.0,0.0,0.0
27467,0.0,0.0,0.0,0.0
27468,0.0,0.0,0.0,0.0
27469,0.0,0.0,0.0,0.0
27470,0.0,0.0,0.0,0.0
27471,0.0,0.0,0.0,0.0
27472,0.0,0.0,0.0,0.0
27473,0.0,0.0,0.0,0.0
27474,0.0,0.0,0.0,0.0
27475,0.0,0.0,0.0,0.0
27476,0.0,0.0,0.0,0.0
27477,0.0,0.0,0.0,0.0
27478,0.0,0.0,0.0,0.0
27479,0.0,0.0,0.0,0.0
27480,0.0,0.0,0.0,0.0
27481,0.0,0.0,0.0,0.0
27482,0.0,0.0,0.0,0.0
27483,0.0,0.0,0.0,0.0
27484,0.0,0.0,0.0,0.0
27485,0.0,0.0,0.0,0.0
27486,0.0,0.0,0.0,0.0
27487,0.0,0.0,0.0,0.0
27488,0.0,0.0,0.0,0.0
27489,0.0,0.0,0.0,0.0
27490,0.0,0.0,0.0,0.0
27491,0.0,0.0,0.0,0.0
27492,0.0,0.0,0.0,0.0
27493,0.0,0.0,0.0,0.0
27494,0.0,0.0,0.0,0.0
27495,0.0,0.0,0.0,0.0
27496,0.0,0.0,0.0,0.0
27497,0.0,0.0,0.0,0.0
27498,0.0,0.0,0.0,0.0
27499,0.0,0.0,0.0,0.0
27500,0.0,0.0,0.0,0.0
27501,0.0,0.0,0.0,0.0
27502,0.0,0.0,0.0,0.0
27503,0.0,0.0,0.0,0.0
27504,0.0,0.0,0.0,0.0
27505,0.0,0.0,0.0,0.0
27506,0.0,0.0,0.0,0.0
27507,0.0,0.0,0.0,0.0
27508,0.0,0.0,0.0,0.0
27509,0.0,0.0,0.0,0.0
27510,0.0,0.0,0.0,0.0
27511,0.0,0.0,0.0,0.0
27512,0.0,0.0,0.0,0.0
27513,0.0,0.0,0.0,0.0
27514,0.0,0.0,0.0,0.0
27515,0.0,0.0,0.0,0.0
27516,0.0,0.0,0.0,0.0
27517,0.0,0.0,0.0,0.0
27518,0.0,0.0,0.0,0.0
27519,0.0,0.0,0.0,0.0
27520,0.0,0.0,0.0,0.0
27521,0.0,0.0,0.0,0.0
27522,0.0,0.0,0.0,0.0
27523,0.0,0.0,0.0,0.0
27524,0.0,0.0,0.0,0.0
27525,0.0,0.0,0.0,0.0
27526,0.0,0.0,0.0,0.0
27527,0.0,0.0,0.0,0.0
27528,0.0,0.0,0.0,0.0
27529,0.0,0.0,0.0,0.0
27530,0.0,0.0,0.0,0.0
27531,0.0,0.0,0.0,0.0
27532,0.0,0.0,0.0,0.0
27533,0.0,0.0,0.0,0.0
27534,0.0,0.0,0.0,0.0
27535,0.0,0.0,0.0,0.0
27536,0.0,0.0,0.0,0.0
27537,0.0,0.0,0.0,0.0
27538,0.0,0.0,0.0,0.0
27539,0.0,0.0,0.0,0.0
27540,0.0,0.0,0.0,0.0
27541,0.0,0.0,0.0,0.0
27542,0.0,0.0,0.0,0.0
27543,0.0,0.0,0.0,0.0
27544,0.0,0.0,0.0,0.0
27545,0.0,0.0,0.0,0.0
27546,0.0,0.0,0.0,0.0
27547,0.0,0.0,0.0,0.0
27548,0.0,0.0,0.0,0.0
27549,0.0,0.0,0.0,0.0
27550,0.0,0.0,0.0,0.0
27551,0.0,0.0,0.0,0.0
27552,0.0,0.0,0.0,0.0
27553,0.0,0.0,0.0,0.0
27554,0.0,0.0,0.0,0.0
27555,0.0,0.0,0.0,0.0
27556,0.0,0.0,0.0,0.0
27557,0.0,0.0,0.0,0.0
27558,0.0,0.0,0.0,0.0
27559,0.0,0.0,0.0,0.0
27560,0.0,0.0,0.0,0.0
27561,0.0,0.0,0.0,0.0
27562,0.0,0.0,0.0,0.0
27563,0.0,0.0,0.0,0.0
27564,0.0,0.0,0.0,0.0
27565,0.0,0.0,0.0,0.0
27566,0.0,0.0,0.0,0.0
27567,0.0,0.0,0.0,0.0
27568,0.0,0.0,0.0,0.0
27569,0.0,0.0,0.0,0.0
27570,0.0,0.0,0.0,0.0
27571,0.0,0.0,0.0,0.0
27572,0.0,0.0,0.0,0.0
27573,0.0,0.0,0.0,0.0
27574,0.0,0.0,0.0,0.0
27575,0.0,0.0,0.0,0.0
27576,0.0,0.0,0.0,0.0
27577,0.0,0.0,0.0,0.0
27578,0.0,0.0,0.0,0.0
27579,0.0,0.0,0.0,0.0
27580,0.0,0.0,0.0,0.0
27581,0.0,0.0,0.0,0.0
27582,0.0,0.0,0.0,0.0
27583,0.0,0.0,0.0,0.0
27584,0.0,0.0,0.0,0.0
27585,0.0,0.0,0.0,0.0
27586,0.0,0.0,0.0,0.0
27587,0.0,0.0,0.0,0.0
27588,0.0,0.0,0.0,0.0
27589,0.0,0.0,0.0,0.0
27590,0.0,0.0,0.0,0.0
27591,0.0,0.0,0.0,0.0
27592,0.0,0.0,0.0,0.0
27593,0.0,0.0,0.0,0.0
27594,0.0,0.0,0.0,0.0
27595,0.0,0.0,0.0,0.0
27596,0.0,0.0,0.0,0.0
27597,0.0,0.0,0.0,0.0
27598,0.0,0.0,0.0,0.0
27599,0.0,0.0,0.0,0.0
27600,0.0,0.0,0.0,0.0
27601,0.0,0.0,0.0,0.0
27602,0.0,0.0,0.0,0.0
27603,0.0,0.0,0.0,0.0
27604,0.0,0.0,0.0,0.0
27605,0.0,0.0,0.0,0.0
27606,0.0,0.0,0.0,0.0
27607,0.0,0.0,0.0,0.0
27608,0.0,0.0,0.0,0.0
27609,0.0,0.0,0.0,0.0
27610,0.0,0.0,0.0,0.0
27611,0.0,0.0,0.0,0.0
27612,0.0,0.0,0.0,0.0
27613,0.0,0.0,0.0,0.0
27614,0.0,0.0,0.0,0.0
27615,0.0,0.0,0.0,0.0
27616,0.0,0.0,0.0,0.0
27617,0.0,0.0,0.0,0.0
27618,0.0,0.0,0.0,0.0
27619,0.0,0.0,0.0,0.0
27620,0.0,0.0,0.0,0.0
27621,0.0,0.0,0.0,0.0
27622,0.0,0.0,0.0,0.0
27623,0.0,0.0,0.0,0.0
27624,0.0,0.0,0.0,0.0
27625,0.0,0.0,0.0,0.0
27626,0.0,0.0,0.0,0.0
27627,0.0,0.0,0.0,0.0
27628,0.0,0.0,0.0,0.0
27629,0.0,0.0,0.0,0.0
27630,0.0,0.0,0.0,0.0
27631,0.0,0.0,0.0,0.0
27632,0.0,0.0,0.0,0.0
27633,0.0,0.0,0.0,0.0
27634,0.0,0.0,0.0,0.0
27635,0.0,0.0,0.0,0.0
27636,0.0,0.0,0.0,0.0
27637,0.0,0.0,0.0,0.0
27638,0.0,0.0,0.0,0.0
27639,0.0,0.0,0.0,0.0
27640,0.0,0.0,0.0,0.0
27641,0.0,0.0,0.0,0.0
27642,0.0,0.0,0.0,0.0
27643,0.0,0.0,0.0,0.0
27644,0.0,0.0,0.0,0.0
27645,0.0,0.0,0.0,0.0
27646,0.0,0.0,0.0,0.0
27647,0.0,0.0,0.0,0.0
27648,0.0,0.0,0.0,0.0
27649,0.0,0.0,0.0,0.0
27650,0.0,0.0,0.0,0.0
27651,0.0,0.0,0.0,0.0
27652,0.0,0.0,0.0,0.0
27653,0.0,0.0,0.0,0.0
27654,0.0,0.0,0.0,0.0
27655,0.0,0.0,0.0,0.0
27656,0.0,0.0,0.0,0.0
27657,0.0,0.0,0.0,0.0
27658,0.0,0.0,0.0,0.0
27659,0.0,0.0,0.0,0.0
27660,0.0,0.0,0.0,0.0
27661,0.0,0.0,0.0,0.0
27662,0.0,0.0,0.0,0.0
27663,0.0,0.0,0.0,0.0
27664,0.0,0.0,0.0,0.0
27665,0.0,0.0,0.0,0.0
27666,0.0,0.0,0.0,0.0
27667,0.0,0.0,0.0,0.0
27668,0.0,0.0,0.0,0.0
27669,0.0,0.0,0.0,0.0
27670,0.0,0.0,0.0,0.0
27671,0.0,0.0,0.0,0.0
27672,0.0,0.0,0.0,0.0
27673,0.0,0.0,0.0,0.0
27674,0.0,0.0,0.0,0.0
27675,0.0,0.0,0.0,0.0
27676,0.0,0.0,0.0,0.0
27677,0.0,0.0,0.0,0.0
27678,0.0,0.0,0.0,0.0
27679,0.0,0.0,0.0,0.0
27680,0.0,0.0,0.0,0.0
27681,0.0,0.0,0.0,0.0
27682,0.0,0.0,0.0,0.0
27683,0.0,0.0,0.0,0.0
27684,0.0,0.0,0.0,0.0
27685,0.0,0.0,0.0,0.0
27686,0.0,0.0,0.0,0.0
27687,0.0,0.0,0.0,0.0
27688,0.0,0.0,0.0,0.0
27689,0.0,0.0,0.0,0.0
27690,0.0,0.0,0.0,0.0
27691,0.0,0.0,0.0,0.0
27692,0.0,0.0,0.0,0.0
27693,0.0,0.0,0.0,0.0
27694,0.0,0.0,0.0,0.0
27695,0.0,0.0,0.0,0.0
27696,0.0,0.0,0.0,0.0
27697,0.0,0.0,0.0,0.0
27698,0.0,0.0,0.0,0.0
27699,0.0,0.0,0.0,0.0
27700,0.0,0.0,0.0,0.0
27701,0.0,0.0,0.0,0.0
27702,0.0,0.0,0.0,0.0
27703,0.0,0.0,0.0,0.0
27704,0.0,0.0,0.0,0.0
27705,0.0,0.0,0.0,0.0
27706,0.0,0.0,0.0,0.0
27707,0.0,0.0,0.0,0.0
27708,0.0,0.0,0.0,0.0
27709,0.0,0.0,0.0,0.0
27710,0.0,0.0,0.0,0.0
27711,0.0,0.0,0.0,0.0
27712,0.0,0.0,0.0,0.0
27713,0.0,0.0,0.0,0.0
27714,0.0,0.0,0.0,0.0
27715,0.0,0.0,0.0,0.0
27716,0.0,0.0,0.0,0.0
27717,0.0,0.0,0.0,0.0
27718,0.0,0.0,0.0,0.0
27719,0.0,0.0,0.0,0.0
27720,0.0,0.0,0.0,0.0
27721,0.0,0.0,0.0,0.0
27722,0.0,0.0,0.0,0.0
27723,0.0,0.0,0.0,0.0
27724,0.0,0.0,0.0,0.0
27725,0.0,0.0,0.0,0.0
27726,0.0,0.0,0.0,0.0
27727,0.0,0.0,0.0,0.0
27728,0.0,0.0,0.0,0.0
27729,0.0,0.0,0.0,0.0
27730,0.0,0.0,0.0,0.0
27731,0.0,0.0,0.0,0.0
27732,0.0,0.0,0.0,0.0
27733,0.0,0.0,0.0,0.0
27734,0.0,0.0,0.0,0.0
27735,0.0,0.0,0.0,0.0
27736,0.0,0.0,0.0,0.0
27737,0.0,0.0,0.0,0.0
27738,0.0,0.0,0.0,0.0
27739,0.0,0.0,0.0,0.0
27740,0.0,0.0,0.0,0.0
27741,0.0,0.0,0.0,0.0
27742,0.0,0.0,0.0,0.0
27743,0.0,0.0,0.0,0.0
27744,0.0,0.0,0.0,0.0
27745,0.0,0.0,0.0,0.0
27746,0.0,0.0,0.0,0.0
27747,0.0,0.0,0.0,0.0
27748,0.0,0.0,0.0,0.0
27749,0.0,0.0,0.0,0.0
27750,0.0,0.0,0.0,0.0
27751,0.0,0.0,0.0,0.0
27752,0.0,0.0,0.0,0.0
27753,0.0,0.0,0.0,0.0
27754,0.0,0.0,0.0,0.0
27755,0.0,0.0,0.0,0.0
27756,0.0,0.0,0.0,0.0
27757,0.0,0.0,0.0,0.0
27758,0.0,0.0,0.0,0.0
27759,0.0,0.0,0.0,0.0
27760,0.0,0.0,0.0,0.0
27761,0.0,0.0,0.0,0.0
27762,0.0,0.0,0.0,0.0
27763,0.0,0.0,0.0,0.0
27764,0.0,0.0,0.0,0.0
27765,0.0,0.0,0.0,0.0
27766,0.0,0.0,0.0,0.0
27767,0.0,0.0,0.0,0.0
27768,0.0,0.0,0.0,0.0
27769,0.0,0.0,0.0,0.0
27770,0.0,0.0,0.0,0.0
27771,0.0,0.0,0.0,0.0
27772,0.0,0.0,0.0,0.0
27773,0.0,0.0,0.0,0.0
27774,0.0,0.0,0.0,0.0
27775,0.0,0.0,0.0,0.0
27776,0.0,0.0,0.0,0.0
27777,0.0,0.0,0.0,0.0
27778,0.0,0.0,0.0,0.0
27779,0.0,0.0,0.0,0.0
27780,0.0,0.0,0.0,0.0
27781,0.0,0.0,0.0,0.0
27782,0.0,0.0,0.0,0.0
27783,0.0,0.0,0.0,0.0
27784,0.0,0.0,0.0,0.0
27785,0.0,0.0,0.0,0.0
27786,0.0,0.0,0.0,0.0
27787,0.0,0.0,0.0,0.0
27788,0.0,0.0,0.0,0.0
27789,0.0,0.0,0.0,0.0
27790,0.0,0.0,0.0,0.0
27791,0.0,0.0,0.0,0.0
27792,0.0,0.0,0.0,0.0
27793,0.0,0.0,0.0,0.0
27794,0.0,0.0,0.0,0.0
27795,0.0,0.0,0.0,0.0
27796,0.0,0.0,0.0,0.0
27797,0.0,0.0,0.0,0.0
27798,0.0,0.0,0.0,0.0
27799,0.0,0.0,0.0,0.0
27800,0.0,0.0,0.0,0.0
27801,0.0,0.0,0.0,0.0
27802,0.0,0.0,0.0,0.0
27803,0.0,0.0,0.0,0.0
27804,0.0,0.0,0.0,0.0
27805,0.0,0.0,0.0,0.0
27806,0.0,0.0,0.0,0.0
27807,0.0,0.0,0.0,0.0
27808,0.0,0.0,0.0,0.0
27809,0.0,0.0,0.0,0.0
27810,0.0,0.0,0.0,0.0
27811,0.0,0.0,0.0,0.0
27812,0.0,0.0,0.0,0.0
27813,0.0,0.0,0.0,0.0
27814,0.0,0.0,0.0,0.0
27815,0.0,0.0,0.0,0.0
27816,0.0,0.0,0.0,0.0
27817,0.0,0.0,0.0,0.0
27818,0.0,0.0,0.0,0.0
27819,0.0,0.0,0.0,0.0
27820,0.0,0.0,0.0,0.0
27821,0.0,0.0,0.0,0.0
27822,0.0,0.0,0.0,0.0
27823,0.0,0.0,0.0,0.0
27824,0.0,0.0,0.0,0.0
27825,0.0,0.0,0.0,0.0
27826,0.0,0.0,0.0,0.0
27827,0.0,0.0,0.0,0.0
27828,0.0,0.0,0.0,0.0
27829,0.0,0.0,0.0,0.0
27830,0.0,0.0,0.0,0.0
27831,0.0,0.0,0.0,0.0
27832,0.0,0.0,0.0,0.0
27833,0.0,0.0,0.0,0.0
27834,0.0,0.0,0.0,0.0
27835,0.0,0.0,0.0,0.0
27836,0.0,0.0,0.0,0.0
27837,0.0,0.0,0.0,0.0
27838,0.0,0.0,0.0,0.0
27839,0.0,0.0,0.0,0.0
27840,0.0,0.0,0.0,0.0
27841,0.0,0.0,0.0,0.0
27842,0.0,0.0,0.0,0.0
27843,0.0,0.0,0.0,0.0
27844,0.0,0.0,0.0,0.0
27845,0.0,0.0,0.0,0.0
27846,0.0,0.0,0.0,0.0
27847,0.0,0.0,0.0,0.0
27848,0.0,0.0,0.0,0.0
27849,0.0,0.0,0.0,0.0
27850,0.0,0.0,0.0,0.0
27851,0.0,0.0,0.0,0.0
27852,0.0,0.0,0.0,0.0
27853,0.0,0.0,0.0,0.0
27854,0.0,0.0,0.0,0.0
27855,0.0,0.0,0.0,0.0
27856,0.0,0.0,0.0,0.0
27857,0.0,0.0,0.0,0.0
27858,0.0,0.0,0.0,0.0
27859,0.0,0.0,0.0,0.0
27860,0.0,0.0,0.0,0.0
27861,0.0,0.0,0.0,0.0
27862,0.0,0.0,0.0,0.0
27863,0.0,0.0,0.0,0.0
27864,0.0,0.0,0.0,0.0
27865,0.0,0.0,0.0,0.0
27866,0.0,0.0,0.0,0.0
27867,0.0,0.0,0.0,0.0
27868,0.0,0.0,0.0,0.0
27869,0.0,0.0,0.0,0.0
27870,0.0,0.0,0.0,0.0
27871,0.0,0.0,0.0,0.0
27872,0.0,0.0,0.0,0.0
27873,0.0,0.0,0.0,0.0
27874,0.0,0.0,0.0,0.0
27875,0.0,0.0,0.0,0.0
27876,0.0,0.0,0.0,0.0
27877,0.0,0.0,0.0,0.0
27878,0.0,0.0,0.0,0.0
27879,0.0,0.0,0.0,0.0
27880,0.0,0.0,0.0,0.0
27881,0.0,0.0,0.0,0.0
27882,0.0,0.0,0.0,0.0
27883,0.0,0.0,0.0,0.0
27884,0.0,0.0,0.0,0.0
27885,0.0,0.0,0.0,0.0
27886,0.0,0.0,0.0,0.0
27887,0.0,0.0,0.0,0.0
27888,0.0,0.0,0.0,0.0
27889,0.0,0.0,0.0,0.0
27890,0.0,0.0,0.0,0.0
27891,0.0,0.0,0.0,0.0
27892,0.0,0.0,0.0,0.0
27893,0.0,0.0,0.0,0.0
27894,0.0,0.0,0.0,0.0
27895,0.0,0.0,0.0,0.0
27896,0.0,0.0,0.0,0.0
27897,0.0,0.0,0.0,0.0
27898,0.0,0.0,0.0,0.0
27899,0.0,0.0,0.0,0.0
27900,0.0,0.0,0.0,0.0
27901,0.0,0.0,0.0,0.0
27902,0.0,0.0,0.0,0.0
27903,0.0,0.0,0.0,0.0
27904,0.0,0.0,0.0,0.0
27905,0.0,0.0,0.0,0.0
27906,0.0,0.0,0.0,0.0
27907,0.0,0.0,0.0,0.0
27908,0.0,0.0,0.0,0.0
27909,0.0,0.0,0.0,0.0
27910,0.0,0.0,0.0,0.0
27911,0.0,0.0,0.0,0.0
27912,0.0,0.0,0.0,0.0
27913,0.0,0.0,0.0,0.0
27914,0.0,0.0,0.0,0.0
27915,0.0,0.0,0.0,0.0
27916,0.0,0.0,0.0,0.0
27917,0.0,0.0,0.0,0.0
27918,0.0,0.0,0.0,0.0
27919,0.0,0.0,0.0,0.0
27920,0.0,0.0,0.0,0.0
27921,0.0,0.0,0.0,0.0
27922,0.0,0.0,0.0,0.0
27923,0.0,0.0,0.0,0.0
27924,0.0,0.0,0.0,0.0
27925,0.0,0.0,0.0,0.0
27926,0.0,0.0,0.0,0.0
27927,0.0,0.0,0.0,0.0
27928,0.0,0.0,0.0,0.0
27929,0.0,0.0,0.0,0.0
27930,0.0,0.0,0.0,0.0
27931,0.0,0.0,0.0,0.0
27932,0.0,0.0,0.0,0.0
27933,0.0,0.0,0.0,0.0
27934,0.0,0.0,0.0,0.0
27935,0.0,0.0,0.0,0.0
27936,0.0,0.0,0.0,0.0
27937,0.0,0.0,0.0,0.0
27938,0.0,0.0,0.0,0.0
27939,0.0,0.0,0.0,0.0
27940,0.0,0.0,0.0,0.0
27941,0.0,0.0,0.0,0.0
27942,0.0,0.0,0.0,0.0
27943,0.0,0.0,0.0,0.0
27944,0.0,0.0,0.0,0.0
27945,0.0,0.0,0.0,0.0
27946,0.0,0.0,0.0,0.0
27947,0.0,0.0,0.0,0.0
27948,0.0,0.0,0.0,0.0
27949,0.0,0.0,0.0,0.0
27950,0.0,0.0,0.0,0.0
27951,0.0,0.0,0.0,0.0
27952,0.0,0.0,0.0,0.0
27953,0.0,0.0,0.0,0.0
27954,0.0,0.0,0.0,0.0
27955,0.0,0.0,0.0,0.0
27956,0.0,0.0,0.0,0.0
27957,0.0,0.0,0.0,0.0
27958,0.0,0.0,0.0,0.0
27959,0.0,0.0,0.0,0.0
27960,0.0,0.0,0.0,0.0
27961,0.0,0.0,0.0,0.0
27962,0.0,0.0,0.0,0.0
27963,0.0,0.0,0.0,0.0
27964,0.0,0.0,0.0,0.0
27965,0.0,0.0,0.0,0.0
27966,0.0,0.0,0.0,0.0
27967,0.0,0.0,0.0,0.0
27968,0.0,0.0,0.0,0.0
27969,0.0,0.0,0.0,0.0
27970,0.0,0.0,0.0,0.0
27971,0.0,0.0,0.0,0.0
27972,0.0,0.0,0.0,0.0
27973,0.0,0.0,0.0,0.0
27974,0.0,0.0,0.0,0.0
27975,0.0,0.0,0.0,0.0
27976,0.0,0.0,0.0,0.0
27977,0.0,0.0,0.0,0.0
27978,0.0,0.0,0.0,0.0
27979,0.0,0.0,0.0,0.0
27980,0.0,0.0,0.0,0.0
27981,0.0,0.0,0.0,0.0
27982,0.0,0.0,0.0,0.0
27983,0.0,0.0,0.0,0.0
27984,0.0,0.0,0.0,0.0
27985,0.0,0.0,0.0,0.0
27986,0.0,0.0,0.0,0.0
27987,0.0,0.0,0.0,0.0
27988,0.0,0.0,0.0,0.0
27989,0.0,0.0,0.0,0.0
27990,0.0,0.0,0.0,0.0
27991,0.0,0.0,0.0,0.0
27992,0.0,0.0,0.0,0.0
27993,0.0,0.0,0.0,0.0
27994,0.0,0.0,0.0,0.0
27995,0.0,0.0,0.0,0.0
27996,0.0,0.0,0.0,0.0
27997,0.0,0.0,0.0,0.0
27998,0.0,0.0,0.0,0.0
27999,0.0,0.0,0.0,0.0
28000,0.0,0.0,0.0,0.0
28001,0.0,0.0,0.0,0.0
28002,0.0,0.0,0.0,0.0
28003,0.0,0.0,0.0,0.0
28004,0.0,0.0,0.0,0.0
28005,0.0,0.0,0.0,0.0
28006,0.0,0.0,0.0,0.0
28007,0.0,0.0,0.0,0.0
28008,0.0,0.0,0.0,0.0
28009,0.0,0.0,0.0,0.0
28010,0.0,0.0,0.0,0.0
28011,0.0,0.0,0.0,0.0
28012,0.0,0.0,0.0,0.0
28013,0.0,0.0,0.0,0.0
28014,0.0,0.0,0.0,0.0
28015,0.0,0.0,0.0,0.0
28016,0.0,0.0,0.0,0.0
28017,0.0,0.0,0.0,0.0
28018,0.0,0.0,0.0,0.0
28019,0.0,0.0,0.0,0.0
28020,0.0,0.0,0.0,0.0
28021,0.0,0.0,0.0,0.0
28022,0.0,0.0,0.0,0.0
28023,0.0,0.0,0.0,0.0
28024,0.0,0.0,0.0,0.0
28025,0.0,0.0,0.0,0.0
28026,0.0,0.0,0.0,0.0
28027,0.0,0.0,0.0,0.0
28028,0.0,0.0,0.0,0.0
28029,0.0,0.0,0.0,0.0
28030,0.0,0.0,0.0,0.0
28031,0.0,0.0,0.0,0.0
28032,0.0,0.0,0.0,0.0
28033,0.0,0.0,0.0,0.0
28034,0.0,0.0,0.0,0.0
28035,0.0,0.0,0.0,0.0
28036,0.0,0.0,0.0,0.0
28037,0.0,0.0,0.0,0.0
28038,0.0,0.0,0.0,0.0
28039,0.0,0.0,0.0,0.0
28040,0.0,0.0,0.0,0.0
28041,0.0,0.0,0.0,0.0
28042,0.0,0.0,0.0,0.0
28043,0.0,0.0,0.0,0.0
28044,0.0,0.0,0.0,0.0
28045,0.0,0.0,0.0,0.0
28046,0.0,0.0,0.0,0.0
28047,0.0,0.0,0.0,0.0
28048,0.0,0.0,0.0,0.0
28049,0.0,0.0,0.0,0.0
28050,0.0,0.0,0.0,0.0
28051,0.0,0.0,0.0,0.0
28052,0.0,0.0,0.0,0.0
28053,0.0,0.0,0.0,0.0
28054,0.0,0.0,0.0,0.0
28055,0.0,0.0,0.0,0.0
28056,0.0,0.0,0.0,0.0
28057,0.0,0.0,0.0,0.0
28058,0.0,0.0,0.0,0.0
28059,0.0,0.0,0.0,0.0
28060,0.0,0.0,0.0,0.0
28061,0.0,0.0,0.0,0.0
28062,0.0,0.0,0.0,0.0
28063,0.0,0.0,0.0,0.0
28064,0.0,0.0,0.0,0.0
28065,0.0,0.0,0.0,0.0
28066,0.0,0.0,0.0,0.0
28067,0.0,0.0,0.0,0.0
28068,0.0,0.0,0.0,0.0
28069,0.0,0.0,0.0,0.0
28070,0.0,0.0,0.0,0.0
28071,0.0,0.0,0.0,0.0
28072,0.0,0.0,0.0,0.0
28073,0.0,0.0,0.0,0.0
28074,0.0,0.0,0.0,0.0
28075,0.0,0.0,0.0,0.0
28076,0.0,0.0,0.0,0.0
28077,0.0,0.0,0.0,0.0
28078,0.0,0.0,0.0,0.0
28079,0.0,0.0,0.0,0.0
28080,0.0,0.0,0.0,0.0
28081,0.0,0.0,0.0,0.0
28082,0.0,0.0,0.0,0.0
28083,0.0,0.0,0.0,0.0
28084,0.0,0.0,0.0,0.0
28085,0.0,0.0,0.0,0.0
28086,0.0,0.0,0.0,0.0
28087,0.0,0.0,0.0,0.0
28088,0.0,0.0,0.0,0.0
28089,0.0,0.0,0.0,0.0
28090,0.0,0.0,0.0,0.0
28091,0.0,0.0,0.0,0.0
28092,0.0,0.0,0.0,0.0
28093,0.0,0.0,0.0,0.0
28094,0.0,0.0,0.0,0.0
28095,0.0,0.0,0.0,0.0
28096,0.0,0.0,0.0,0.0
28097,0.0,0.0,0.0,0.0
28098,0.0,0.0,0.0,0.0
28099,0.0,0.0,0.0,0.0
28100,0.0,0.0,0.0,0.0
28101,0.0,0.0,0.0,0.0
28102,0.0,0.0,0.0,0.0
28103,0.0,0.0,0.0,0.0
28104,0.0,0.0,0.0,0.0
28105,0.0,0.0,0.0,0.0
28106,0.0,0.0,0.0,0.0
28107,0.0,0.0,0.0,0.0
28108,0.0,0.0,0.0,0.0
28109,0.0,0.0,0.0,0.0
28110,0.0,0.0,0.0,0.0
28111,0.0,0.0,0.0,0.0
28112,0.0,0.0,0.0,0.0
28113,0.0,0.0,0.0,0.0
28114,0.0,0.0,0.0,0.0
28115,0.0,0.0,0.0,0.0
28116,0.0,0.0,0.0,0.0
28117,0.0,0.0,0.0,0.0
28118,0.0,0.0,0.0,0.0
28119,0.0,0.0,0.0,0.0
28120,0.0,0.0,0.0,0.0
28121,0.0,0.0,0.0,0.0
28122,0.0,0.0,0.0,0.0
28123,0.0,0.0,0.0,0.0
28124,0.0,0.0,0.0,0.0
28125,0.0,0.0,0.0,0.0
28126,0.0,0.0,0.0,0.0
28127,0.0,0.0,0.0,0.0
28128,0.0,0.0,0.0,0.0
28129,0.0,0.0,0.0,0.0
28130,0.0,0.0,0.0,0.0
28131,0.0,0.0,0.0,0.0
28132,0.0,0.0,0.0,0.0
28133,0.0,0.0,0.0,0.0
28134,0.0,0.0,0.0,0.0
28135,0.0,0.0,0.0,0.0
28136,0.0,0.0,0.0,0.0
28137,0.0,0.0,0.0,0.0
28138,0.0,0.0,0.0,0.0
28139,0.0,0.0,0.0,0.0
28140,0.0,0.0,0.0,0.0
28141,0.0,0.0,0.0,0.0
28142,0.0,0.0,0.0,0.0
28143,0.0,0.0,0.0,0.0
28144,0.0,0.0,0.0,0.0
28145,0.0,0.0,0.0,0.0
28146,0.0,0.0,0.0,0.0
28147,0.0,0.0,0.0,0.0
28148,0.0,0.0,0.0,0.0
28149,0.0,0.0,0.0,0.0
28150,0.0,0.0,0.0,0.0
28151,0.0,0.0,0.0,0.0
28152,0.0,0.0,0.0,0.0
28153,0.0,0.0,0.0,0.0
28154,0.0,0.0,0.0,0.0
28155,0.0,0.0,0.0,0.0
28156,0.0,0.0,0.0,0.0
28157,0.0,0.0,0.0,0.0
28158,0.0,0.0,0.0,0.0
28159,0.0,0.0,0.0,0.0
28160,0.0,0.0,0.0,0.0
28161,0.0,0.0,0.0,0.0
28162,0.0,0.0,0.0,0.0
28163,0.0,0.0,0.0,0.0
28164,0.0,0.0,0.0,0.0
28165,0.0,0.0,0.0,0.0
28166,0.0,0.0,0.0,0.0
28167,0.0,0.0,0.0,0.0
28168,0.0,0.0,0.0,0.0
28169,0.0,0.0,0.0,0.0
28170,0.0,0.0,0.0,0.0
28171,0.0,0.0,0.0,0.0
28172,0.0,0.0,0.0,0.0
28173,0.0,0.0,0.0,0.0
28174,0.0,0.0,0.0,0.0
28175,0.0,0.0,0.0,0.0
28176,0.0,0.0,0.0,0.0
28177,0.0,0.0,0.0,0.0
28178,0.0,0.0,0.0,0.0
28179,0.0,0.0,0.0,0.0
28180,0.0,0.0,0.0,0.0
28181,0.0,0.0,0.0,0.0
28182,0.0,0.0,0.0,0.0
28183,0.0,0.0,0.0,0.0
28184,0.0,0.0,0.0,0.0
28185,0.0,0.0,0.0,0.0
28186,0.0,0.0,0.0,0.0
28187,0.0,0.0,0.0,0.0
28188,0.0,0.0,0.0,0.0
28189,0.0,0.0,0.0,0.0
28190,0.0,0.0,0.0,0.0
28191,0.0,0.0,0.0,0.0
28192,0.0,0.0,0.0,0.0
28193,0.0,0.0,0.0,0.0
28194,0.0,0.0,0.0,0.0
28195,0.0,0.0,0.0,0.0
28196,0.0,0.0,0.0,0.0
28197,0.0,0.0,0.0,0.0
28198,0.0,0.0,0.0,0.0
28199,0.0,0.0,0.0,0.0
28200,0.0,0.0,0.0,0.0
28201,0.0,0.0,0.0,0.0
28202,0.0,0.0,0.0,0.0
28203,0.0,0.0,0.0,0.0
28204,0.0,0.0,0.0,0.0
28205,0.0,0.0,0.0,0.0
28206,0.0,0.0,0.0,0.0
28207,0.0,0.0,0.0,0.0
28208,0.0,0.0,0.0,0.0
28209,0.0,0.0,0.0,0.0
28210,0.0,0.0,0.0,0.0
28211,0.0,0.0,0.0,0.0
28212,0.0,0.0,0.0,0.0
28213,0.0,0.0,0.0,0.0
28214,0.0,0.0,0.0,0.0
28215,0.0,0.0,0.0,0.0
28216,0.0,0.0,0.0,0.0
28217,0.0,0.0,0.0,0.0
28218,0.0,0.0,0.0,0.0
28219,0.0,0.0,0.0,0.0
28220,0.0,0.0,0.0,0.0
28221,0.0,0.0,0.0,0.0
28222,0.0,0.0,0.0,0.0
28223,0.0,0.0,0.0,0.0
28224,0.0,0.0,0.0,0.0
28225,0.0,0.0,0.0,0.0
28226,0.0,0.0,0.0,0.0
28227,0.0,0.0,0.0,0.0
28228,0.0,0.0,0.0,0.0
28229,0.0,0.0,0.0,0.0
28230,0.0,0.0,0.0,0.0
28231,0.0,0.0,0.0,0.0
28232,0.0,0.0,0.0,0.0
28233,0.0,0.0,0.0,0.0
28234,0.0,0.0,0.0,0.0
28235,0.0,0.0,0.0,0.0
28236,0.0,0.0,0.0,0.0
28237,0.0,0.0,0.0,0.0
28238,0.0,0.0,0.0,0.0
28239,0.0,0.0,0.0,0.0
28240,0.0,0.0,0.0,0.0
28241,0.0,0.0,0.0,0.0
28242,0.0,0.0,0.0,0.0
28243,0.0,0.0,0.0,0.0
28244,0.0,0.0,0.0,0.0
28245,0.0,0.0,0.0,0.0
28246,0.0,0.0,0.0,0.0
28247,0.0,0.0,0.0,0.0
28248,0.0,0.0,0.0,0.0
28249,0.0,0.0,0.0,0.0
28250,0.0,0.0,0.0,0.0
28251,0.0,0.0,0.0,0.0
28252,0.0,0.0,0.0,0.0
28253,0.0,0.0,0.0,0.0
28254,0.0,0.0,0.0,0.0
28255,0.0,0.0,0.0,0.0
28256,0.0,0.0,0.0,0.0
28257,0.0,0.0,0.0,0.0
28258,0.0,0.0,0.0,0.0
28259,0.0,0.0,0.0,0.0
28260,0.0,0.0,0.0,0.0
28261,0.0,0.0,0.0,0.0
28262,0.0,0.0,0.0,0.0
28263,0.0,0.0,0.0,0.0
28264,0.0,0.0,0.0,0.0
28265,0.0,0.0,0.0,0.0
28266,0.0,0.0,0.0,0.0
28267,0.0,0.0,0.0,0.0
28268,0.0,0.0,0.0,0.0
28269,0.0,0.0,0.0,0.0
28270,0.0,0.0,0.0,0.0
28271,0.0,0.0,0.0,0.0
28272,0.0,0.0,0.0,0.0
28273,0.0,0.0,0.0,0.0
28274,0.0,0.0,0.0,0.0
28275,0.0,0.0,0.0,0.0
28276,0.0,0.0,0.0,0.0
28277,0.0,0.0,0.0,0.0
28278,0.0,0.0,0.0,0.0
28279,0.0,0.0,0.0,0.0
28280,0.0,0.0,0.0,0.0
28281,0.0,0.0,0.0,0.0
28282,0.0,0.0,0.0,0.0
28283,0.0,0.0,0.0,0.0
28284,0.0,0.0,0.0,0.0
28285,0.0,0.0,0.0,0.0
28286,0.0,0.0,0.0,0.0
28287,0.0,0.0,0.0,0.0
28288,0.0,0.0,0.0,0.0
28289,0.0,0.0,0.0,0.0
28290,0.0,0.0,0.0,0.0
28291,0.0,0.0,0.0,0.0
28292,0.0,0.0,0.0,0.0
28293,0.0,0.0,0.0,0.0
28294,0.0,0.0,0.0,0.0
28295,0.0,0.0,0.0,0.0
28296,0.0,0.0,0.0,0.0
28297,0.0,0.0,0.0,0.0
28298,0.0,0.0,0.0,0.0
28299,0.0,0.0,0.0,0.0
28300,0.0,0.0,0.0,0.0
28301,0.0,0.0,0.0,0.0
28302,0.0,0.0,0.0,0.0
28303,0.0,0.0,0.0,0.0
28304,0.0,0.0,0.0,0.0
28305,0.0,0.0,0.0,0.0
28306,0.0,0.0,0.0,0.0
28307,0.0,0.0,0.0,0.0
28308,0.0,0.0,0.0,0.0
28309,0.0,0.0,0.0,0.0
28310,0.0,0.0,0.0,0.0
28311,0.0,0.0,0.0,0.0
28312,0.0,0.0,0.0,0.0
28313,0.0,0.0,0.0,0.0
28314,0.0,0.0,0.0,0.0
28315,0.0,0.0,0.0,0.0
28316,0.0,0.0,0.0,0.0
28317,0.0,0.0,0.0,0.0
28318,0.0,0.0,0.0,0.0
28319,0.0,0.0,0.0,0.0
28320,0.0,0.0,0.0,0.0
28321,0.0,0.0,0.0,0.0
28322,0.0,0.0,0.0,0.0
28323,0.0,0.0,0.0,0.0
28324,0.0,0.0,0.0,0.0
28325,0.0,0.0,0.0,0.0
28326,0.0,0.0,0.0,0.0
28327,0.0,0.0,0.0,0.0
28328,0.0,0.0,0.0,0.0
28329,0.0,0.0,0.0,0.0
28330,0.0,0.0,0.0,0.0
28331,0.0,0.0,0.0,0.0
28332,0.0,0.0,0.0,0.0
28333,0.0,0.0,0.0,0.0
28334,0.0,0.0,0.0,0.0
28335,0.0,0.0,0.0,0.0
28336,0.0,0.0,0.0,0.0
28337,0.0,0.0,0.0,0.0
28338,0.0,0.0,0.0,0.0
28339,0.0,0.0,0.0,0.0
28340,0.0,0.0,0.0,0.0
28341,0.0,0.0,0.0,0.0
28342,0.0,0.0,0.0,0.0
28343,0.0,0.0,0.0,0.0
28344,0.0,0.0,0.0,0.0
28345,0.0,0.0,0.0,0.0
28346,0.0,0.0,0.0,0.0
28347,0.0,0.0,0.0,0.0
28348,0.0,0.0,0.0,0.0
28349,0.0,0.0,0.0,0.0
28350,0.0,0.0,0.0,0.0
28351,0.0,0.0,0.0,0.0
28352,0.0,0.0,0.0,0.0
28353,0.0,0.0,0.0,0.0
28354,0.0,0.0,0.0,0.0
28355,0.0,0.0,0.0,0.0
28356,0.0,0.0,0.0,0.0
28357,0.0,0.0,0.0,0.0
28358,0.0,0.0,0.0,0.0
28359,0.0,0.0,0.0,0.0
28360,0.0,0.0,0.0,0.0
28361,0.0,0.0,0.0,0.0
28362,0.0,0.0,0.0,0.0
28363,0.0,0.0,0.0,0.0
28364,0.0,0.0,0.0,0.0
28365,0.0,0.0,0.0,0.0
28366,0.0,0.0,0.0,0.0
28367,0.0,0.0,0.0,0.0
28368,0.0,0.0,0.0,0.0
28369,0.0,0.0,0.0,0.0
28370,0.0,0.0,0.0,0.0
28371,0.0,0.0,0.0,0.0
28372,0.0,0.0,0.0,0.0
28373,0.0,0.0,0.0,0.0
28374,0.0,0.0,0.0,0.0
28375,0.0,0.0,0.0,0.0
28376,0.0,0.0,0.0,0.0
28377,0.0,0.0,0.0,0.0
28378,0.0,0.0,0.0,0.0
28379,0.0,0.0,0.0,0.0
28380,0.0,0.0,0.0,0.0
28381,0.0,0.0,0.0,0.0
28382,0.0,0.0,0.0,0.0
28383,0.0,0.0,0.0,0.0
28384,0.0,0.0,0.0,0.0
28385,0.0,0.0,0.0,0.0
28386,0.0,0.0,0.0,0.0
28387,0.0,0.0,0.0,0.0
28388,0.0,0.0,0.0,0.0
28389,0.0,0.0,0.0,0.0
28390,0.0,0.0,0.0,0.0
28391,0.0,0.0,0.0,0.0
28392,0.0,0.0,0.0,0.0
28393,0.0,0.0,0.0,0.0
28394,0.0,0.0,0.0,0.0
28395,0.0,0.0,0.0,0.0
28396,0.0,0.0,0.0,0.0
28397,0.0,0.0,0.0,0.0
28398,0.0,0.0,0.0,0.0
28399,0.0,0.0,0.0,0.0
28400,0.0,0.0,0.0,0.0
28401,0.0,0.0,0.0,0.0
28402,0.0,0.0,0.0,0.0
28403,0.0,0.0,0.0,0.0
28404,0.0,0.0,0.0,0.0
28405,0.0,0.0,0.0,0.0
28406,0.0,0.0,0.0,0.0
28407,0.0,0.0,0.0,0.0
28408,0.0,0.0,0.0,0.0
28409,0.0,0.0,0.0,0.0
28410,0.0,0.0,0.0,0.0
28411,0.0,0.0,0.0,0.0
28412,0.0,0.0,0.0,0.0
28413,0.0,0.0,0.0,0.0
28414,0.0,0.0,0.0,0.0
28415,0.0,0.0,0.0,0.0
28416,0.0,0.0,0.0,0.0
28417,0.0,0.0,0.0,0.0
28418,0.0,0.0,0.0,0.0
28419,0.0,0.0,0.0,0.0
28420,0.0,0.0,0.0,0.0
28421,0.0,0.0,0.0,0.0
28422,0.0,0.0,0.0,0.0
28423,0.0,0.0,0.0,0.0
28424,0.0,0.0,0.0,0.0
28425,0.0,0.0,0.0,0.0
28426,0.0,0.0,0.0,0.0
28427,0.0,0.0,0.0,0.0
28428,0.0,0.0,0.0,0.0
28429,0.0,0.0,0.0,0.0
28430,0.0,0.0,0.0,0.0
28431,0.0,0.0,0.0,0.0
28432,0.0,0.0,0.0,0.0
28433,0.0,0.0,0.0,0.0
28434,0.0,0.0,0.0,0.0
28435,0.0,0.0,0.0,0.0
28436,0.0,0.0,0.0,0.0
28437,0.0,0.0,0.0,0.0
28438,0.0,0.0,0.0,0.0
28439,0.0,0.0,0.0,0.0
28440,0.0,0.0,0.0,0.0
28441,0.0,0.0,0.0,0.0
28442,0.0,0.0,0.0,0.0
28443,0.0,0.0,0.0,0.0
28444,0.0,0.0,0.0,0.0
28445,0.0,0.0,0.0,0.0
28446,0.0,0.0,0.0,0.0
28447,0.0,0.0,0.0,0.0
28448,0.0,0.0,0.0,0.0
28449,0.0,0.0,0.0,0.0
28450,0.0,0.0,0.0,0.0
28451,0.0,0.0,0.0,0.0
28452,0.0,0.0,0.0,0.0
28453,0.0,0.0,0.0,0.0
28454,0.0,0.0,0.0,0.0
28455,0.0,0.0,0.0,0.0
28456,0.0,0.0,0.0,0.0
28457,0.0,0.0,0.0,0.0
28458,0.0,0.0,0.0,0.0
28459,0.0,0.0,0.0,0.0
28460,0.0,0.0,0.0,0.0
28461,0.0,0.0,0.0,0.0
28462,0.0,0.0,0.0,0.0
28463,0.0,0.0,0.0,0.0
28464,0.0,0.0,0.0,0.0
28465,0.0,0.0,0.0,0.0
28466,0.0,0.0,0.0,0.0
28467,0.0,0.0,0.0,0.0
28468,0.0,0.0,0.0,0.0
28469,0.0,0.0,0.0,0.0
28470,0.0,0.0,0.0,0.0
28471,0.0,0.0,0.0,0.0
28472,0.0,0.0,0.0,0.0
28473,0.0,0.0,0.0,0.0
28474,0.0,0.0,0.0,0.0
28475,0.0,0.0,0.0,0.0
28476,0.0,0.0,0.0,0.0
28477,0.0,0.0,0.0,0.0
28478,0.0,0.0,0.0,0.0
28479,0.0,0.0,0.0,0.0
28480,0.0,0.0,0.0,0.0
28481,0.0,0.0,0.0,0.0
28482,0.0,0.0,0.0,0.0
28483,0.0,0.0,0.0,0.0
28484,0.0,0.0,0.0,0.0
28485,0.0,0.0,0.0,0.0
28486,0.0,0.0,0.0,0.0
28487,0.0,0.0,0.0,0.0
28488,0.0,0.0,0.0,0.0
28489,0.0,0.0,0.0,0.0
28490,0.0,0.0,0.0,0.0
28491,0.0,0.0,0.0,0.0
28492,0.0,0.0,0.0,0.0
28493,0.0,0.0,0.0,0.0
28494,0.0,0.0,0.0,0.0
28495,0.0,0.0,0.0,0.0
28496,0.0,0.0,0.0,0.0
28497,0.0,0.0,0.0,0.0
28498,0.0,0.0,0.0,0.0
28499,0.0,0.0,0.0,0.0
28500,0.0,0.0,0.0,0.0
28501,0.0,0.0,0.0,0.0
28502,0.0,0.0,0.0,0.0
28503,0.0,0.0,0.0,0.0
28504,0.0,0.0,0.0,0.0
28505,0.0,0.0,0.0,0.0
28506,0.0,0.0,0.0,0.0
28507,0.0,0.0,0.0,0.0
28508,0.0,0.0,0.0,0.0
28509,0.0,0.0,0.0,0.0
28510,0.0,0.0,0.0,0.0
28511,0.0,0.0,0.0,0.0
28512,0.0,0.0,0.0,0.0
28513,0.0,0.0,0.0,0.0
28514,0.0,0.0,0.0,0.0
28515,0.0,0.0,0.0,0.0
28516,0.0,0.0,0.0,0.0
28517,0.0,0.0,0.0,0.0
28518,0.0,0.0,0.0,0.0
28519,0.0,0.0,0.0,0.0
28520,0.0,0.0,0.0,0.0
28521,0.0,0.0,0.0,0.0
28522,0.0,0.0,0.0,0.0
28523,0.0,0.0,0.0,0.0
28524,0.0,0.0,0.0,0.0
28525,0.0,0.0,0.0,0.0
28526,0.0,0.0,0.0,0.0
28527,0.0,0.0,0.0,0.0
28528,0.0,0.0,0.0,0.0
28529,0.0,0.0,0.0,0.0
28530,0.0,0.0,0.0,0.0
28531,0.0,0.0,0.0,0.0
28532,0.0,0.0,0.0,0.0
28533,0.0,0.0,0.0,0.0
28534,0.0,0.0,0.0,0.0
28535,0.0,0.0,0.0,0.0
28536,0.0,0.0,0.0,0.0
28537,0.0,0.0,0.0,0.0
28538,0.0,0.0,0.0,0.0
28539,0.0,0.0,0.0,0.0
28540,0.0,0.0,0.0,0.0
28541,0.0,0.0,0.0,0.0
28542,0.0,0.0,0.0,0.0
28543,0.0,0.0,0.0,0.0
28544,0.0,0.0,0.0,0.0
28545,0.0,0.0,0.0,0.0
28546,0.0,0.0,0.0,0.0
28547,0.0,0.0,0.0,0.0
28548,0.0,0.0,0.0,0.0
28549,0.0,0.0,0.0,0.0
28550,0.0,0.0,0.0,0.0
28551,0.0,0.0,0.0,0.0
28552,0.0,0.0,0.0,0.0
28553,0.0,0.0,0.0,0.0
28554,0.0,0.0,0.0,0.0
28555,0.0,0.0,0.0,0.0
28556,0.0,0.0,0.0,0.0
28557,0.0,0.0,0.0,0.0
28558,0.0,0.0,0.0,0.0
28559,0.0,0.0,0.0,0.0
28560,0.0,0.0,0.0,0.0
28561,0.0,0.0,0.0,0.0
28562,0.0,0.0,0.0,0.0
28563,0.0,0.0,0.0,0.0
28564,0.0,0.0,0.0,0.0
28565,0.0,0.0,0.0,0.0
28566,0.0,0.0,0.0,0.0
28567,0.0,0.0,0.0,0.0
28568,0.0,0.0,0.0,0.0
28569,0.0,0.0,0.0,0.0
28570,0.0,0.0,0.0,0.0
28571,0.0,0.0,0.0,0.0
28572,0.0,0.0,0.0,0.0
28573,0.0,0.0,0.0,0.0
28574,0.0,0.0,0.0,0.0
28575,0.0,0.0,0.0,0.0
28576,0.0,0.0,0.0,0.0
28577,0.0,0.0,0.0,0.0
28578,0.0,0.0,0.0,0.0
28579,0.0,0.0,0.0,0.0
28580,0.0,0.0,0.0,0.0
28581,0.0,0.0,0.0,0.0
28582,0.0,0.0,0.0,0.0
28583,0.0,0.0,0.0,0.0
28584,0.0,0.0,0.0,0.0
28585,0.0,0.0,0.0,0.0
28586,0.0,0.0,0.0,0.0
28587,0.0,0.0,0.0,0.0
28588,0.0,0.0,0.0,0.0
28589,0.0,0.0,0.0,0.0
28590,0.0,0.0,0.0,0.0
28591,0.0,0.0,0.0,0.0
28592,0.0,0.0,0.0,0.0
28593,0.0,0.0,0.0,0.0
28594,0.0,0.0,0.0,0.0
28595,0.0,0.0,0.0,0.0
28596,0.0,0.0,0.0,0.0
28597,0.0,0.0,0.0,0.0
28598,0.0,0.0,0.0,0.0
28599,0.0,0.0,0.0,0.0
28600,0.0,0.0,0.0,0.0
28601,0.0,0.0,0.0,0.0
28602,0.0,0.0,0.0,0.0
28603,0.0,0.0,0.0,0.0
28604,0.0,0.0,0.0,0.0
28605,0.0,0.0,0.0,0.0
28606,0.0,0.0,0.0,0.0
28607,0.0,0.0,0.0,0.0
28608,0.0,0.0,0.0,0.0
28609,0.0,0.0,0.0,0.0
28610,0.0,0.0,0.0,0.0
28611,0.0,0.0,0.0,0.0
28612,0.0,0.0,0.0,0.0
28613,0.0,0.0,0.0,0.0
28614,0.0,0.0,0.0,0.0
28615,0.0,0.0,0.0,0.0
28616,0.0,0.0,0.0,0.0
28617,0.0,0.0,0.0,0.0
28618,0.0,0.0,0.0,0.0
28619,0.0,0.0,0.0,0.0
28620,0.0,0.0,0.0,0.0
28621,0.0,0.0,0.0,0.0
28622,0.0,0.0,0.0,0.0
28623,0.0,0.0,0.0,0.0
28624,0.0,0.0,0.0,0.0
28625,0.0,0.0,0.0,0.0
28626,0.0,0.0,0.0,0.0
28627,0.0,0.0,0.0,0.0
28628,0.0,0.0,0.0,0.0
28629,0.0,0.0,0.0,0.0
28630,0.0,0.0,0.0,0.0
28631,0.0,0.0,0.0,0.0
28632,0.0,0.0,0.0,0.0
28633,0.0,0.0,0.0,0.0
28634,0.0,0.0,0.0,0.0
28635,0.0,0.0,0.0,0.0
28636,0.0,0.0,0.0,0.0
28637,0.0,0.0,0.0,0.0
28638,0.0,0.0,0.0,0.0
28639,0.0,0.0,0.0,0.0
28640,0.0,0.0,0.0,0.0
28641,0.0,0.0,0.0,0.0
28642,0.0,0.0,0.0,0.0
28643,0.0,0.0,0.0,0.0
28644,0.0,0.0,0.0,0.0
28645,0.0,0.0,0.0,0.0
28646,0.0,0.0,0.0,0.0
28647,0.0,0.0,0.0,0.0
28648,0.0,0.0,0.0,0.0
28649,0.0,0.0,0.0,0.0
28650,0.0,0.0,0.0,0.0
28651,0.0,0.0,0.0,0.0
28652,0.0,0.0,0.0,0.0
28653,0.0,0.0,0.0,0.0
28654,0.0,0.0,0.0,0.0
28655,0.0,0.0,0.0,0.0
28656,0.0,0.0,0.0,0.0
28657,0.0,0.0,0.0,0.0
28658,0.0,0.0,0.0,0.0
28659,0.0,0.0,0.0,0.0
28660,0.0,0.0,0.0,0.0
28661,0.0,0.0,0.0,0.0
28662,0.0,0.0,0.0,0.0
28663,0.0,0.0,0.0,0.0
28664,0.0,0.0,0.0,0.0
28665,0.0,0.0,0.0,0.0
28666,0.0,0.0,0.0,0.0
28667,0.0,0.0,0.0,0.0
28668,0.0,0.0,0.0,0.0
28669,0.0,0.0,0.0,0.0
28670,0.0,0.0,0.0,0.0
28671,0.0,0.0,0.0,0.0
28672,0.0,0.0,0.0,0.0
28673,0.0,0.0,0.0,0.0
28674,0.0,0.0,0.0,0.0
28675,0.0,0.0,0.0,0.0
28676,0.0,0.0,0.0,0.0
28677,0.0,0.0,0.0,0.0
28678,0.0,0.0,0.0,0.0
28679,0.0,0.0,0.0,0.0
28680,0.0,0.0,0.0,0.0
28681,0.0,0.0,0.0,0.0
28682,0.0,0.0,0.0,0.0
28683,0.0,0.0,0.0,0.0
28684,0.0,0.0,0.0,0.0
28685,0.0,0.0,0.0,0.0
28686,0.0,0.0,0.0,0.0
28687,0.0,0.0,0.0,0.0
28688,0.0,0.0,0.0,0.0
28689,0.0,0.0,0.0,0.0
28690,0.0,0.0,0.0,0.0
28691,0.0,0.0,0.0,0.0
28692,0.0,0.0,0.0,0.0
28693,0.0,0.0,0.0,0.0
28694,0.0,0.0,0.0,0.0
28695,0.0,0.0,0.0,0.0
28696,0.0,0.0,0.0,0.0
28697,0.0,0.0,0.0,0.0
28698,0.0,0.0,0.0,0.0
28699,0.0,0.0,0.0,0.0
28700,0.0,0.0,0.0,0.0
28701,0.0,0.0,0.0,0.0
28702,0.0,0.0,0.0,0.0
28703,0.0,0.0,0.0,0.0
28704,0.0,0.0,0.0,0.0
28705,0.0,0.0,0.0,0.0
28706,0.0,0.0,0.0,0.0
28707,0.0,0.0,0.0,0.0
28708,0.0,0.0,0.0,0.0
28709,0.0,0.0,0.0,0.0
28710,0.0,0.0,0.0,0.0
28711,0.0,0.0,0.0,0.0
28712,0.0,0.0,0.0,0.0
28713,0.0,0.0,0.0,0.0
28714,0.0,0.0,0.0,0.0
28715,0.0,0.0,0.0,0.0
28716,0.0,0.0,0.0,0.0
28717,0.0,0.0,0.0,0.0
28718,0.0,0.0,0.0,0.0
28719,0.0,0.0,0.0,0.0
28720,0.0,0.0,0.0,0.0
28721,0.0,0.0,0.0,0.0
28722,0.0,0.0,0.0,0.0
28723,0.0,0.0,0.0,0.0
28724,0.0,0.0,0.0,0.0
28725,0.0,0.0,0.0,0.0
28726,0.0,0.0,0.0,0.0
28727,0.0,0.0,0.0,0.0
28728,0.0,0.0,0.0,0.0
28729,0.0,0.0,0.0,0.0
28730,0.0,0.0,0.0,0.0
28731,0.0,0.0,0.0,0.0
28732,0.0,0.0,0.0,0.0
28733,0.0,0.0,0.0,0.0
28734,0.0,0.0,0.0,0.0
28735,0.0,0.0,0.0,0.0
28736,0.0,0.0,0.0,0.0
28737,0.0,0.0,0.0,0.0
28738,0.0,0.0,0.0,0.0
28739,0.0,0.0,0.0,0.0
28740,0.0,0.0,0.0,0.0
28741,0.0,0.0,0.0,0.0
28742,0.0,0.0,0.0,0.0
28743,0.0,0.0,0.0,0.0
28744,0.0,0.0,0.0,0.0
28745,0.0,0.0,0.0,0.0
28746,0.0,0.0,0.0,0.0
28747,0.0,0.0,0.0,0.0
28748,0.0,0.0,0.0,0.0
28749,0.0,0.0,0.0,0.0
28750,0.0,0.0,0.0,0.0
28751,0.0,0.0,0.0,0.0
28752,0.0,0.0,0.0,0.0
28753,0.0,0.0,0.0,0.0
28754,0.0,0.0,0.0,0.0
28755,0.0,0.0,0.0,0.0
28756,0.0,0.0,0.0,0.0
28757,0.0,0.0,0.0,0.0
28758,0.0,0.0,0.0,0.0
28759,0.0,0.0,0.0,0.0
28760,0.0,0.0,0.0,0.0
28761,0.0,0.0,0.0,0.0
28762,0.0,0.0,0.0,0.0
28763,0.0,0.0,0.0,0.0
28764,0.0,0.0,0.0,0.0
28765,0.0,0.0,0.0,0.0
28766,0.0,0.0,0.0,0.0
28767,0.0,0.0,0.0,0.0
28768,0.0,0.0,0.0,0.0
28769,0.0,0.0,0.0,0.0
28770,0.0,0.0,0.0,0.0
28771,0.0,0.0,0.0,0.0
28772,0.0,0.0,0.0,0.0
28773,0.0,0.0,0.0,0.0
28774,0.0,0.0,0.0,0.0
28775,0.0,0.0,0.0,0.0
28776,0.0,0.0,0.0,0.0
28777,0.0,0.0,0.0,0.0
28778,0.0,0.0,0.0,0.0
28779,0.0,0.0,0.0,0.0
28780,0.0,0.0,0.0,0.0
28781,0.0,0.0,0.0,0.0
28782,0.0,0.0,0.0,0.0
28783,0.0,0.0,0.0,0.0
28784,0.0,0.0,0.0,0.0
28785,0.0,0.0,0.0,0.0
28786,0.0,0.0,0.0,0.0
28787,0.0,0.0,0.0,0.0
28788,0.0,0.0,0.0,0.0
28789,0.0,0.0,0.0,0.0
28790,0.0,0.0,0.0,0.0
28791,0.0,0.0,0.0,0.0
28792,0.0,0.0,0.0,0.0
28793,0.0,0.0,0.0,0.0
28794,0.0,0.0,0.0,0.0
28795,0.0,0.0,0.0,0.0
28796,0.0,0.0,0.0,0.0
28797,0.0,0.0,0.0,0.0
28798,0.0,0.0,0.0,0.0
28799,0.0,0.0,0.0,0.0
28800,0.0,0.0,0.0,0.0
28801,0.0,0.0,0.0,0.0
28802,0.0,0.0,0.0,0.0
28803,0.0,0.0,0.0,0.0
28804,0.0,0.0,0.0,0.0
28805,0.0,0.0,0.0,0.0
28806,0.0,0.0,0.0,0.0
28807,0.0,0.0,0.0,0.0
28808,0.0,0.0,0.0,0.0
28809,0.0,0.0,0.0,0.0
28810,0.0,0.0,0.0,0.0
28811,0.0,0.0,0.0,0.0
28812,0.0,0.0,0.0,0.0
28813,0.0,0.0,0.0,0.0
28814,0.0,0.0,0.0,0.0
28815,0.0,0.0,0.0,0.0
28816,0.0,0.0,0.0,0.0
28817,0.0,0.0,0.0,0.0
28818,0.0,0.0,0.0,0.0
28819,0.0,0.0,0.0,0.0
28820,0.0,0.0,0.0,0.0
28821,0.0,0.0,0.0,0.0
28822,0.0,0.0,0.0,0.0
28823,0.0,0.0,0.0,0.0
28824,0.0,0.0,0.0,0.0
28825,0.0,0.0,0.0,0.0
28826,0.0,0.0,0.0,0.0
28827,0.0,0.0,0.0,0.0
28828,0.0,0.0,0.0,0.0
28829,0.0,0.0,0.0,0.0
28830,0.0,0.0,0.0,0.0
28831,0.0,0.0,0.0,0.0
28832,0.0,0.0,0.0,0.0
28833,0.0,0.0,0.0,0.0
28834,0.0,0.0,0.0,0.0
28835,0.0,0.0,0.0,0.0
28836,0.0,0.0,0.0,0.0
28837,0.0,0.0,0.0,0.0
28838,0.0,0.0,0.0,0.0
28839,0.0,0.0,0.0,0.0
28840,0.0,0.0,0.0,0.0
28841,0.0,0.0,0.0,0.0
28842,0.0,0.0,0.0,0.0
28843,0.0,0.0,0.0,0.0
28844,0.0,0.0,0.0,0.0
28845,0.0,0.0,0.0,0.0
28846,0.0,0.0,0.0,0.0
28847,0.0,0.0,0.0,0.0
28848,0.0,0.0,0.0,0.0
28849,0.0,0.0,0.0,0.0
28850,0.0,0.0,0.0,0.0
28851,0.0,0.0,0.0,0.0
28852,0.0,0.0,0.0,0.0
28853,0.0,0.0,0.0,0.0
28854,0.0,0.0,0.0,0.0
28855,0.0,0.0,0.0,0.0
28856,0.0,0.0,0.0,0.0
28857,0.0,0.0,0.0,0.0
28858,0.0,0.0,0.0,0.0
28859,0.0,0.0,0.0,0.0
28860,0.0,0.0,0.0,0.0
28861,0.0,0.0,0.0,0.0
28862,0.0,0.0,0.0,0.0
28863,0.0,0.0,0.0,0.0
28864,0.0,0.0,0.0,0.0
28865,0.0,0.0,0.0,0.0
28866,0.0,0.0,0.0,0.0
28867,0.0,0.0,0.0,0.0
28868,0.0,0.0,0.0,0.0
28869,0.0,0.0,0.0,0.0
28870,0.0,0.0,0.0,0.0
28871,0.0,0.0,0.0,0.0
28872,0.0,0.0,0.0,0.0
28873,0.0,0.0,0.0,0.0
28874,0.0,0.0,0.0,0.0
28875,0.0,0.0,0.0,0.0
28876,0.0,0.0,0.0,0.0
28877,0.0,0.0,0.0,0.0
28878,0.0,0.0,0.0,0.0
28879,0.0,0.0,0.0,0.0
28880,0.0,0.0,0.0,0.0
28881,0.0,0.0,0.0,0.0
28882,0.0,0.0,0.0,0.0
28883,0.0,0.0,0.0,0.0
28884,0.0,0.0,0.0,0.0
28885,0.0,0.0,0.0,0.0
28886,0.0,0.0,0.0,0.0
28887,0.0,0.0,0.0,0.0
28888,0.0,0.0,0.0,0.0
28889,0.0,0.0,0.0,0.0
28890,0.0,0.0,0.0,0.0
28891,0.0,0.0,0.0,0.0
28892,0.0,0.0,0.0,0.0
28893,0.0,0.0,0.0,0.0
28894,0.0,0.0,0.0,0.0
28895,0.0,0.0,0.0,0.0
28896,0.0,0.0,0.0,0.0
28897,0.0,0.0,0.0,0.0
28898,0.0,0.0,0.0,0.0
28899,0.0,0.0,0.0,0.0
28900,0.0,0.0,0.0,0.0
28901,0.0,0.0,0.0,0.0
28902,0.0,0.0,0.0,0.0
28903,0.0,0.0,0.0,0.0
28904,0.0,0.0,0.0,0.0
28905,0.0,0.0,0.0,0.0
28906,0.0,0.0,0.0,0.0
28907,0.0,0.0,0.0,0.0
28908,0.0,0.0,0.0,0.0
28909,0.0,0.0,0.0,0.0
28910,0.0,0.0,0.0,0.0
28911,0.0,0.0,0.0,0.0
28912,0.0,0.0,0.0,0.0
28913,0.0,0.0,0.0,0.0
28914,0.0,0.0,0.0,0.0
28915,0.0,0.0,0.0,0.0
28916,0.0,0.0,0.0,0.0
28917,0.0,0.0,0.0,0.0
28918,0.0,0.0,0.0,0.0
28919,0.0,0.0,0.0,0.0
28920,0.0,0.0,0.0,0.0
28921,0.0,0.0,0.0,0.0
28922,0.0,0.0,0.0,0.0
28923,0.0,0.0,0.0,0.0
28924,0.0,0.0,0.0,0.0
28925,0.0,0.0,0.0,0.0
28926,0.0,0.0,0.0,0.0
28927,0.0,0.0,0.0,0.0
28928,0.0,0.0,0.0,0.0
28929,0.0,0.0,0.0,0.0
28930,0.0,0.0,0.0,0.0
28931,0.0,0.0,0.0,0.0
28932,0.0,0.0,0.0,0.0
28933,0.0,0.0,0.0,0.0
28934,0.0,0.0,0.0,0.0
28935,0.0,0.0,0.0,0.0
28936,0.0,0.0,0.0,0.0
28937,0.0,0.0,0.0,0.0
28938,0.0,0.0,0.0,0.0
28939,0.0,0.0,0.0,0.0
28940,0.0,0.0,0.0,0.0
28941,0.0,0.0,0.0,0.0
28942,0.0,0.0,0.0,0.0
28943,0.0,0.0,0.0,0.0
28944,0.0,0.0,0.0,0.0
28945,0.0,0.0,0.0,0.0
28946,0.0,0.0,0.0,0.0
28947,0.0,0.0,0.0,0.0
28948,0.0,0.0,0.0,0.0
28949,0.0,0.0,0.0,0.0
28950,0.0,0.0,0.0,0.0
28951,0.0,0.0,0.0,0.0
28952,0.0,0.0,0.0,0.0
28953,0.0,0.0,0.0,0.0
28954,0.0,0.0,0.0,0.0
28955,0.0,0.0,0.0,0.0
28956,0.0,0.0,0.0,0.0
28957,0.0,0.0,0.0,0.0
28958,0.0,0.0,0.0,0.0
28959,0.0,0.0,0.0,0.0
28960,0.0,0.0,0.0,0.0
28961,0.0,0.0,0.0,0.0
28962,0.0,0.0,0.0,0.0
28963,0.0,0.0,0.0,0.0
28964,0.0,0.0,0.0,0.0
28965,0.0,0.0,0.0,0.0
28966,0.0,0.0,0.0,0.0
28967,0.0,0.0,0.0,0.0
28968,0.0,0.0,0.0,0.0
28969,0.0,0.0,0.0,0.0
28970,0.0,0.0,0.0,0.0
28971,0.0,0.0,0.0,0.0
28972,0.0,0.0,0.0,0.0
28973,0.0,0.0,0.0,0.0
28974,0.0,0.0,0.0,0.0
28975,0.0,0.0,0.0,0.0
28976,0.0,0.0,0.0,0.0
28977,0.0,0.0,0.0,0.0
28978,0.0,0.0,0.0,0.0
28979,0.0,0.0,0.0,0.0
28980,0.0,0.0,0.0,0.0
28981,0.0,0.0,0.0,0.0
28982,0.0,0.0,0.0,0.0
28983,0.0,0.0,0.0,0.0
28984,0.0,0.0,0.0,0.0
28985,0.0,0.0,0.0,0.0
28986,0.0,0.0,0.0,0.0
28987,0.0,0.0,0.0,0.0
28988,0.0,0.0,0.0,0.0
28989,0.0,0.0,0.0,0.0
28990,0.0,0.0,0.0,0.0
28991,0.0,0.0,0.0,0.0
28992,0.0,0.0,0.0,0.0
28993,0.0,0.0,0.0,0.0
28994,0.0,0.0,0.0,0.0
28995,0.0,0.0,0.0,0.0
28996,0.0,0.0,0.0,0.0
28997,0.0,0.0,0.0,0.0
28998,0.0,0.0,0.0,0.0
28999,0.0,0.0,0.0,0.0
29000,0.0,0.0,0.0,0.0
29001,0.0,0.0,0.0,0.0
29002,0.0,0.0,0.0,0.0
29003,0.0,0.0,0.0,0.0
29004,0.0,0.0,0.0,0.0
29005,0.0,0.0,0.0,0.0
29006,0.0,0.0,0.0,0.0
29007,0.0,0.0,0.0,0.0
29008,0.0,0.0,0.0,0.0
29009,0.0,0.0,0.0,0.0
29010,0.0,0.0,0.0,0.0
29011,0.0,0.0,0.0,0.0
29012,0.0,0.0,0.0,0.0
29013,0.0,0.0,0.0,0.0
29014,0.0,0.0,0.0,0.0
29015,0.0,0.0,0.0,0.0
29016,0.0,0.0,0.0,0.0
29017,0.0,0.0,0.0,0.0
29018,0.0,0.0,0.0,0.0
29019,0.0,0.0,0.0,0.0
29020,0.0,0.0,0.0,0.0
29021,0.0,0.0,0.0,0.0
29022,0.0,0.0,0.0,0.0
29023,0.0,0.0,0.0,0.0
29024,0.0,0.0,0.0,0.0
29025,0.0,0.0,0.0,0.0
29026,0.0,0.0,0.0,0.0
29027,0.0,0.0,0.0,0.0
29028,0.0,0.0,0.0,0.0
29029,0.0,0.0,0.0,0.0
29030,0.0,0.0,0.0,0.0
29031,0.0,0.0,0.0,0.0
29032,0.0,0.0,0.0,0.0
29033,0.0,0.0,0.0,0.0
29034,0.0,0.0,0.0,0.0
29035,0.0,0.0,0.0,0.0
29036,0.0,0.0,0.0,0.0
29037,0.0,0.0,0.0,0.0
29038,0.0,0.0,0.0,0.0
29039,0.0,0.0,0.0,0.0
29040,0.0,0.0,0.0,0.0
29041,0.0,0.0,0.0,0.0
29042,0.0,0.0,0.0,0.0
29043,0.0,0.0,0.0,0.0
29044,0.0,0.0,0.0,0.0
29045,0.0,0.0,0.0,0.0
29046,0.0,0.0,0.0,0.0
29047,0.0,0.0,0.0,0.0
29048,0.0,0.0,0.0,0.0
29049,0.0,0.0,0.0,0.0
29050,0.0,0.0,0.0,0.0
29051,0.0,0.0,0.0,0.0
29052,0.0,0.0,0.0,0.0
29053,0.0,0.0,0.0,0.0
29054,0.0,0.0,0.0,0.0
29055,0.0,0.0,0.0,0.0
29056,0.0,0.0,0.0,0.0
29057,0.0,0.0,0.0,0.0
29058,0.0,0.0,0.0,0.0
29059,0.0,0.0,0.0,0.0
29060,0.0,0.0,0.0,0.0
29061,0.0,0.0,0.0,0.0
29062,0.0,0.0,0.0,0.0
29063,0.0,0.0,0.0,0.0
29064,0.0,0.0,0.0,0.0
29065,0.0,0.0,0.0,0.0
29066,0.0,0.0,0.0,0.0
29067,0.0,0.0,0.0,0.0
29068,0.0,0.0,0.0,0.0
29069,0.0,0.0,0.0,0.0
29070,0.0,0.0,0.0,0.0
29071,0.0,0.0,0.0,0.0
29072,0.0,0.0,0.0,0.0
29073,0.0,0.0,0.0,0.0
29074,0.0,0.0,0.0,0.0
29075,0.0,0.0,0.0,0.0
29076,0.0,0.0,0.0,0.0
29077,0.0,0.0,0.0,0.0
29078,0.0,0.0,0.0,0.0
29079,0.0,0.0,0.0,0.0
29080,0.0,0.0,0.0,0.0
29081,0.0,0.0,0.0,0.0
29082,0.0,0.0,0.0,0.0
29083,0.0,0.0,0.0,0.0
29084,0.0,0.0,0.0,0.0
29085,0.0,0.0,0.0,0.0
29086,0.0,0.0,0.0,0.0
29087,0.0,0.0,0.0,0.0
29088,0.0,0.0,0.0,0.0
29089,0.0,0.0,0.0,0.0
29090,0.0,0.0,0.0,0.0
29091,0.0,0.0,0.0,0.0
29092,0.0,0.0,0.0,0.0
29093,0.0,0.0,0.0,0.0
29094,0.0,0.0,0.0,0.0
29095,0.0,0.0,0.0,0.0
29096,0.0,0.0,0.0,0.0
29097,0.0,0.0,0.0,0.0
29098,0.0,0.0,0.0,0.0
29099,0.0,0.0,0.0,0.0
29100,0.0,0.0,0.0,0.0
29101,0.0,0.0,0.0,0.0
29102,0.0,0.0,0.0,0.0
29103,0.0,0.0,0.0,0.0
29104,0.0,0.0,0.0,0.0
29105,0.0,0.0,0.0,0.0
29106,0.0,0.0,0.0,0.0
29107,0.0,0.0,0.0,0.0
29108,0.0,0.0,0.0,0.0
29109,0.0,0.0,0.0,0.0
29110,0.0,0.0,0.0,0.0
29111,0.0,0.0,0.0,0.0
29112,0.0,0.0,0.0,0.0
29113,0.0,0.0,0.0,0.0
29114,0.0,0.0,0.0,0.0
29115,0.0,0.0,0.0,0.0
29116,0.0,0.0,0.0,0.0
29117,0.0,0.0,0.0,0.0
29118,0.0,0.0,0.0,0.0
29119,0.0,0.0,0.0,0.0
29120,0.0,0.0,0.0,0.0
29121,0.0,0.0,0.0,0.0
29122,0.0,0.0,0.0,0.0
29123,0.0,0.0,0.0,0.0
29124,0.0,0.0,0.0,0.0
29125,0.0,0.0,0.0,0.0
29126,0.0,0.0,0.0,0.0
29127,0.0,0.0,0.0,0.0
29128,0.0,0.0,0.0,0.0
29129,0.0,0.0,0.0,0.0
29130,0.0,0.0,0.0,0.0
29131,0.0,0.0,0.0,0.0
29132,0.0,0.0,0.0,0.0
29133,0.0,0.0,0.0,0.0
29134,0.0,0.0,0.0,0.0
29135,0.0,0.0,0.0,0.0
29136,0.0,0.0,0.0,0.0
29137,0.0,0.0,0.0,0.0
29138,0.0,0.0,0.0,0.0
29139,0.0,0.0,0.0,0.0
29140,0.0,0.0,0.0,0.0
29141,0.0,0.0,0.0,0.0
29142,0.0,0.0,0.0,0.0
29143,0.0,0.0,0.0,0.0
29144,0.0,0.0,0.0,0.0
29145,0.0,0.0,0.0,0.0
29146,0.0,0.0,0.0,0.0
29147,0.0,0.0,0.0,0.0
29148,0.0,0.0,0.0,0.0
29149,0.0,0.0,0.0,0.0
29150,0.0,0.0,0.0,0.0
29151,0.0,0.0,0.0,0.0
29152,0.0,0.0,0.0,0.0
29153,0.0,0.0,0.0,0.0
29154,0.0,0.0,0.0,0.0
29155,0.0,0.0,0.0,0.0
29156,0.0,0.0,0.0,0.0
29157,0.0,0.0,0.0,0.0
29158,0.0,0.0,0.0,0.0
29159,0.0,0.0,0.0,0.0
29160,0.0,0.0,0.0,0.0
29161,0.0,0.0,0.0,0.0
29162,0.0,0.0,0.0,0.0
29163,0.0,0.0,0.0,0.0
29164,0.0,0.0,0.0,0.0
29165,0.0,0.0,0.0,0.0
29166,0.0,0.0,0.0,0.0
29167,0.0,0.0,0.0,0.0
29168,0.0,0.0,0.0,0.0
29169,0.0,0.0,0.0,0.0
29170,0.0,0.0,0.0,0.0
29171,0.0,0.0,0.0,0.0
29172,0.0,0.0,0.0,0.0
29173,0.0,0.0,0.0,0.0
29174,0.0,0.0,0.0,0.0
29175,0.0,0.0,0.0,0.0
29176,0.0,0.0,0.0,0.0
29177,0.0,0.0,0.0,0.0
29178,0.0,0.0,0.0,0.0
29179,0.0,0.0,0.0,0.0
29180,0.0,0.0,0.0,0.0
29181,0.0,0.0,0.0,0.0
29182,0.0,0.0,0.0,0.0
29183,0.0,0.0,0.0,0.0
29184,0.0,0.0,0.0,0.0
29185,0.0,0.0,0.0,0.0
29186,0.0,0.0,0.0,0.0
29187,0.0,0.0,0.0,0.0
29188,0.0,0.0,0.0,0.0
29189,0.0,0.0,0.0,0.0
29190,0.0,0.0,0.0,0.0
29191,0.0,0.0,0.0,0.0
29192,0.0,0.0,0.0,0.0
29193,0.0,0.0,0.0,0.0
29194,0.0,0.0,0.0,0.0
29195,0.0,0.0,0.0,0.0
29196,0.0,0.0,0.0,0.0
29197,0.0,0.0,0.0,0.0
29198,0.0,0.0,0.0,0.0
29199,0.0,0.0,0.0,0.0
29200,0.0,0.0,0.0,0.0
29201,0.0,0.0,0.0,0.0
29202,0.0,0.0,0.0,0.0
29203,0.0,0.0,0.0,0.0
29204,0.0,0.0,0.0,0.0
29205,0.0,0.0,0.0,0.0
29206,0.0,0.0,0.0,0.0
29207,0.0,0.0,0.0,0.0
29208,0.0,0.0,0.0,0.0
29209,0.0,0.0,0.0,0.0
29210,0.0,0.0,0.0,0.0
29211,0.0,0.0,0.0,0.0
29212,0.0,0.0,0.0,0.0
29213,0.0,0.0,0.0,0.0
29214,0.0,0.0,0.0,0.0
29215,0.0,0.0,0.0,0.0
29216,0.0,0.0,0.0,0.0
29217,0.0,0.0,0.0,0.0
29218,0.0,0.0,0.0,0.0
29219,0.0,0.0,0.0,0.0
29220,0.0,0.0,0.0,0.0
29221,0.0,0.0,0.0,0.0
29222,0.0,0.0,0.0,0.0
29223,0.0,0.0,0.0,0.0
29224,0.0,0.0,0.0,0.0
29225,0.0,0.0,0.0,0.0
29226,0.0,0.0,0.0,0.0
29227,0.0,0.0,0.0,0.0
29228,0.0,0.0,0.0,0.0
29229,0.0,0.0,0.0,0.0
29230,0.0,0.0,0.0,0.0
29231,0.0,0.0,0.0,0.0
29232,0.0,0.0,0.0,0.0
29233,0.0,0.0,0.0,0.0
29234,0.0,0.0,0.0,0.0
29235,0.0,0.0,0.0,0.0
29236,0.0,0.0,0.0,0.0
29237,0.0,0.0,0.0,0.0
29238,0.0,0.0,0.0,0.0
29239,0.0,0.0,0.0,0.0
29240,0.0,0.0,0.0,0.0
29241,0.0,0.0,0.0,0.0
29242,0.0,0.0,0.0,0.0
29243,0.0,0.0,0.0,0.0
29244,0.0,0.0,0.0,0.0
29245,0.0,0.0,0.0,0.0
29246,0.0,0.0,0.0,0.0
29247,0.0,0.0,0.0,0.0
29248,0.0,0.0,0.0,0.0
29249,0.0,0.0,0.0,0.0
29250,0.0,0.0,0.0,0.0
29251,0.0,0.0,0.0,0.0
29252,0.0,0.0,0.0,0.0
29253,0.0,0.0,0.0,0.0
29254,0.0,0.0,0.0,0.0
29255,0.0,0.0,0.0,0.0
29256,0.0,0.0,0.0,0.0
29257,0.0,0.0,0.0,0.0
29258,0.0,0.0,0.0,0.0
29259,0.0,0.0,0.0,0.0
29260,0.0,0.0,0.0,0.0
29261,0.0,0.0,0.0,0.0
29262,0.0,0.0,0.0,0.0
29263,0.0,0.0,0.0,0.0
29264,0.0,0.0,0.0,0.0
29265,0.0,0.0,0.0,0.0
29266,0.0,0.0,0.0,0.0
29267,0.0,0.0,0.0,0.0
29268,0.0,0.0,0.0,0.0
29269,0.0,0.0,0.0,0.0
29270,0.0,0.0,0.0,0.0
29271,0.0,0.0,0.0,0.0
29272,0.0,0.0,0.0,0.0
29273,0.0,0.0,0.0,0.0
29274,0.0,0.0,0.0,0.0
29275,0.0,0.0,0.0,0.0
29276,0.0,0.0,0.0,0.0
29277,0.0,0.0,0.0,0.0
29278,0.0,0.0,0.0,0.0
29279,0.0,0.0,0.0,0.0
29280,0.0,0.0,0.0,0.0
29281,0.0,0.0,0.0,0.0
29282,0.0,0.0,0.0,0.0
29283,0.0,0.0,0.0,0.0
29284,0.0,0.0,0.0,0.0
29285,0.0,0.0,0.0,0.0
29286,0.0,0.0,0.0,0.0
29287,0.0,0.0,0.0,0.0
29288,0.0,0.0,0.0,0.0
29289,0.0,0.0,0.0,0.0
29290,0.0,0.0,0.0,0.0
29291,0.0,0.0,0.0,0.0
29292,0.0,0.0,0.0,0.0
29293,0.0,0.0,0.0,0.0
29294,0.0,0.0,0.0,0.0
29295,0.0,0.0,0.0,0.0
29296,0.0,0.0,0.0,0.0
29297,0.0,0.0,0.0,0.0
29298,0.0,0.0,0.0,0.0
29299,0.0,0.0,0.0,0.0
29300,0.0,0.0,0.0,0.0
29301,0.0,0.0,0.0,0.0
29302,0.0,0.0,0.0,0.0
29303,0.0,0.0,0.0,0.0
29304,0.0,0.0,0.0,0.0
29305,0.0,0.0,0.0,0.0
29306,0.0,0.0,0.0,0.0
29307,0.0,0.0,0.0,0.0
29308,0.0,0.0,0.0,0.0
29309,0.0,0.0,0.0,0.0
29310,0.0,0.0,0.0,0.0
29311,0.0,0.0,0.0,0.0
29312,0.0,0.0,0.0,0.0
29313,0.0,0.0,0.0,0.0
29314,0.0,0.0,0.0,0.0
29315,0.0,0.0,0.0,0.0
29316,0.0,0.0,0.0,0.0
29317,0.0,0.0,0.0,0.0
29318,0.0,0.0,0.0,0.0
29319,0.0,0.0,0.0,0.0
29320,0.0,0.0,0.0,0.0
29321,0.0,0.0,0.0,0.0
29322,0.0,0.0,0.0,0.0
29323,0.0,0.0,0.0,0.0
29324,0.0,0.0,0.0,0.0
29325,0.0,0.0,0.0,0.0
29326,0.0,0.0,0.0,0.0
29327,0.0,0.0,0.0,0.0
29328,0.0,0.0,0.0,0.0
29329,0.0,0.0,0.0,0.0
29330,0.0,0.0,0.0,0.0
29331,0.0,0.0,0.0,0.0
29332,0.0,0.0,0.0,0.0
29333,0.0,0.0,0.0,0.0
29334,0.0,0.0,0.0,0.0
29335,0.0,0.0,0.0,0.0
29336,0.0,0.0,0.0,0.0
29337,0.0,0.0,0.0,0.0
29338,0.0,0.0,0.0,0.0
29339,0.0,0.0,0.0,0.0
29340,0.0,0.0,0.0,0.0
29341,0.0,0.0,0.0,0.0
29342,0.0,0.0,0.0,0.0
29343,0.0,0.0,0.0,0.0
29344,0.0,0.0,0.0,0.0
29345,0.0,0.0,0.0,0.0
29346,0.0,0.0,0.0,0.0
29347,0.0,0.0,0.0,0.0
29348,0.0,0.0,0.0,0.0
29349,0.0,0.0,0.0,0.0
29350,0.0,0.0,0.0,0.0
29351,0.0,0.0,0.0,0.0
29352,0.0,0.0,0.0,0.0
29353,0.0,0.0,0.0,0.0
29354,0.0,0.0,0.0,0.0
29355,0.0,0.0,0.0,0.0
29356,0.0,0.0,0.0,0.0
29357,0.0,0.0,0.0,0.0
29358,0.0,0.0,0.0,0.0
29359,0.0,0.0,0.0,0.0
29360,0.0,0.0,0.0,0.0
29361,0.0,0.0,0.0,0.0
29362,0.0,0.0,0.0,0.0
29363,0.0,0.0,0.0,0.0
29364,0.0,0.0,0.0,0.0
29365,0.0,0.0,0.0,0.0
29366,0.0,0.0,0.0,0.0
29367,0.0,0.0,0.0,0.0
29368,0.0,0.0,0.0,0.0
29369,0.0,0.0,0.0,0.0
29370,0.0,0.0,0.0,0.0
29371,0.0,0.0,0.0,0.0
29372,0.0,0.0,0.0,0.0
29373,0.0,0.0,0.0,0.0
29374,0.0,0.0,0.0,0.0
29375,0.0,0.0,0.0,0.0
29376,0.0,0.0,0.0,0.0
29377,0.0,0.0,0.0,0.0
29378,0.0,0.0,0.0,0.0
29379,0.0,0.0,0.0,0.0
29380,0.0,0.0,0.0,0.0
29381,0.0,0.0,0.0,0.0
29382,0.0,0.0,0.0,0.0
29383,0.0,0.0,0.0,0.0
29384,0.0,0.0,0.0,0.0
29385,0.0,0.0,0.0,0.0
29386,0.0,0.0,0.0,0.0
29387,0.0,0.0,0.0,0.0
29388,0.0,0.0,0.0,0.0
29389,0.0,0.0,0.0,0.0
29390,0.0,0.0,0.0,0.0
29391,0.0,0.0,0.0,0.0
29392,0.0,0.0,0.0,0.0
29393,0.0,0.0,0.0,0.0
29394,0.0,0.0,0.0,0.0
29395,0.0,0.0,0.0,0.0
29396,0.0,0.0,0.0,0.0
29397,0.0,0.0,0.0,0.0
29398,0.0,0.0,0.0,0.0
29399,0.0,0.0,0.0,0.0
29400,0.0,0.0,0.0,0.0
29401,0.0,0.0,0.0,0.0
29402,0.0,0.0,0.0,0.0
29403,0.0,0.0,0.0,0.0
29404,0.0,0.0,0.0,0.0
29405,0.0,0.0,0.0,0.0
29406,0.0,0.0,0.0,0.0
29407,0.0,0.0,0.0,0.0
29408,0.0,0.0,0.0,0.0
29409,0.0,0.0,0.0,0.0
29410,0.0,0.0,0.0,0.0
29411,0.0,0.0,0.0,0.0
29412,0.0,0.0,0.0,0.0
29413,0.0,0.0,0.0,0.0
29414,0.0,0.0,0.0,0.0
29415,0.0,0.0,0.0,0.0
29416,0.0,0.0,0.0,0.0
29417,0.0,0.0,0.0,0.0
29418,0.0,0.0,0.0,0.0
29419,0.0,0.0,0.0,0.0
29420,0.0,0.0,0.0,0.0
29421,0.0,0.0,0.0,0.0
29422,0.0,0.0,0.0,0.0
29423,0.0,0.0,0.0,0.0
29424,0.0,0.0,0.0,0.0
29425,0.0,0.0,0.0,0.0
29426,0.0,0.0,0.0,0.0
29427,0.0,0.0,0.0,0.0
29428,0.0,0.0,0.0,0.0
29429,0.0,0.0,0.0,0.0
29430,0.0,0.0,0.0,0.0
29431,0.0,0.0,0.0,0.0
29432,0.0,0.0,0.0,0.0
29433,0.0,0.0,0.0,0.0
29434,0.0,0.0,0.0,0.0
29435,0.0,0.0,0.0,0.0
29436,0.0,0.0,0.0,0.0
29437,0.0,0.0,0.0,0.0
29438,0.0,0.0,0.0,0.0
29439,0.0,0.0,0.0,0.0
29440,0.0,0.0,0.0,0.0
29441,0.0,0.0,0.0,0.0
29442,0.0,0.0,0.0,0.0
29443,0.0,0.0,0.0,0.0
29444,0.0,0.0,0.0,0.0
29445,0.0,0.0,0.0,0.0
29446,0.0,0.0,0.0,0.0
29447,0.0,0.0,0.0,0.0
29448,0.0,0.0,0.0,0.0
29449,0.0,0.0,0.0,0.0
29450,0.0,0.0,0.0,0.0
29451,0.0,0.0,0.0,0.0
29452,0.0,0.0,0.0,0.0
29453,0.0,0.0,0.0,0.0
29454,0.0,0.0,0.0,0.0
29455,0.0,0.0,0.0,0.0
29456,0.0,0.0,0.0,0.0
29457,0.0,0.0,0.0,0.0
29458,0.0,0.0,0.0,0.0
29459,0.0,0.0,0.0,0.0
29460,0.0,0.0,0.0,0.0
29461,0.0,0.0,0.0,0.0
29462,0.0,0.0,0.0,0.0
29463,0.0,0.0,0.0,0.0
29464,0.0,0.0,0.0,0.0
29465,0.0,0.0,0.0,0.0
29466,0.0,0.0,0.0,0.0
29467,0.0,0.0,0.0,0.0
29468,0.0,0.0,0.0,0.0
29469,0.0,0.0,0.0,0.0
29470,0.0,0.0,0.0,0.0
29471,0.0,0.0,0.0,0.0
29472,0.0,0.0,0.0,0.0
29473,0.0,0.0,0.0,0.0
29474,0.0,0.0,0.0,0.0
29475,0.0,0.0,0.0,0.0
29476,0.0,0.0,0.0,0.0
29477,0.0,0.0,0.0,0.0
29478,0.0,0.0,0.0,0.0
29479,0.0,0.0,0.0,0.0
29480,0.0,0.0,0.0,0.0
29481,0.0,0.0,0.0,0.0
29482,0.0,0.0,0.0,0.0
29483,0.0,0.0,0.0,0.0
29484,0.0,0.0,0.0,0.0
29485,0.0,0.0,0.0,0.0
29486,0.0,0.0,0.0,0.0
29487,0.0,0.0,0.0,0.0
29488,0.0,0.0,0.0,0.0
29489,0.0,0.0,0.0,0.0
29490,0.0,0.0,0.0,0.0
29491,0.0,0.0,0.0,0.0
29492,0.0,0.0,0.0,0.0
29493,0.0,0.0,0.0,0.0
29494,0.0,0.0,0.0,0.0
29495,0.0,0.0,0.0,0.0
29496,0.0,0.0,0.0,0.0
29497,0.0,0.0,0.0,0.0
29498,0.0,0.0,0.0,0.0
29499,0.0,0.0,0.0,0.0
29500,0.0,0.0,0.0,0.0
29501,0.0,0.0,0.0,0.0
29502,0.0,0.0,0.0,0.0
29503,0.0,0.0,0.0,0.0
29504,0.0,0.0,0.0,0.0
29505,0.0,0.0,0.0,0.0
29506,0.0,0.0,0.0,0.0
29507,0.0,0.0,0.0,0.0
29508,0.0,0.0,0.0,0.0
29509,0.0,0.0,0.0,0.0
29510,0.0,0.0,0.0,0.0
29511,0.0,0.0,0.0,0.0
29512,0.0,0.0,0.0,0.0
29513,0.0,0.0,0.0,0.0
29514,0.0,0.0,0.0,0.0
29515,0.0,0.0,0.0,0.0
29516,0.0,0.0,0.0,0.0
29517,0.0,0.0,0.0,0.0
29518,0.0,0.0,0.0,0.0
29519,0.0,0.0,0.0,0.0
29520,0.0,0.0,0.0,0.0
29521,0.0,0.0,0.0,0.0
29522,0.0,0.0,0.0,0.0
29523,0.0,0.0,0.0,0.0
29524,0.0,0.0,0.0,0.0
29525,0.0,0.0,0.0,0.0
29526,0.0,0.0,0.0,0.0
29527,0.0,0.0,0.0,0.0
29528,0.0,0.0,0.0,0.0
29529,0.0,0.0,0.0,0.0
29530,0.0,0.0,0.0,0.0
29531,0.0,0.0,0.0,0.0
29532,0.0,0.0,0.0,0.0
29533,0.0,0.0,0.0,0.0
29534,0.0,0.0,0.0,0.0
29535,0.0,0.0,0.0,0.0
29536,0.0,0.0,0.0,0.0
29537,0.0,0.0,0.0,0.0
29538,0.0,0.0,0.0,0.0
29539,0.0,0.0,0.0,0.0
29540,0.0,0.0,0.0,0.0
29541,0.0,0.0,0.0,0.0
29542,0.0,0.0,0.0,0.0
29543,0.0,0.0,0.0,0.0
29544,0.0,0.0,0.0,0.0
29545,0.0,0.0,0.0,0.0
29546,0.0,0.0,0.0,0.0
29547,0.0,0.0,0.0,0.0
29548,0.0,0.0,0.0,0.0
29549,0.0,0.0,0.0,0.0
29550,0.0,0.0,0.0,0.0
29551,0.0,0.0,0.0,0.0
29552,0.0,0.0,0.0,0.0
29553,0.0,0.0,0.0,0.0
29554,0.0,0.0,0.0,0.0
29555,0.0,0.0,0.0,0.0
29556,0.0,0.0,0.0,0.0
29557,0.0,0.0,0.0,0.0
29558,0.0,0.0,0.0,0.0
29559,0.0,0.0,0.0,0.0
29560,0.0,0.0,0.0,0.0
29561,0.0,0.0,0.0,0.0
29562,0.0,0.0,0.0,0.0
29563,0.0,0.0,0.0,0.0
29564,0.0,0.0,0.0,0.0
29565,0.0,0.0,0.0,0.0
29566,0.0,0.0,0.0,0.0
29567,0.0,0.0,0.0,0.0
29568,0.0,0.0,0.0,0.0
29569,0.0,0.0,0.0,0.0
29570,0.0,0.0,0.0,0.0
29571,0.0,0.0,0.0,0.0
29572,0.0,0.0,0.0,0.0
29573,0.0,0.0,0.0,0.0
29574,0.0,0.0,0.0,0.0
29575,0.0,0.0,0.0,0.0
29576,0.0,0.0,0.0,0.0
29577,0.0,0.0,0.0,0.0
29578,0.0,0.0,0.0,0.0
29579,0.0,0.0,0.0,0.0
29580,0.0,0.0,0.0,0.0
29581,0.0,0.0,0.0,0.0
29582,0.0,0.0,0.0,0.0
29583,0.0,0.0,0.0,0.0
29584,0.0,0.0,0.0,0.0
29585,0.0,0.0,0.0,0.0
29586,0.0,0.0,0.0,0.0
29587,0.0,0.0,0.0,0.0
29588,0.0,0.0,0.0,0.0
29589,0.0,0.0,0.0,0.0
29590,0.0,0.0,0.0,0.0
29591,0.0,0.0,0.0,0.0
29592,0.0,0.0,0.0,0.0
29593,0.0,0.0,0.0,0.0
29594,0.0,0.0,0.0,0.0
29595,0.0,0.0,0.0,0.0
29596,0.0,0.0,0.0,0.0
29597,0.0,0.0,0.0,0.0
29598,0.0,0.0,0.0,0.0
29599,0.0,0.0,0.0,0.0
29600,0.0,0.0,0.0,0.0
29601,0.0,0.0,0.0,0.0
29602,0.0,0.0,0.0,0.0
29603,0.0,0.0,0.0,0.0
29604,0.0,0.0,0.0,0.0
29605,0.0,0.0,0.0,0.0
29606,0.0,0.0,0.0,0.0
29607,0.0,0.0,0.0,0.0
29608,0.0,0.0,0.0,0.0
29609,0.0,0.0,0.0,0.0
29610,0.0,0.0,0.0,0.0
29611,0.0,0.0,0.0,0.0
29612,0.0,0.0,0.0,0.0
29613,0.0,0.0,0.0,0.0
29614,0.0,0.0,0.0,0.0
29615,0.0,0.0,0.0,0.0
29616,0.0,0.0,0.0,0.0
29617,0.0,0.0,0.0,0.0
29618,0.0,0.0,0.0,0.0
29619,0.0,0.0,0.0,0.0
29620,0.0,0.0,0.0,0.0
29621,0.0,0.0,0.0,0.0
29622,0.0,0.0,0.0,0.0
29623,0.0,0.0,0.0,0.0
29624,0.0,0.0,0.0,0.0
29625,0.0,0.0,0.0,0.0
29626,0.0,0.0,0.0,0.0
29627,0.0,0.0,0.0,0.0
29628,0.0,0.0,0.0,0.0
29629,0.0,0.0,0.0,0.0
29630,0.0,0.0,0.0,0.0
29631,0.0,0.0,0.0,0.0
29632,0.0,0.0,0.0,0.0
29633,0.0,0.0,0.0,0.0
29634,0.0,0.0,0.0,0.0
29635,0.0,0.0,0.0,0.0
29636,0.0,0.0,0.0,0.0
29637,0.0,0.0,0.0,0.0
29638,0.0,0.0,0.0,0.0
29639,0.0,0.0,0.0,0.0
29640,0.0,0.0,0.0,0.0
29641,0.0,0.0,0.0,0.0
29642,0.0,0.0,0.0,0.0
29643,0.0,0.0,0.0,0.0
29644,0.0,0.0,0.0,0.0
29645,0.0,0.0,0.0,0.0
29646,0.0,0.0,0.0,0.0
29647,0.0,0.0,0.0,0.0
29648,0.0,0.0,0.0,0.0
29649,0.0,0.0,0.0,0.0
29650,0.0,0.0,0.0,0.0
29651,0.0,0.0,0.0,0.0
29652,0.0,0.0,0.0,0.0
29653,0.0,0.0,0.0,0.0
29654,0.0,0.0,0.0,0.0
29655,0.0,0.0,0.0,0.0
29656,0.0,0.0,0.0,0.0
29657,0.0,0.0,0.0,0.0
29658,0.0,0.0,0.0,0.0
29659,0.0,0.0,0.0,0.0
29660,0.0,0.0,0.0,0.0
29661,0.0,0.0,0.0,0.0
29662,0.0,0.0,0.0,0.0
29663,0.0,0.0,0.0,0.0
29664,0.0,0.0,0.0,0.0
29665,0.0,0.0,0.0,0.0
29666,0.0,0.0,0.0,0.0
29667,0.0,0.0,0.0,0.0
29668,0.0,0.0,0.0,0.0
29669,0.0,0.0,0.0,0.0
29670,0.0,0.0,0.0,0.0
29671,0.0,0.0,0.0,0.0
29672,0.0,0.0,0.0,0.0
29673,0.0,0.0,0.0,0.0
29674,0.0,0.0,0.0,0.0
29675,0.0,0.0,0.0,0.0
29676,0.0,0.0,0.0,0.0
29677,0.0,0.0,0.0,0.0
29678,0.0,0.0,0.0,0.0
29679,0.0,0.0,0.0,0.0
29680,0.0,0.0,0.0,0.0
29681,0.0,0.0,0.0,0.0
29682,0.0,0.0,0.0,0.0
29683,0.0,0.0,0.0,0.0
29684,0.0,0.0,0.0,0.0
29685,0.0,0.0,0.0,0.0
29686,0.0,0.0,0.0,0.0
29687,0.0,0.0,0.0,0.0
29688,0.0,0.0,0.0,0.0
29689,0.0,0.0,0.0,0.0
29690,0.0,0.0,0.0,0.0
29691,0.0,0.0,0.0,0.0
29692,0.0,0.0,0.0,0.0
29693,0.0,0.0,0.0,0.0
29694,0.0,0.0,0.0,0.0
29695,0.0,0.0,0.0,0.0
29696,0.0,0.0,0.0,0.0
29697,0.0,0.0,0.0,0.0
29698,0.0,0.0,0.0,0.0
29699,0.0,0.0,0.0,0.0
29700,0.0,0.0,0.0,0.0
29701,0.0,0.0,0.0,0.0
29702,0.0,0.0,0.0,0.0
29703,0.0,0.0,0.0,0.0
29704,0.0,0.0,0.0,0.0
29705,0.0,0.0,0.0,0.0
29706,0.0,0.0,0.0,0.0
29707,0.0,0.0,0.0,0.0
29708,0.0,0.0,0.0,0.0
29709,0.0,0.0,0.0,0.0
29710,0.0,0.0,0.0,0.0
29711,0.0,0.0,0.0,0.0
29712,0.0,0.0,0.0,0.0
29713,0.0,0.0,0.0,0.0
29714,0.0,0.0,0.0,0.0
29715,0.0,0.0,0.0,0.0
29716,0.0,0.0,0.0,0.0
29717,0.0,0.0,0.0,0.0
29718,0.0,0.0,0.0,0.0
29719,0.0,0.0,0.0,0.0
29720,0.0,0.0,0.0,0.0
29721,0.0,0.0,0.0,0.0
29722,0.0,0.0,0.0,0.0
29723,0.0,0.0,0.0,0.0
29724,0.0,0.0,0.0,0.0
29725,0.0,0.0,0.0,0.0
29726,0.0,0.0,0.0,0.0
29727,0.0,0.0,0.0,0.0
29728,0.0,0.0,0.0,0.0
29729,0.0,0.0,0.0,0.0
29730,0.0,0.0,0.0,0.0
29731,0.0,0.0,0.0,0.0
29732,0.0,0.0,0.0,0.0
29733,0.0,0.0,0.0,0.0
29734,0.0,0.0,0.0,0.0
29735,0.0,0.0,0.0,0.0
29736,0.0,0.0,0.0,0.0
29737,0.0,0.0,0.0,0.0
29738,0.0,0.0,0.0,0.0
29739,0.0,0.0,0.0,0.0
29740,0.0,0.0,0.0,0.0
29741,0.0,0.0,0.0,0.0
29742,0.0,0.0,0.0,0.0
29743,0.0,0.0,0.0,0.0
29744,0.0,0.0,0.0,0.0
29745,0.0,0.0,0.0,0.0
29746,0.0,0.0,0.0,0.0
29747,0.0,0.0,0.0,0.0
29748,0.0,0.0,0.0,0.0
29749,0.0,0.0,0.0,0.0
29750,0.0,0.0,0.0,0.0
29751,0.0,0.0,0.0,0.0
29752,0.0,0.0,0.0,0.0
29753,0.0,0.0,0.0,0.0
29754,0.0,0.0,0.0,0.0
29755,0.0,0.0,0.0,0.0
29756,0.0,0.0,0.0,0.0
29757,0.0,0.0,0.0,0.0
29758,0.0,0.0,0.0,0.0
29759,0.0,0.0,0.0,0.0
29760,0.0,0.0,0.0,0.0
29761,0.0,0.0,0.0,0.0
29762,0.0,0.0,0.0,0.0
29763,0.0,0.0,0.0,0.0
29764,0.0,0.0,0.0,0.0
29765,0.0,0.0,0.0,0.0
29766,0.0,0.0,0.0,0.0
29767,0.0,0.0,0.0,0.0
29768,0.0,0.0,0.0,0.0
29769,0.0,0.0,0.0,0.0
29770,0.0,0.0,0.0,0.0
29771,0.0,0.0,0.0,0.0
29772,0.0,0.0,0.0,0.0
29773,0.0,0.0,0.0,0.0
29774,0.0,0.0,0.0,0.0
29775,0.0,0.0,0.0,0.0
29776,0.0,0.0,0.0,0.0
29777,0.0,0.0,0.0,0.0
29778,0.0,0.0,0.0,0.0
29779,0.0,0.0,0.0,0.0
29780,0.0,0.0,0.0,0.0
29781,0.0,0.0,0.0,0.0
29782,0.0,0.0,0.0,0.0
29783,0.0,0.0,0.0,0.0
29784,0.0,0.0,0.0,0.0
29785,0.0,0.0,0.0,0.0
29786,0.0,0.0,0.0,0.0
29787,0.0,0.0,0.0,0.0
29788,0.0,0.0,0.0,0.0
29789,0.0,0.0,0.0,0.0
29790,0.0,0.0,0.0,0.0
29791,0.0,0.0,0.0,0.0
29792,0.0,0.0,0.0,0.0
29793,0.0,0.0,0.0,0.0
29794,0.0,0.0,0.0,0.0
29795,0.0,0.0,0.0,0.0
29796,0.0,0.0,0.0,0.0
29797,0.0,0.0,0.0,0.0
29798,0.0,0.0,0.0,0.0
29799,0.0,0.0,0.0,0.0
29800,0.0,0.0,0.0,0.0
29801,0.0,0.0,0.0,0.0
29802,0.0,0.0,0.0,0.0
29803,0.0,0.0,0.0,0.0
29804,0.0,0.0,0.0,0.0
29805,0.0,0.0,0.0,0.0
29806,0.0,0.0,0.0,0.0
29807,0.0,0.0,0.0,0.0
29808,0.0,0.0,0.0,0.0
29809,0.0,0.0,0.0,0.0
29810,0.0,0.0,0.0,0.0
29811,0.0,0.0,0.0,0.0
29812,0.0,0.0,0.0,0.0
29813,0.0,0.0,0.0,0.0
29814,0.0,0.0,0.0,0.0
29815,0.0,0.0,0.0,0.0
29816,0.0,0.0,0.0,0.0
29817,0.0,0.0,0.0,0.0
29818,0.0,0.0,0.0,0.0
29819,0.0,0.0,0.0,0.0
29820,0.0,0.0,0.0,0.0
29821,0.0,0.0,0.0,0.0
29822,0.0,0.0,0.0,0.0
29823,0.0,0.0,0.0,0.0
29824,0.0,0.0,0.0,0.0
29825,0.0,0.0,0.0,0.0
29826,0.0,0.0,0.0,0.0
29827,0.0,0.0,0.0,0.0
29828,0.0,0.0,0.0,0.0
29829,0.0,0.0,0.0,0.0
29830,0.0,0.0,0.0,0.0
29831,0.0,0.0,0.0,0.0
29832,0.0,0.0,0.0,0.0
29833,0.0,0.0,0.0,0.0
29834,0.0,0.0,0.0,0.0
29835,0.0,0.0,0.0,0.0
29836,0.0,0.0,0.0,0.0
29837,0.0,0.0,0.0,0.0
29838,0.0,0.0,0.0,0.0
29839,0.0,0.0,0.0,0.0
29840,0.0,0.0,0.0,0.0
29841,0.0,0.0,0.0,0.0
29842,0.0,0.0,0.0,0.0
29843,0.0,0.0,0.0,0.0
29844,0.0,0.0,0.0,0.0
29845,0.0,0.0,0.0,0.0
29846,0.0,0.0,0.0,0.0
29847,0.0,0.0,0.0,0.0
29848,0.0,0.0,0.0,0.0
29849,0.0,0.0,0.0,0.0
29850,0.0,0.0,0.0,0.0
29851,0.0,0.0,0.0,0.0
29852,0.0,0.0,0.0,0.0
29853,0.0,0.0,0.0,0.0
29854,0.0,0.0,0.0,0.0
29855,0.0,0.0,0.0,0.0
29856,0.0,0.0,0.0,0.0
29857,0.0,0.0,0.0,0.0
29858,0.0,0.0,0.0,0.0
29859,0.0,0.0,0.0,0.0
29860,0.0,0.0,0.0,0.0
29861,0.0,0.0,0.0,0.0
29862,0.0,0.0,0.0,0.0
29863,0.0,0.0,0.0,0.0
29864,0.0,0.0,0.0,0.0
29865,0.0,0.0,0.0,0.0
29866,0.0,0.0,0.0,0.0
29867,0.0,0.0,0.0,0.0
29868,0.0,0.0,0.0,0.0
29869,0.0,0.0,0.0,0.0
29870,0.0,0.0,0.0,0.0
29871,0.0,0.0,0.0,0.0
29872,0.0,0.0,0.0,0.0
29873,0.0,0.0,0.0,0.0
29874,0.0,0.0,0.0,0.0
29875,0.0,0.0,0.0,0.0
29876,0.0,0.0,0.0,0.0
29877,0.0,0.0,0.0,0.0
29878,0.0,0.0,0.0,0.0
29879,0.0,0.0,0.0,0.0
29880,0.0,0.0,0.0,0.0
29881,0.0,0.0,0.0,0.0
29882,0.0,0.0,0.0,0.0
29883,0.0,0.0,0.0,0.0
29884,0.0,0.0,0.0,0.0
29885,0.0,0.0,0.0,0.0
29886,0.0,0.0,0.0,0.0
29887,0.0,0.0,0.0,0.0
29888,0.0,0.0,0.0,0.0
29889,0.0,0.0,0.0,0.0
29890,0.0,0.0,0.0,0.0
29891,0.0,0.0,0.0,0.0
29892,0.0,0.0,0.0,0.0
29893,0.0,0.0,0.0,0.0
29894,0.0,0.0,0.0,0.0
29895,0.0,0.0,0.0,0.0
29896,0.0,0.0,0.0,0.0
29897,0.0,0.0,0.0,0.0
29898,0.0,0.0,0.0,0.0
29899,0.0,0.0,0.0,0.0
29900,0.0,0.0,0.0,0.0
29901,0.0,0.0,0.0,0.0
29902,0.0,0.0,0.0,0.0
29903,0.0,0.0,0.0,0.0
29904,0.0,0.0,0.0,0.0
29905,0.0,0.0,0.0,0.0
29906,0.0,0.0,0.0,0.0
29907,0.0,0.0,0.0,0.0
29908,0.0,0.0,0.0,0.0
29909,0.0,0.0,0.0,0.0
29910,0.0,0.0,0.0,0.0
29911,0.0,0.0,0.0,0.0
29912,0.0,0.0,0.0,0.0
29913,0.0,0.0,0.0,0.0
29914,0.0,0.0,0.0,0.0
29915,0.0,0.0,0.0,0.0
29916,0.0,0.0,0.0,0.0
29917,0.0,0.0,0.0,0.0
29918,0.0,0.0,0.0,0.0
29919,0.0,0.0,0.0,0.0
29920,0.0,0.0,0.0,0.0
29921,0.0,0.0,0.0,0.0
29922,0.0,0.0,0.0,0.0
29923,0.0,0.0,0.0,0.0
29924,0.0,0.0,0.0,0.0
29925,0.0,0.0,0.0,0.0
29926,0.0,0.0,0.0,0.0
29927,0.0,0.0,0.0,0.0
29928,0.0,0.0,0.0,0.0
29929,0.0,0.0,0.0,0.0
29930,0.0,0.0,0.0,0.0
29931,0.0,0.0,0.0,0.0
29932,0.0,0.0,0.0,0.0
29933,0.0,0.0,0.0,0.0
29934,0.0,0.0,0.0,0.0
29935,0.0,0.0,0.0,0.0
29936,0.0,0.0,0.0,0.0
29937,0.0,0.0,0.0,0.0
29938,0.0,0.0,0.0,0.0
29939,0.0,0.0,0.0,0.0
29940,0.0,0.0,0.0,0.0
29941,0.0,0.0,0.0,0.0
29942,0.0,0.0,0.0,0.0
29943,0.0,0.0,0.0,0.0
29944,0.0,0.0,0.0,0.0
29945,0.0,0.0,0.0,0.0
29946,0.0,0.0,0.0,0.0
29947,0.0,0.0,0.0,0.0
29948,0.0,0.0,0.0,0.0
29949,0.0,0.0,0.0,0.0
29950,0.0,0.0,0.0,0.0
29951,0.0,0.0,0.0,0.0
29952,0.0,0.0,0.0,0.0
29953,0.0,0.0,0.0,0.0
29954,0.0,0.0,0.0,0.0
29955,0.0,0.0,0.0,0.0
29956,0.0,0.0,0.0,0.0
29957,0.0,0.0,0.0,0.0
29958,0.0,0.0,0.0,0.0
29959,0.0,0.0,0.0,0.0
29960,0.0,0.0,0.0,0.0
29961,0.0,0.0,0.0,0.0
29962,0.0,0.0,0.0,0.0
29963,0.0,0.0,0.0,0.0
29964,0.0,0.0,0.0,0.0
29965,0.0,0.0,0.0,0.0
29966,0.0,0.0,0.0,0.0
29967,0.0,0.0,0.0,0.0
29968,0.0,0.0,0.0,0.0
29969,0.0,0.0,0.0,0.0
29970,0.0,0.0,0.0,0.0
29971,0.0,0.0,0.0,0.0
29972,0.0,0.0,0.0,0.0
29973,0.0,0.0,0.0,0.0
29974,0.0,0.0,0.0,0.0
29975,0.0,0.0,0.0,0.0
29976,0.0,0.0,0.0,0.0
29977,0.0,0.0,0.0,0.0
29978,0.0,0.0,0.0,0.0
29979,0.0,0.0,0.0,0.0
29980,0.0,0.0,0.0,0.0
29981,0.0,0.0,0.0,0.0
29982,0.0,0.0,0.0,0.0
29983,0.0,0.0,0.0,0.0
29984,0.0,0.0,0.0,0.0
29985,0.0,0.0,0.0,0.0
29986,0.0,0.0,0.0,0.0
29987,0.0,0.0,0.0,0.0
29988,0.0,0.0,0.0,0.0
29989,0.0,0.0,0.0,0.0
29990,0.0,0.0,0.0,0.0
29991,0.0,0.0,0.0,0.0
29992,0.0,0.0,0.0,0.0
29993,0.0,0.0,0.0,0.0
29994,0.0,0.0,0.0,0.0
29995,0.0,0.0,0.0,0.0
29996,0.0,0.0,0.0,0.0
29997,0.0,0.0,0.0,0.0
29998,0.0,0.0,0.0,0.0
29999,0.0,0.0,0.0,0.0
